0  -0.040000
1   0.010000
2  -0.030000
3   0.070000
4  -0.020000
5   0.080000
6   0.010000
7  -0.065000
8   0.030000
9  -0.060000
10   0.010000
11   0.040000
12  -0.050000
13  -0.035000
14   0.000000
15  -0.075000
16   0.065000
17   0.060000
18  -0.005000
19  -0.015000
20   0.050000
21  -0.030000
22   0.105000
23  -0.050000
24  -0.055000
25  -0.045000
26   0.025000
27  -0.070000
28   0.015000
29  -0.085000
30   0.095000
31   0.050000
32   0.020000
33   0.055000
34   0.055000
35  -0.030000
36  -0.050000
37   0.020000
38  -0.050000
39  -0.015000
40  -0.015000
41   0.020000
42   0.005000
43   0.040000
44  -0.120000
45  -0.015000
46   0.025000
47   0.050000
48  -0.065000
49   0.060000
50  -0.035000
51  -0.040000
52  -0.005000
53  -0.010000
54   0.075000
55  -0.065000
56   0.035000
57   0.060000
58   0.050000
59  -0.045000
60  -0.025000
61   0.045000
62   0.105000
63  -0.020000
64   0.095000
65   0.150000
66  -0.050000
67  -0.060000
68  -0.020000
69  -0.010000
70   0.000000
71  -0.035000
72  -0.015000
73   0.000000
74   0.060000
75   0.120000
76   0.020000
77  -0.020000
78   0.030000
79  -0.010000
80  -0.035000
81   0.035000
82   0.050000
83  -0.025000
84   0.055000
85   0.060000
86  -0.015000
87   0.045000
88   0.080000
89   0.050000
90   0.080000
91  -0.005000
92  -0.020000
93  -0.015000
94   0.015000
95  -0.050000
96   0.015000
97   0.035000
98  -0.095000
99  -0.025000
100  -0.075000
101   0.055000
102   0.010000
103  -0.040000
104   0.005000
105   0.050000
106  -0.065000
107  -0.020000
108  -0.070000
109   0.005000
110  -0.020000
111  -0.010000
112  -0.100000
113  -0.045000
114   0.040000
115   0.035000
116  -0.015000
117  -0.060000
118   0.025000
119  -0.050000
120   0.020000
121   0.025000
122   0.055000
123   0.090000
124   0.075000
125   0.015000
126   0.020000
127   0.015000
128   0.010000
129   0.080000
130  -0.080000
131   0.000000
132  -0.020000
133   0.025000
134  -0.035000
135  -0.025000
136   0.110000
137  -0.055000
138  -0.025000
139   0.000000
140  -0.020000
141   0.000000
142  -0.035000
143  -0.030000
144  -0.020000
145  -0.020000
146  -0.090000
147   0.005000
148  -0.050000
149  -0.075000
150   0.020000
151  -0.025000
152  -0.010000
153  -0.080000
154   0.065000
155   0.045000
156  -0.095000
157   0.030000
158   0.015000
159  -0.125000
160  -0.050000
161  -0.005000
162   0.045000
163  -0.020000
164  -0.050000
165  -0.035000
166  -0.015000
167   0.045000
168  -0.005000
169  -0.070000
170  -0.045000
171   0.030000
172  -0.050000
173   0.095000
174  -0.010000
175  -0.040000
176  -0.080000
177   0.045000
178   0.025000
179   0.010000
180  -0.040000
181  -0.060000
182  -0.075000
183  -0.035000
184  -0.015000
185   0.075000
186   0.035000
187  -0.060000
188  -0.005000
189  -0.030000
190   0.010000
191  -0.015000
192   0.005000
193  -0.005000
194   0.060000
195   0.000000
196  -0.025000
197   0.020000
198   0.005000
199  -0.020000
200   0.040000
201  -0.055000
202  -0.010000
203   0.050000
204   0.035000
205   0.030000
206  -0.000000
207  -0.030000
208  -0.040000
209   0.040000
210  -0.020000
211   0.015000
212   0.020000
213  -0.080000
214   0.050000
215  -0.060000
216   0.010000
217   0.040000
218   0.050000
219  -0.010000
220  -0.015000
221  -0.000000
222   0.005000
223  -0.025000
224   0.105000
225   0.070000
226   0.055000
227   0.085000
228   0.030000
229   0.080000
230   0.065000
231   0.020000
232  -0.005000
233   0.020000
234  -0.020000
235   0.010000
236   0.055000
237  -0.035000
238   0.055000
239  -0.040000
240  -0.010000
241   0.000000
242   0.015000
243  -0.085000
244   0.005000
245   0.010000
246   0.010000
247   0.020000
248  -0.005000
249  -0.085000
250   0.050000
251   0.005000
252  -0.015000
253   0.075000
254  -0.040000
255  -0.045000
256  -0.045000
257  -0.060000
258   0.015000
259   0.065000
260  -0.000000
261  -0.055000
262   0.065000
263  -0.020000
264  -0.055000
265  -0.020000
266  -0.075000
267  -0.050000
268  -0.075000
269   0.000000
270  -0.070000
271  -0.095000
272   0.000000
273  -0.005000
274   0.005000
275   0.035000
276   0.040000
277   0.015000
278   0.035000
279   0.025000
280  -0.055000
281   0.030000
282  -0.035000
283  -0.070000
284   0.045000
285   0.055000
286   0.085000
287  -0.065000
288   0.065000
289  -0.030000
290   0.045000
291   0.050000
292  -0.010000
293   0.065000
294  -0.045000
295   0.020000
296   0.060000
297  -0.105000
298   0.055000
299   0.025000
300  -0.060000
301   0.010000
302  -0.035000
303  -0.060000
304  -0.045000
305   0.005000
306  -0.000000
307   0.025000
308   0.040000
309  -0.040000
310  -0.010000
311  -0.040000
312   0.055000
313   0.040000
314  -0.085000
315  -0.055000
316  -0.015000
317   0.070000
318  -0.015000
319   0.015000
320  -0.020000
321   0.040000
322  -0.045000
323  -0.055000
324  -0.075000
325   0.010000
326  -0.010000
327  -0.010000
328   0.045000
329  -0.045000
330  -0.010000
331  -0.040000
332   0.010000
333  -0.005000
334  -0.055000
335  -0.075000
336  -0.000000
337   0.055000
338  -0.040000
339   0.040000
340  -0.050000
341   0.010000
342  -0.010000
343  -0.035000
344  -0.015000
345   0.030000
346  -0.000000
347  -0.060000
348   0.015000
349  -0.050000
350   0.055000
351  -0.015000
352  -0.040000
353   0.025000
354   0.015000
355  -0.045000
356  -0.055000
357  -0.010000
358   0.010000
359   0.055000
360  -0.035000
361  -0.135000
362  -0.005000
363  -0.015000
364   0.050000
365  -0.030000
366   0.045000
367  -0.040000
368   0.105000
369   0.070000
370  -0.035000
371  -0.020000
372   0.090000
373  -0.010000
374   0.020000
375   0.010000
376   0.035000
377  -0.045000
378  -0.005000
379  -0.040000
380  -0.045000
381   0.060000
382  -0.010000
383   0.075000
384  -0.015000
385  -0.050000
386  -0.015000
387   0.070000
388   0.025000
389   0.050000
390   0.050000
391  -0.015000
392  -0.025000
393  -0.015000
394   0.045000
395  -0.050000
396  -0.050000
397  -0.060000
398   0.065000
399  -0.035000
400  -0.040000
401   0.110000
402  -0.020000
403   0.020000
404  -0.035000
405   0.060000
406   0.105000
407  -0.040000
408   0.040000
409   0.005000
410   0.025000
411   0.000000
412   0.040000
413  -0.055000
414  -0.095000
415  -0.000000
416   0.040000
417   0.070000
418  -0.050000
419   0.020000
420   0.015000
421   0.000000
422   0.015000
423  -0.045000
424  -0.040000
425  -0.170000
426  -0.045000
427   0.070000
428   0.050000
429  -0.040000
430   0.015000
431  -0.045000
432   0.025000
433  -0.040000
434   0.040000
435   0.045000
436   0.030000
437   0.040000
438  -0.035000
439  -0.060000
440  -0.035000
441  -0.020000
442   0.035000
443  -0.020000
444   0.025000
445   0.060000
446   0.010000
447   0.075000
448  -0.105000
449  -0.010000
450  -0.025000
451  -0.050000
452   0.035000
453   0.040000
454   0.015000
455   0.090000
456  -0.050000
457   0.020000
458   0.055000
459   0.070000
460   0.040000
461  -0.025000
462  -0.005000
463   0.015000
464   0.060000
465   0.000000
466  -0.020000
467   0.005000
468   0.030000
469  -0.005000
470  -0.065000
471   0.040000
472   0.120000
473   0.020000
474   0.010000
475  -0.070000
476   0.045000
477  -0.080000
478   0.000000
479  -0.050000
480  -0.025000
481   0.020000
482  -0.030000
483   0.015000
484  -0.055000
485   0.080000
486  -0.110000
487   0.020000
488   0.025000
489  -0.035000
490   0.100000
491   0.075000
492   0.025000
493   0.005000
494  -0.065000
495   0.015000
496   0.040000
497   0.015000
498   0.045000
499   0.005000
500  -0.030000
-499  -0.020000
-498  -0.050000
-497   0.085000
-496  -0.015000
-495  -0.025000
-494   0.045000
-493  -0.005000
-492  -0.005000
-491  -0.050000
-490  -0.045000
-489  -0.020000
-488  -0.045000
-487   0.015000
-486  -0.055000
-485   0.030000
-484   0.020000
-483   0.055000
-482  -0.060000
-481  -0.015000
-480  -0.035000
-479  -0.070000
-478   0.030000
-477   0.015000
-476  -0.045000
-475   0.010000
-474  -0.075000
-473   0.015000
-472  -0.005000
-471   0.005000
-470  -0.025000
-469  -0.075000
-468   0.085000
-467   0.010000
-466  -0.040000
-465   0.000000
-464  -0.015000
-463  -0.065000
-462   0.000000
-461   0.015000
-460  -0.075000
-459   0.070000
-458   0.055000
-457   0.075000
-456   0.030000
-455   0.065000
-454  -0.030000
-453   0.100000
-452  -0.065000
-451  -0.090000
-450  -0.050000
-449  -0.015000
-448   0.015000
-447   0.020000
-446   0.025000
-445   0.065000
-444   0.025000
-443  -0.105000
-442   0.030000
-441   0.030000
-440   0.045000
-439  -0.005000
-438  -0.025000
-437   0.120000
-436  -0.005000
-435   0.000000
-434   0.035000
-433   0.055000
-432   0.065000
-431   0.025000
-430   0.055000
-429  -0.090000
-428  -0.015000
-427   0.070000
-426  -0.025000
-425   0.020000
-424   0.000000
-423  -0.020000
-422  -0.015000
-421   0.045000
-420   0.050000
-419   0.065000
-418  -0.040000
-417  -0.030000
-416  -0.035000
-415  -0.015000
-414  -0.060000
-413   0.020000
-412  -0.025000
-411   0.085000
-410   0.050000
-409   0.030000
-408   0.025000
-407  -0.025000
-406   0.000000
-405  -0.005000
-404   0.010000
-403  -0.035000
-402  -0.000000
-401   0.045000
-400  -0.045000
-399  -0.035000
-398  -0.015000
-397   0.035000
-396   0.050000
-395  -0.005000
-394   0.040000
-393  -0.010000
-392  -0.075000
-391  -0.025000
-390  -0.055000
-389  -0.045000
-388   0.100000
-387   0.010000
-386   0.035000
-385   0.025000
-384   0.005000
-383   0.010000
-382   0.070000
-381  -0.005000
-380  -0.060000
-379  -0.050000
-378  -0.005000
-377   0.070000
-376  -0.010000
-375   0.050000
-374  -0.020000
-373   0.025000
-372  -0.030000
-371  -0.010000
-370  -0.060000
-369  -0.025000
-368   0.070000
-367  -0.000000
-366  -0.000000
-365   0.060000
-364  -0.050000
-363  -0.065000
-362   0.045000
-361   0.005000
-360   0.035000
-359   0.025000
-358  -0.025000
-357   0.055000
-356   0.040000
-355   0.015000
-354  -0.025000
-353  -0.050000
-352   0.005000
-351  -0.010000
-350   0.045000
-349   0.035000
-348   0.035000
-347  -0.010000
-346  -0.050000
-345  -0.040000
-344  -0.050000
-343   0.035000
-342   0.010000
-341   0.100000
-340   0.045000
-339   0.010000
-338  -0.010000
-337   0.055000
-336  -0.005000
-335  -0.000000
-334  -0.005000
-333   0.055000
-332   0.030000
-331   0.000000
-330  -0.045000
-329  -0.090000
-328  -0.055000
-327   0.050000
-326   0.005000
-325   0.040000
-324  -0.035000
-323   0.070000
-322   0.025000
-321  -0.035000
-320  -0.045000
-319  -0.060000
-318  -0.015000
-317  -0.075000
-316   0.115000
-315   0.020000
-314  -0.060000
-313   0.025000
-312   0.035000
-311   0.035000
-310  -0.045000
-309  -0.000000
-308   0.030000
-307   0.040000
-306   0.045000
-305   0.020000
-304  -0.125000
-303  -0.090000
-302   0.025000
-301  -0.010000
-300   0.060000
-299   0.115000
-298   0.015000
-297  -0.020000
-296  -0.085000
-295   0.050000
-294   0.035000
-293  -0.060000
-292   0.005000
-291   0.015000
-290  -0.025000
-289  -0.020000
-288   0.075000
-287  -0.030000
-286  -0.055000
-285  -0.120000
-284   0.090000
-283   0.060000
-282  -0.040000
-281   0.015000
-280   0.070000
-279   0.070000
-278  -0.110000
-277  -0.080000
-276  -0.020000
-275   0.005000
-274   0.020000
-273   0.005000
-272   0.025000
-271   0.030000
-270   0.015000
-269  -0.025000
-268  -0.010000
-267  -0.030000
-266   0.080000
-265   0.060000
-264  -0.105000
-263  -0.015000
-262  -0.040000
-261  -0.045000
-260  -0.010000
-259  -0.035000
-258  -0.005000
-257   0.005000
-256   0.000000
-255   0.070000
-254   0.060000
-253  -0.040000
-252   0.000000
-251   0.060000
-250  -0.025000
-249  -0.010000
-248  -0.015000
-247   0.030000
-246  -0.025000
-245  -0.070000
-244   0.080000
-243   0.040000
-242   0.010000
-241  -0.105000
-240   0.030000
-239   0.070000
-238   0.020000
-237  -0.060000
-236   0.005000
-235   0.050000
-234   0.025000
-233   0.015000
-232  -0.005000
-231   0.075000
-230   0.050000
-229  -0.020000
-228  -0.060000
-227  -0.015000
-226   0.030000
-225   0.020000
-224  -0.080000
-223   0.010000
-222  -0.075000
-221  -0.025000
-220  -0.010000
-219   0.005000
-218  -0.005000
-217   0.010000
-216   0.040000
-215  -0.010000
-214  -0.090000
-213   0.020000
-212  -0.050000
-211   0.000000
-210   0.020000
-209   0.020000
-208   0.080000
-207   0.040000
-206  -0.050000
-205  -0.045000
-204   0.050000
-203  -0.010000
-202   0.000000
-201   0.015000
-200   0.025000
-199  -0.125000
-198   0.055000
-197   0.005000
-196  -0.025000
-195  -0.010000
-194  -0.045000
-193  -0.025000
-192   0.140000
-191   0.110000
-190   0.025000
-189   0.010000
-188  -0.020000
-187  -0.065000
-186  -0.020000
-185  -0.030000
-184   0.050000
-183   0.010000
-182   0.010000
-181  -0.010000
-180  -0.015000
-179  -0.100000
-178  -0.000000
-177   0.065000
-176   0.050000
-175   0.025000
-174   0.020000
-173  -0.050000
-172  -0.040000
-171  -0.060000
-170  -0.025000
-169   0.050000
-168  -0.010000
-167  -0.070000
-166   0.045000
-165  -0.095000
-164  -0.025000
-163  -0.030000
-162   0.050000
-161   0.015000
-160  -0.005000
-159   0.025000
-158   0.005000
-157   0.045000
-156  -0.100000
-155  -0.050000
-154   0.060000
-153  -0.005000
-152  -0.080000
-151  -0.015000
-150   0.055000
-149  -0.120000
-148   0.035000
-147  -0.005000
-146  -0.075000
-145   0.030000
-144  -0.020000
-143  -0.015000
-142  -0.015000
-141   0.035000
-140  -0.035000
-139   0.030000
-138   0.090000
-137  -0.030000
-136  -0.110000
-135   0.050000
-134   0.025000
-133  -0.055000
-132  -0.040000
-131   0.010000
-130  -0.010000
-129  -0.005000
-128   0.040000
-127   0.030000
-126   0.025000
-125  -0.070000
-124  -0.025000
-123   0.060000
-122   0.025000
-121  -0.040000
-120   0.035000
-119   0.040000
-118   0.000000
-117   0.010000
-116  -0.005000
-115   0.035000
-114   0.050000
-113   0.030000
-112   0.035000
-111   0.060000
-110  -0.065000
-109   0.035000
-108  -0.070000
-107   0.080000
-106  -0.045000
-105   0.025000
-104  -0.025000
-103   0.010000
-102  -0.030000
-101  -0.070000
-100   0.020000
-99  -0.040000
-98   0.015000
-97   0.030000
-96  -0.060000
-95  -0.005000
-94   0.030000
-93  -0.090000
-92  -0.075000
-91  -0.110000
-90  -0.035000
-89   0.025000
-88  -0.100000
-87  -0.015000
-86   0.030000
-85   0.080000
-84  -0.105000
-83  -0.020000
-82  -0.150000
-81  -0.050000
-80   0.050000
-79   0.130000
-78  -0.070000
-77  -0.045000
-76  -0.070000
-75   0.055000
-74   0.015000
-73   0.045000
-72  -0.035000
-71  -0.020000
-70   0.060000
-69  -0.015000
-68   0.030000
-67   0.010000
-66  -0.010000
-65   0.035000
-64   0.035000
-63   0.065000
-62   0.050000
-61   0.075000
-60  -0.015000
-59   0.070000
-58   0.050000
-57  -0.025000
-56  -0.095000
-55  -0.005000
-54   0.010000
-53  -0.020000
-52   0.025000
-51  -0.005000
-50  -0.060000
-49   0.035000
-48   0.005000
-47   0.015000
-46   0.015000
-45   0.025000
-44   0.015000
-43   0.030000
-42   0.040000
-41  -0.065000
-40   0.050000
-39  -0.130000
-38   0.010000
-37  -0.025000
-36   0.005000
-35  -0.080000
-34  -0.025000
-33   0.005000
-32  -0.045000
-31  -0.040000
-30  -0.055000
-29  -0.045000
-28  -0.035000
-27   0.005000
-26  -0.135000
-25  -0.010000
-24   0.015000
-23   0.050000
-22  -0.000000
-21   0.110000
-20  -0.030000
-19   0.075000
-18   0.020000
-17  -0.035000
-16   0.100000
-15  -0.065000
-14  -0.040000
-13   0.050000
-12  -0.105000
-11   0.055000
-10  -0.015000
-9  -0.065000
-8   0.005000
-7   0.010000
-6  -0.000000
-5   0.005000
-4   0.035000
-3   0.035000
-2   0.080000
-1  -0.035000
