0   0.020000
1  -0.025000
2   0.035000
3  -0.035000
4   0.045000
5   0.005000
6   0.010000
7   0.075000
8   0.055000
9   0.040000
10   0.005000
11   0.010000
12   0.025000
13   0.060000
14  -0.095000
15   0.015000
16   0.140000
17   0.070000
18   0.050000
19   0.055000
20  -0.070000
21  -0.045000
22   0.015000
23   0.030000
24  -0.045000
25  -0.050000
26   0.045000
27  -0.130000
28   0.020000
29  -0.080000
30   0.005000
31  -0.040000
32   0.040000
33   0.000000
34  -0.115000
35   0.025000
36   0.095000
37  -0.025000
38   0.055000
39  -0.050000
40  -0.040000
41  -0.105000
42   0.050000
43  -0.030000
44   0.025000
45   0.055000
46   0.005000
47   0.010000
48  -0.035000
49   0.045000
50   0.060000
51  -0.060000
52  -0.035000
53  -0.040000
54   0.090000
55   0.045000
56  -0.080000
57   0.125000
58  -0.010000
59  -0.020000
60  -0.055000
61  -0.020000
62  -0.035000
63  -0.035000
64   0.025000
65  -0.010000
66   0.055000
67  -0.100000
68   0.065000
69   0.025000
70  -0.025000
71   0.025000
72  -0.000000
73   0.030000
74   0.025000
75   0.045000
76   0.020000
77  -0.030000
78  -0.000000
79   0.085000
80  -0.025000
81   0.035000
82  -0.005000
83  -0.110000
84   0.005000
85  -0.000000
86   0.005000
87   0.010000
88   0.030000
89   0.070000
90  -0.040000
91  -0.055000
92  -0.050000
93  -0.005000
94   0.075000
95   0.020000
96   0.005000
97   0.045000
98   0.010000
99   0.030000
100   0.000000
101   0.050000
102  -0.025000
103  -0.065000
104  -0.040000
105   0.030000
106  -0.085000
107   0.020000
108  -0.035000
109   0.025000
110  -0.005000
111  -0.015000
112   0.020000
113  -0.025000
114  -0.045000
115  -0.070000
116  -0.000000
117  -0.020000
118  -0.055000
119   0.000000
120   0.045000
121  -0.000000
122  -0.020000
123   0.035000
124   0.115000
125   0.075000
126   0.010000
127  -0.010000
128   0.035000
129  -0.125000
130  -0.025000
131  -0.065000
132   0.070000
133   0.155000
134  -0.015000
135  -0.055000
136  -0.015000
137  -0.030000
138   0.050000
139  -0.030000
140   0.110000
141  -0.015000
142   0.020000
143   0.085000
144   0.070000
145  -0.020000
146   0.020000
147  -0.025000
148  -0.060000
149  -0.035000
150   0.005000
151  -0.005000
152   0.030000
153  -0.020000
154  -0.010000
155  -0.005000
156  -0.090000
157  -0.155000
158   0.015000
159   0.045000
160   0.015000
161  -0.055000
162   0.030000
163   0.005000
164   0.080000
165  -0.095000
166  -0.030000
167  -0.090000
168  -0.085000
169   0.115000
170   0.025000
171  -0.005000
172  -0.055000
173   0.005000
174  -0.025000
175   0.020000
176  -0.015000
177  -0.060000
178  -0.075000
179  -0.010000
180  -0.035000
181  -0.005000
182  -0.010000
183  -0.035000
184   0.035000
185  -0.080000
186  -0.045000
187  -0.035000
188   0.075000
189   0.005000
190   0.090000
191   0.070000
192  -0.005000
193  -0.110000
194   0.015000
195  -0.015000
196   0.040000
197  -0.060000
198   0.070000
199   0.000000
200  -0.010000
201   0.015000
202  -0.025000
203   0.050000
204  -0.035000
205  -0.040000
206  -0.005000
207   0.005000
208   0.035000
209   0.020000
210   0.045000
211  -0.070000
212   0.015000
213   0.090000
214   0.065000
215  -0.010000
216   0.050000
217  -0.075000
218   0.075000
219   0.060000
220  -0.000000
221   0.025000
222   0.030000
223  -0.010000
224   0.065000
225   0.000000
226   0.010000
227  -0.035000
228   0.005000
229   0.045000
230   0.010000
231   0.045000
232  -0.000000
233   0.005000
234  -0.010000
235   0.020000
236  -0.075000
237   0.045000
238   0.025000
239   0.085000
240   0.045000
241  -0.075000
242  -0.020000
243  -0.055000
244   0.010000
245  -0.015000
246  -0.005000
247   0.070000
248   0.045000
249   0.015000
250  -0.050000
251  -0.000000
252   0.040000
253   0.095000
254   0.060000
255  -0.005000
256   0.005000
257   0.045000
258  -0.010000
259  -0.050000
260  -0.035000
261   0.070000
262  -0.070000
263  -0.015000
264  -0.085000
265  -0.035000
266   0.040000
267  -0.065000
268  -0.015000
269   0.075000
270  -0.010000
271  -0.085000
272   0.015000
273   0.075000
274  -0.020000
275  -0.045000
276   0.015000
277   0.055000
278  -0.020000
279  -0.100000
280  -0.075000
281   0.035000
282   0.005000
283  -0.030000
284  -0.030000
285  -0.100000
286  -0.050000
287   0.025000
288  -0.020000
289  -0.025000
290   0.085000
291   0.055000
292  -0.065000
293   0.020000
294  -0.075000
295  -0.005000
296   0.055000
297  -0.045000
298   0.025000
299   0.040000
300   0.035000
301  -0.025000
302   0.040000
303   0.145000
304   0.040000
305   0.020000
306  -0.010000
307  -0.015000
308  -0.030000
309   0.040000
310  -0.000000
311   0.000000
312  -0.065000
313   0.065000
314   0.010000
315   0.035000
316   0.030000
317  -0.025000
318   0.075000
319  -0.020000
320   0.075000
321  -0.005000
322   0.005000
323   0.010000
324  -0.010000
325   0.055000
326   0.010000
327  -0.070000
328   0.010000
329  -0.015000
330   0.005000
331   0.080000
332  -0.055000
333  -0.080000
334  -0.050000
335   0.005000
336  -0.005000
337   0.000000
338  -0.085000
339  -0.025000
340   0.010000
341   0.100000
342  -0.045000
343  -0.005000
344   0.080000
345   0.010000
346   0.010000
347  -0.010000
348   0.010000
349   0.015000
350  -0.030000
351  -0.020000
352   0.000000
353   0.000000
354   0.050000
355  -0.015000
356   0.010000
357  -0.035000
358   0.000000
359   0.055000
360   0.000000
361  -0.095000
362   0.045000
363   0.095000
364   0.035000
365   0.025000
366   0.010000
367   0.070000
368  -0.075000
369  -0.035000
370  -0.040000
371   0.090000
372  -0.070000
373  -0.035000
374  -0.090000
375   0.055000
376   0.015000
377   0.005000
378  -0.005000
379   0.025000
380   0.090000
381   0.075000
382   0.010000
383  -0.020000
384  -0.030000
385   0.085000
386  -0.060000
387  -0.040000
388  -0.030000
389   0.070000
390  -0.025000
391   0.035000
392  -0.005000
393  -0.050000
394   0.105000
395   0.065000
396  -0.010000
397  -0.085000
398  -0.025000
399  -0.005000
400  -0.025000
401  -0.115000
402   0.070000
403  -0.060000
404   0.055000
405  -0.015000
406  -0.040000
407  -0.070000
408  -0.015000
409  -0.105000
410  -0.050000
411   0.070000
412   0.020000
413  -0.005000
414  -0.020000
415  -0.045000
416   0.030000
417  -0.025000
418   0.005000
419   0.070000
420  -0.050000
421  -0.030000
422   0.035000
423   0.015000
424  -0.000000
425  -0.040000
426   0.030000
427  -0.030000
428  -0.055000
429   0.075000
430   0.025000
431   0.010000
432  -0.135000
433  -0.020000
434   0.025000
435  -0.005000
436  -0.020000
437   0.005000
438   0.085000
439   0.045000
440  -0.080000
441   0.025000
442   0.035000
443  -0.040000
444  -0.070000
445  -0.060000
446   0.115000
447   0.055000
448   0.055000
449   0.025000
450  -0.020000
451  -0.010000
452   0.020000
453  -0.070000
454   0.045000
455  -0.105000
456   0.010000
457  -0.030000
458   0.025000
459  -0.065000
460   0.040000
461  -0.085000
462   0.095000
463   0.050000
464  -0.010000
465   0.030000
466   0.045000
467  -0.075000
468   0.030000
469  -0.095000
470  -0.055000
471   0.040000
472  -0.050000
473   0.095000
474   0.045000
475  -0.045000
476   0.025000
477   0.030000
478  -0.020000
479  -0.030000
480  -0.030000
481  -0.035000
482  -0.045000
483   0.030000
484  -0.040000
485   0.035000
486   0.025000
487   0.025000
488   0.000000
489   0.010000
490  -0.030000
491   0.035000
492  -0.025000
493  -0.045000
494   0.005000
495  -0.030000
496  -0.005000
497   0.015000
498   0.015000
499   0.015000
500  -0.075000
-499   0.040000
-498   0.045000
-497  -0.050000
-496  -0.025000
-495   0.070000
-494   0.025000
-493   0.010000
-492   0.070000
-491   0.030000
-490   0.030000
-489   0.095000
-488  -0.070000
-487   0.085000
-486   0.035000
-485   0.025000
-484   0.015000
-483  -0.065000
-482  -0.045000
-481   0.030000
-480   0.000000
-479   0.015000
-478  -0.005000
-477  -0.075000
-476   0.000000
-475   0.050000
-474   0.020000
-473   0.010000
-472   0.080000
-471   0.015000
-470   0.080000
-469   0.035000
-468   0.015000
-467   0.090000
-466   0.010000
-465  -0.020000
-464  -0.000000
-463  -0.010000
-462   0.085000
-461   0.065000
-460  -0.045000
-459  -0.020000
-458   0.030000
-457   0.120000
-456  -0.045000
-455   0.065000
-454  -0.015000
-453   0.065000
-452   0.085000
-451  -0.005000
-450  -0.060000
-449   0.080000
-448  -0.090000
-447   0.010000
-446  -0.015000
-445  -0.085000
-444  -0.100000
-443   0.050000
-442   0.040000
-441   0.025000
-440   0.020000
-439   0.105000
-438   0.045000
-437  -0.065000
-436   0.060000
-435   0.065000
-434  -0.015000
-433  -0.025000
-432  -0.065000
-431  -0.050000
-430  -0.060000
-429   0.035000
-428  -0.065000
-427  -0.015000
-426  -0.085000
-425  -0.055000
-424  -0.000000
-423   0.005000
-422   0.040000
-421   0.050000
-420  -0.065000
-419  -0.080000
-418  -0.120000
-417   0.030000
-416   0.035000
-415  -0.070000
-414  -0.000000
-413  -0.050000
-412  -0.010000
-411   0.025000
-410   0.025000
-409  -0.075000
-408  -0.030000
-407  -0.085000
-406   0.030000
-405  -0.095000
-404   0.040000
-403   0.055000
-402  -0.055000
-401   0.040000
-400  -0.040000
-399   0.005000
-398   0.075000
-397   0.000000
-396   0.010000
-395  -0.035000
-394   0.065000
-393   0.100000
-392   0.080000
-391  -0.030000
-390  -0.010000
-389  -0.030000
-388   0.020000
-387  -0.040000
-386  -0.030000
-385  -0.045000
-384  -0.015000
-383   0.010000
-382  -0.115000
-381  -0.070000
-380   0.005000
-379   0.050000
-378   0.070000
-377   0.005000
-376  -0.020000
-375  -0.080000
-374   0.015000
-373  -0.020000
-372  -0.045000
-371   0.065000
-370   0.070000
-369  -0.000000
-368  -0.040000
-367   0.045000
-366  -0.055000
-365   0.025000
-364   0.105000
-363   0.035000
-362   0.000000
-361   0.065000
-360  -0.085000
-359   0.025000
-358  -0.010000
-357  -0.005000
-356  -0.005000
-355   0.055000
-354   0.010000
-353   0.050000
-352  -0.045000
-351   0.050000
-350  -0.055000
-349  -0.095000
-348  -0.040000
-347   0.015000
-346  -0.025000
-345   0.025000
-344   0.000000
-343   0.030000
-342  -0.080000
-341   0.045000
-340  -0.015000
-339  -0.085000
-338   0.060000
-337  -0.055000
-336  -0.010000
-335  -0.015000
-334   0.010000
-333   0.075000
-332  -0.065000
-331  -0.060000
-330  -0.020000
-329   0.005000
-328  -0.040000
-327   0.055000
-326  -0.015000
-325   0.030000
-324  -0.045000
-323  -0.020000
-322  -0.030000
-321   0.020000
-320  -0.025000
-319   0.060000
-318  -0.110000
-317  -0.075000
-316  -0.095000
-315  -0.010000
-314   0.005000
-313  -0.100000
-312   0.055000
-311  -0.050000
-310   0.030000
-309  -0.080000
-308   0.005000
-307  -0.010000
-306   0.065000
-305   0.090000
-304  -0.025000
-303   0.060000
-302  -0.025000
-301  -0.045000
-300   0.125000
-299   0.040000
-298   0.040000
-297   0.020000
-296  -0.040000
-295   0.080000
-294  -0.035000
-293  -0.035000
-292   0.015000
-291   0.105000
-290  -0.035000
-289   0.095000
-288  -0.030000
-287  -0.070000
-286  -0.010000
-285  -0.025000
-284   0.045000
-283  -0.040000
-282  -0.035000
-281  -0.085000
-280   0.055000
-279   0.055000
-278  -0.025000
-277  -0.030000
-276  -0.055000
-275  -0.050000
-274  -0.020000
-273   0.040000
-272   0.005000
-271   0.020000
-270   0.050000
-269  -0.045000
-268   0.015000
-267   0.035000
-266  -0.120000
-265  -0.070000
-264   0.090000
-263  -0.065000
-262  -0.005000
-261   0.035000
-260   0.020000
-259  -0.115000
-258   0.060000
-257  -0.010000
-256  -0.035000
-255   0.045000
-254   0.045000
-253  -0.020000
-252  -0.045000
-251  -0.020000
-250  -0.120000
-249   0.015000
-248  -0.005000
-247  -0.030000
-246   0.000000
-245   0.085000
-244  -0.020000
-243  -0.080000
-242   0.070000
-241  -0.100000
-240   0.040000
-239  -0.015000
-238   0.010000
-237  -0.055000
-236   0.010000
-235  -0.120000
-234   0.005000
-233  -0.090000
-232   0.070000
-231  -0.035000
-230   0.035000
-229   0.020000
-228  -0.030000
-227   0.005000
-226   0.070000
-225   0.035000
-224   0.035000
-223   0.030000
-222  -0.005000
-221  -0.115000
-220  -0.000000
-219   0.015000
-218   0.100000
-217  -0.010000
-216  -0.030000
-215  -0.020000
-214   0.085000
-213   0.020000
-212   0.010000
-211   0.060000
-210  -0.045000
-209  -0.015000
-208  -0.030000
-207  -0.040000
-206  -0.070000
-205   0.070000
-204   0.135000
-203   0.015000
-202   0.045000
-201  -0.090000
-200   0.005000
-199  -0.025000
-198  -0.010000
-197  -0.040000
-196  -0.045000
-195  -0.035000
-194   0.055000
-193   0.030000
-192  -0.040000
-191  -0.085000
-190  -0.070000
-189  -0.025000
-188  -0.050000
-187   0.005000
-186  -0.045000
-185  -0.010000
-184  -0.100000
-183   0.060000
-182  -0.030000
-181   0.015000
-180  -0.020000
-179   0.040000
-178   0.000000
-177  -0.085000
-176   0.100000
-175  -0.045000
-174   0.040000
-173   0.010000
-172  -0.080000
-171  -0.020000
-170   0.005000
-169  -0.040000
-168   0.035000
-167   0.075000
-166  -0.005000
-165  -0.050000
-164   0.035000
-163   0.025000
-162   0.015000
-161   0.030000
-160  -0.095000
-159  -0.060000
-158   0.025000
-157  -0.030000
-156  -0.080000
-155   0.010000
-154   0.040000
-153  -0.005000
-152   0.055000
-151  -0.045000
-150  -0.020000
-149   0.030000
-148  -0.145000
-147   0.005000
-146  -0.010000
-145   0.085000
-144   0.045000
-143  -0.030000
-142   0.070000
-141  -0.025000
-140  -0.005000
-139   0.070000
-138  -0.010000
-137  -0.045000
-136  -0.025000
-135   0.045000
-134   0.005000
-133  -0.035000
-132  -0.095000
-131   0.020000
-130  -0.050000
-129   0.050000
-128   0.020000
-127   0.010000
-126  -0.015000
-125  -0.095000
-124   0.085000
-123   0.070000
-122   0.005000
-121   0.040000
-120  -0.010000
-119  -0.030000
-118  -0.040000
-117   0.030000
-116  -0.010000
-115   0.015000
-114  -0.025000
-113  -0.045000
-112  -0.090000
-111  -0.095000
-110   0.020000
-109   0.015000
-108  -0.130000
-107  -0.015000
-106  -0.090000
-105  -0.095000
-104   0.070000
-103   0.005000
-102  -0.015000
-101  -0.040000
-100   0.090000
-99   0.015000
-98   0.020000
-97   0.085000
-96  -0.010000
-95   0.075000
-94   0.050000
-93  -0.085000
-92  -0.100000
-91  -0.025000
-90  -0.060000
-89  -0.040000
-88  -0.030000
-87   0.010000
-86  -0.040000
-85  -0.080000
-84   0.040000
-83   0.035000
-82  -0.050000
-81   0.035000
-80   0.010000
-79   0.025000
-78  -0.030000
-77  -0.015000
-76  -0.055000
-75   0.020000
-74   0.035000
-73  -0.030000
-72  -0.150000
-71   0.005000
-70  -0.035000
-69  -0.045000
-68   0.005000
-67  -0.020000
-66  -0.005000
-65   0.095000
-64   0.075000
-63  -0.025000
-62  -0.050000
-61   0.015000
-60   0.060000
-59   0.000000
-58   0.005000
-57   0.060000
-56   0.005000
-55  -0.010000
-54   0.005000
-53  -0.075000
-52  -0.095000
-51  -0.040000
-50  -0.040000
-49  -0.045000
-48   0.000000
-47   0.015000
-46   0.045000
-45   0.030000
-44   0.045000
-43   0.050000
-42  -0.075000
-41   0.060000
-40  -0.010000
-39  -0.030000
-38   0.055000
-37   0.015000
-36  -0.025000
-35  -0.030000
-34  -0.100000
-33   0.080000
-32   0.090000
-31  -0.045000
-30  -0.050000
-29  -0.045000
-28  -0.055000
-27  -0.015000
-26  -0.050000
-25  -0.085000
-24   0.040000
-23   0.010000
-22  -0.015000
-21   0.040000
-20   0.050000
-19  -0.005000
-18  -0.055000
-17   0.060000
-16   0.075000
-15  -0.145000
-14   0.100000
-13   0.025000
-12   0.045000
-11   0.025000
-10  -0.020000
-9  -0.020000
-8   0.005000
-7  -0.045000
-6   0.035000
-5  -0.025000
-4   0.070000
-3  -0.040000
-2  -0.015000
-1  -0.080000
