0  -0.065000
1  -0.030000
2  -0.050000
3  -0.030000
4   0.035000
5  -0.070000
6   0.040000
7  -0.125000
8  -0.075000
9  -0.035000
10   0.050000
11  -0.015000
12   0.065000
13  -0.035000
14  -0.040000
15  -0.010000
16   0.025000
17   0.040000
18  -0.015000
19  -0.085000
20  -0.090000
21   0.005000
22   0.075000
23  -0.140000
24  -0.005000
25  -0.030000
26  -0.030000
27  -0.000000
28   0.015000
29  -0.060000
30   0.020000
31  -0.070000
32  -0.065000
33  -0.065000
34   0.005000
35  -0.055000
36   0.055000
37  -0.055000
38   0.035000
39   0.045000
40   0.040000
41   0.045000
42  -0.110000
43  -0.015000
44  -0.025000
45   0.050000
46   0.020000
47  -0.000000
48  -0.010000
49   0.010000
50   0.070000
51   0.015000
52   0.035000
53   0.035000
54  -0.005000
55   0.080000
56   0.040000
57  -0.070000
58   0.045000
59  -0.070000
60  -0.075000
61   0.030000
62   0.000000
63   0.040000
64  -0.000000
65  -0.005000
66  -0.060000
67  -0.030000
68   0.005000
69  -0.105000
70  -0.005000
71   0.055000
72  -0.080000
73   0.015000
74   0.025000
75   0.025000
76   0.010000
77  -0.045000
78   0.000000
79  -0.030000
80  -0.065000
81   0.075000
82   0.030000
83   0.040000
84   0.085000
85   0.020000
86  -0.000000
87  -0.035000
88  -0.015000
89  -0.060000
90   0.050000
91  -0.090000
92  -0.050000
93  -0.100000
94   0.080000
95  -0.035000
96   0.020000
97   0.050000
98  -0.005000
99   0.035000
100  -0.020000
101   0.065000
102  -0.015000
103  -0.015000
104  -0.020000
105   0.020000
106  -0.005000
107  -0.040000
108   0.070000
109  -0.000000
110   0.025000
111  -0.020000
112   0.025000
113  -0.030000
114   0.035000
115   0.080000
116  -0.060000
117   0.030000
118  -0.010000
119   0.070000
120  -0.050000
121  -0.010000
122   0.000000
123  -0.020000
124   0.045000
125  -0.015000
126   0.015000
127  -0.015000
128   0.160000
129   0.090000
130  -0.015000
131   0.025000
132  -0.055000
133  -0.030000
134   0.045000
135  -0.050000
136  -0.070000
137   0.015000
138  -0.005000
139  -0.020000
140  -0.025000
141   0.015000
142   0.070000
143   0.015000
144   0.000000
145   0.040000
146  -0.055000
147   0.055000
148  -0.030000
149  -0.035000
150  -0.010000
151   0.035000
152   0.030000
153   0.095000
154  -0.015000
155  -0.040000
156  -0.090000
157  -0.045000
158  -0.005000
159   0.080000
160   0.065000
161   0.030000
162   0.025000
163   0.045000
164  -0.055000
165  -0.075000
166  -0.045000
167   0.005000
168   0.035000
169  -0.145000
170  -0.095000
171  -0.030000
172   0.010000
173  -0.000000
174  -0.045000
175   0.050000
176   0.070000
177  -0.015000
178   0.010000
179   0.045000
180  -0.010000
181  -0.035000
182  -0.010000
183   0.000000
184  -0.000000
185  -0.005000
186  -0.015000
187  -0.120000
188   0.085000
189  -0.085000
190   0.040000
191   0.005000
192  -0.025000
193  -0.020000
194   0.025000
195  -0.015000
196   0.005000
197  -0.045000
198  -0.015000
199  -0.070000
200   0.010000
201   0.075000
202  -0.035000
203   0.025000
204  -0.015000
205  -0.010000
206  -0.040000
207   0.005000
208  -0.040000
209   0.080000
210  -0.015000
211  -0.045000
212  -0.025000
213  -0.005000
214   0.050000
215   0.015000
216   0.010000
217   0.030000
218  -0.050000
219   0.020000
220   0.045000
221  -0.015000
222  -0.080000
223   0.005000
224  -0.000000
225  -0.045000
226   0.005000
227   0.110000
228   0.070000
229   0.075000
230  -0.085000
231  -0.070000
232   0.065000
233   0.085000
234   0.005000
235  -0.100000
236  -0.025000
237   0.035000
238   0.020000
239  -0.030000
240   0.080000
241  -0.010000
242   0.005000
243  -0.075000
244  -0.035000
245  -0.010000
246  -0.115000
247  -0.010000
248   0.055000
249   0.025000
250  -0.040000
251   0.015000
252  -0.035000
253   0.025000
254   0.045000
255   0.060000
256  -0.055000
257   0.060000
258  -0.030000
259   0.045000
260  -0.030000
261  -0.010000
262  -0.010000
263   0.030000
264   0.020000
265   0.050000
266  -0.015000
267   0.025000
268  -0.080000
269   0.080000
270   0.025000
271   0.075000
272  -0.120000
273  -0.040000
274  -0.040000
275  -0.035000
276   0.015000
277  -0.120000
278   0.015000
279   0.020000
280  -0.020000
281   0.075000
282   0.005000
283  -0.055000
284   0.095000
285  -0.015000
286   0.145000
287   0.015000
288   0.010000
289  -0.030000
290  -0.025000
291   0.030000
292  -0.050000
293  -0.010000
294   0.050000
295   0.030000
296  -0.065000
297  -0.005000
298   0.045000
299   0.005000
300  -0.050000
301  -0.040000
302  -0.045000
303   0.045000
304  -0.085000
305   0.045000
306  -0.040000
307   0.010000
308   0.080000
309  -0.000000
310  -0.005000
311  -0.055000
312  -0.050000
313  -0.020000
314   0.045000
315   0.015000
316  -0.070000
317   0.105000
318   0.015000
319   0.045000
320   0.020000
321   0.005000
322   0.025000
323   0.025000
324   0.020000
325   0.005000
326   0.030000
327  -0.005000
328  -0.045000
329  -0.035000
330   0.005000
331   0.060000
332   0.045000
333  -0.025000
334   0.035000
335  -0.060000
336   0.015000
337  -0.055000
338   0.050000
339  -0.040000
340  -0.010000
341  -0.040000
342   0.005000
343   0.000000
344  -0.020000
345  -0.040000
346  -0.010000
347  -0.075000
348  -0.040000
349   0.080000
350   0.005000
351  -0.025000
352   0.035000
353   0.070000
354   0.010000
355   0.075000
356  -0.085000
357  -0.005000
358   0.020000
359   0.020000
360  -0.075000
361  -0.015000
362   0.075000
363   0.000000
364   0.000000
365   0.035000
366  -0.005000
367  -0.015000
368   0.040000
369  -0.140000
370   0.105000
371  -0.020000
372  -0.020000
373  -0.065000
374  -0.040000
375   0.010000
376   0.085000
377   0.035000
378   0.085000
379   0.000000
380  -0.020000
381   0.050000
382   0.015000
383   0.045000
384   0.010000
385   0.025000
386  -0.020000
387  -0.010000
388   0.020000
389  -0.055000
390  -0.035000
391  -0.035000
392   0.020000
393  -0.030000
394   0.100000
395  -0.010000
396   0.035000
397   0.030000
398   0.025000
399  -0.030000
400   0.005000
401  -0.025000
402   0.030000
403  -0.040000
404   0.020000
405   0.055000
406   0.050000
407  -0.015000
408  -0.015000
409  -0.050000
410   0.055000
411   0.005000
412   0.055000
413   0.060000
414   0.035000
415   0.010000
416  -0.015000
417   0.080000
418   0.065000
419  -0.085000
420  -0.105000
421  -0.040000
422   0.030000
423   0.045000
424  -0.040000
425  -0.035000
426   0.040000
427  -0.020000
428   0.035000
429   0.055000
430   0.125000
431  -0.060000
432   0.045000
433  -0.035000
434  -0.005000
435  -0.055000
436  -0.045000
437  -0.045000
438  -0.030000
439  -0.075000
440   0.030000
441  -0.025000
442  -0.005000
443  -0.010000
444   0.045000
445  -0.085000
446   0.020000
447  -0.035000
448   0.115000
449   0.050000
450   0.025000
451   0.020000
452  -0.035000
453  -0.015000
454   0.000000
455  -0.020000
456  -0.025000
457  -0.005000
458  -0.020000
459  -0.060000
460   0.035000
461  -0.055000
462  -0.050000
463  -0.015000
464   0.005000
465   0.080000
466   0.015000
467   0.075000
468   0.010000
469   0.005000
470  -0.005000
471  -0.040000
472   0.065000
473  -0.025000
474  -0.055000
475   0.055000
476  -0.020000
477   0.020000
478  -0.005000
479   0.045000
480   0.040000
481  -0.045000
482  -0.045000
483   0.040000
484   0.065000
485  -0.015000
486  -0.045000
487  -0.055000
488  -0.015000
489   0.000000
490   0.030000
491   0.035000
492   0.150000
493  -0.040000
494  -0.060000
495  -0.000000
496  -0.050000
497  -0.035000
498  -0.055000
499  -0.010000
500   0.025000
-499  -0.010000
-498  -0.010000
-497  -0.015000
-496   0.060000
-495   0.000000
-494  -0.045000
-493  -0.020000
-492  -0.095000
-491  -0.010000
-490   0.070000
-489  -0.050000
-488   0.060000
-487  -0.005000
-486  -0.045000
-485   0.045000
-484   0.045000
-483  -0.010000
-482  -0.015000
-481  -0.050000
-480  -0.030000
-479   0.060000
-478  -0.065000
-477   0.020000
-476   0.000000
-475   0.000000
-474   0.065000
-473  -0.040000
-472  -0.070000
-471   0.030000
-470   0.010000
-469   0.070000
-468  -0.045000
-467  -0.050000
-466   0.035000
-465   0.010000
-464  -0.050000
-463  -0.040000
-462  -0.050000
-461   0.005000
-460  -0.035000
-459  -0.045000
-458  -0.005000
-457   0.005000
-456   0.000000
-455  -0.020000
-454   0.015000
-453   0.005000
-452   0.005000
-451   0.005000
-450   0.100000
-449   0.105000
-448  -0.030000
-447   0.025000
-446   0.035000
-445  -0.005000
-444   0.010000
-443   0.080000
-442  -0.085000
-441   0.040000
-440   0.055000
-439  -0.030000
-438  -0.025000
-437  -0.025000
-436  -0.020000
-435   0.005000
-434   0.120000
-433   0.080000
-432  -0.090000
-431   0.005000
-430   0.045000
-429   0.040000
-428   0.010000
-427   0.050000
-426   0.050000
-425  -0.010000
-424  -0.060000
-423  -0.035000
-422   0.045000
-421   0.045000
-420  -0.005000
-419  -0.035000
-418   0.035000
-417   0.015000
-416   0.120000
-415   0.055000
-414   0.045000
-413  -0.035000
-412  -0.005000
-411   0.015000
-410  -0.050000
-409  -0.045000
-408   0.030000
-407   0.025000
-406  -0.020000
-405  -0.005000
-404  -0.030000
-403  -0.050000
-402  -0.020000
-401   0.025000
-400  -0.030000
-399   0.000000
-398   0.010000
-397   0.040000
-396   0.010000
-395   0.030000
-394   0.035000
-393  -0.070000
-392  -0.000000
-391   0.040000
-390  -0.025000
-389   0.005000
-388  -0.030000
-387   0.020000
-386   0.065000
-385  -0.005000
-384   0.025000
-383  -0.025000
-382  -0.050000
-381  -0.050000
-380   0.055000
-379  -0.105000
-378  -0.090000
-377  -0.045000
-376   0.005000
-375   0.045000
-374   0.015000
-373  -0.025000
-372   0.000000
-371  -0.050000
-370  -0.065000
-369   0.015000
-368  -0.000000
-367  -0.090000
-366   0.090000
-365   0.040000
-364  -0.020000
-363  -0.040000
-362  -0.035000
-361  -0.025000
-360  -0.060000
-359   0.055000
-358  -0.045000
-357   0.025000
-356  -0.025000
-355  -0.010000
-354  -0.050000
-353  -0.105000
-352  -0.060000
-351   0.015000
-350  -0.030000
-349   0.035000
-348   0.050000
-347  -0.015000
-346  -0.050000
-345   0.005000
-344   0.020000
-343  -0.105000
-342   0.110000
-341  -0.050000
-340  -0.010000
-339  -0.010000
-338   0.010000
-337  -0.005000
-336  -0.065000
-335  -0.020000
-334   0.045000
-333   0.010000
-332  -0.055000
-331  -0.040000
-330   0.095000
-329  -0.045000
-328  -0.015000
-327  -0.020000
-326   0.040000
-325  -0.055000
-324  -0.045000
-323   0.065000
-322   0.090000
-321  -0.015000
-320   0.045000
-319  -0.055000
-318   0.010000
-317  -0.010000
-316  -0.010000
-315  -0.030000
-314  -0.065000
-313   0.060000
-312   0.015000
-311  -0.010000
-310  -0.025000
-309   0.010000
-308  -0.005000
-307   0.035000
-306  -0.005000
-305  -0.040000
-304   0.010000
-303  -0.070000
-302  -0.005000
-301  -0.030000
-300  -0.075000
-299   0.015000
-298  -0.055000
-297   0.045000
-296   0.015000
-295  -0.030000
-294   0.030000
-293  -0.040000
-292  -0.025000
-291   0.045000
-290  -0.020000
-289   0.025000
-288   0.030000
-287   0.010000
-286   0.000000
-285  -0.035000
-284   0.050000
-283   0.040000
-282  -0.010000
-281  -0.030000
-280  -0.010000
-279   0.010000
-278  -0.010000
-277   0.060000
-276   0.020000
-275   0.045000
-274   0.025000
-273   0.050000
-272   0.020000
-271   0.095000
-270  -0.090000
-269   0.020000
-268   0.005000
-267  -0.095000
-266  -0.005000
-265   0.030000
-264  -0.035000
-263   0.015000
-262   0.100000
-261  -0.055000
-260  -0.005000
-259  -0.100000
-258   0.055000
-257   0.020000
-256  -0.010000
-255  -0.065000
-254  -0.015000
-253  -0.040000
-252  -0.005000
-251  -0.115000
-250   0.100000
-249   0.000000
-248  -0.065000
-247   0.020000
-246  -0.040000
-245   0.020000
-244  -0.135000
-243   0.015000
-242   0.050000
-241   0.055000
-240   0.025000
-239  -0.075000
-238  -0.030000
-237   0.065000
-236  -0.065000
-235  -0.055000
-234  -0.005000
-233  -0.005000
-232  -0.035000
-231   0.055000
-230  -0.010000
-229   0.055000
-228   0.000000
-227  -0.070000
-226   0.050000
-225   0.060000
-224   0.040000
-223   0.000000
-222  -0.040000
-221  -0.100000
-220  -0.040000
-219  -0.030000
-218   0.020000
-217   0.035000
-216  -0.090000
-215  -0.015000
-214  -0.035000
-213  -0.045000
-212   0.010000
-211  -0.025000
-210   0.020000
-209  -0.015000
-208  -0.025000
-207  -0.095000
-206   0.070000
-205  -0.005000
-204   0.040000
-203  -0.015000
-202  -0.105000
-201   0.105000
-200   0.070000
-199   0.040000
-198   0.000000
-197   0.005000
-196  -0.040000
-195  -0.035000
-194  -0.035000
-193  -0.055000
-192  -0.005000
-191  -0.040000
-190   0.060000
-189  -0.090000
-188  -0.015000
-187   0.055000
-186   0.015000
-185  -0.025000
-184  -0.010000
-183  -0.045000
-182   0.020000
-181  -0.050000
-180  -0.050000
-179  -0.080000
-178   0.010000
-177  -0.035000
-176  -0.020000
-175  -0.010000
-174  -0.000000
-173   0.025000
-172   0.010000
-171  -0.045000
-170   0.045000
-169   0.035000
-168  -0.035000
-167   0.105000
-166  -0.045000
-165   0.000000
-164   0.030000
-163   0.005000
-162   0.010000
-161  -0.080000
-160   0.010000
-159  -0.025000
-158  -0.035000
-157  -0.005000
-156  -0.030000
-155   0.005000
-154   0.025000
-153  -0.070000
-152  -0.060000
-151  -0.035000
-150  -0.010000
-149  -0.025000
-148   0.040000
-147  -0.025000
-146  -0.075000
-145   0.020000
-144   0.120000
-143  -0.015000
-142   0.040000
-141  -0.105000
-140   0.070000
-139   0.000000
-138  -0.010000
-137   0.015000
-136  -0.000000
-135  -0.005000
-134  -0.015000
-133   0.000000
-132   0.070000
-131   0.045000
-130  -0.050000
-129   0.055000
-128   0.000000
-127  -0.015000
-126   0.090000
-125  -0.045000
-124   0.015000
-123  -0.080000
-122   0.045000
-121   0.020000
-120   0.085000
-119   0.060000
-118  -0.065000
-117   0.055000
-116  -0.005000
-115  -0.085000
-114   0.075000
-113  -0.055000
-112   0.030000
-111   0.070000
-110   0.015000
-109   0.065000
-108   0.010000
-107  -0.030000
-106  -0.015000
-105  -0.020000
-104  -0.045000
-103   0.025000
-102   0.030000
-101   0.020000
-100   0.015000
-99   0.030000
-98   0.010000
-97  -0.035000
-96  -0.095000
-95  -0.080000
-94  -0.075000
-93   0.020000
-92  -0.020000
-91   0.045000
-90  -0.050000
-89   0.005000
-88  -0.010000
-87   0.020000
-86   0.030000
-85   0.040000
-84   0.030000
-83   0.000000
-82  -0.015000
-81   0.020000
-80  -0.030000
-79  -0.045000
-78   0.035000
-77  -0.125000
-76  -0.100000
-75  -0.130000
-74   0.045000
-73  -0.070000
-72  -0.010000
-71  -0.005000
-70  -0.020000
-69   0.055000
-68  -0.015000
-67   0.020000
-66  -0.060000
-65   0.120000
-64   0.025000
-63  -0.035000
-62  -0.015000
-61  -0.015000
-60   0.050000
-59   0.035000
-58   0.035000
-57  -0.060000
-56  -0.015000
-55  -0.010000
-54   0.055000
-53  -0.015000
-52   0.080000
-51  -0.030000
-50  -0.005000
-49  -0.060000
-48   0.000000
-47   0.020000
-46   0.020000
-45  -0.010000
-44  -0.085000
-43   0.015000
-42  -0.015000
-41  -0.045000
-40  -0.045000
-39   0.005000
-38   0.090000
-37  -0.055000
-36  -0.005000
-35   0.050000
-34  -0.015000
-33  -0.030000
-32  -0.035000
-31  -0.010000
-30  -0.020000
-29   0.025000
-28  -0.055000
-27   0.130000
-26  -0.130000
-25  -0.065000
-24  -0.095000
-23   0.125000
-22  -0.015000
-21  -0.105000
-20   0.050000
-19   0.025000
-18  -0.005000
-17  -0.035000
-16  -0.025000
-15   0.040000
-14   0.075000
-13   0.005000
-12   0.060000
-11  -0.040000
-10  -0.040000
-9   0.070000
-8  -0.120000
-7  -0.050000
-6   0.030000
-5  -0.005000
-4  -0.050000
-3   0.055000
-2   0.070000
-1   0.025000
