0   0.030000
1  -0.045000
2   0.025000
3   0.030000
4   0.030000
5   0.020000
6  -0.015000
7   0.005000
8   0.080000
9  -0.030000
10  -0.020000
11  -0.025000
12  -0.040000
13  -0.060000
14   0.065000
15  -0.015000
16   0.005000
17   0.025000
18  -0.050000
19  -0.065000
20  -0.100000
21  -0.050000
22  -0.060000
23  -0.045000
24   0.080000
25   0.035000
26  -0.010000
27  -0.000000
28   0.015000
29  -0.025000
30   0.025000
31   0.090000
32  -0.005000
33   0.045000
34   0.110000
35   0.030000
36  -0.030000
37  -0.080000
38   0.025000
39  -0.020000
40   0.025000
41  -0.035000
42   0.085000
43  -0.045000
44  -0.035000
45   0.015000
46   0.005000
47   0.030000
48  -0.010000
49   0.145000
50   0.050000
51   0.045000
52   0.100000
53  -0.050000
54   0.035000
55  -0.005000
56   0.025000
57  -0.030000
58  -0.055000
59  -0.060000
60   0.095000
61   0.000000
62  -0.040000
63   0.055000
64  -0.000000
65   0.000000
66   0.010000
67   0.030000
68   0.065000
69   0.065000
70   0.040000
71   0.005000
72  -0.005000
73   0.025000
74   0.050000
75  -0.035000
76  -0.030000
77  -0.100000
78  -0.015000
79  -0.025000
80  -0.020000
81  -0.100000
82  -0.020000
83  -0.060000
84  -0.010000
85  -0.000000
86  -0.050000
87   0.020000
88   0.030000
89   0.045000
90   0.040000
91   0.015000
92  -0.045000
93   0.005000
94  -0.070000
95  -0.005000
96  -0.015000
97  -0.020000
98   0.010000
99  -0.050000
100  -0.060000
101   0.025000
102   0.055000
103  -0.000000
104  -0.120000
105  -0.005000
106  -0.010000
107   0.015000
108   0.075000
109  -0.010000
110   0.060000
111   0.010000
112   0.070000
113  -0.065000
114  -0.030000
115   0.020000
116   0.055000
117   0.005000
118   0.050000
119   0.010000
120   0.000000
121   0.005000
122   0.055000
123   0.040000
124   0.035000
125   0.045000
126   0.015000
127  -0.040000
128   0.025000
129  -0.005000
130   0.040000
131  -0.060000
132  -0.020000
133  -0.010000
134   0.025000
135  -0.055000
136   0.020000
137  -0.070000
138  -0.025000
139  -0.005000
140   0.070000
141  -0.080000
142   0.025000
143   0.020000
144   0.010000
145   0.060000
146   0.015000
147  -0.010000
148   0.030000
149   0.015000
150  -0.030000
151   0.050000
152  -0.100000
153   0.020000
154  -0.020000
155   0.055000
156  -0.005000
157   0.040000
158  -0.045000
159  -0.020000
160   0.085000
161  -0.100000
162   0.055000
163   0.050000
164   0.100000
165  -0.035000
166  -0.080000
167  -0.010000
168   0.005000
169  -0.010000
170  -0.040000
171  -0.040000
172  -0.055000
173  -0.040000
174   0.005000
175  -0.020000
176  -0.085000
177  -0.005000
178   0.055000
179  -0.010000
180  -0.020000
181  -0.000000
182  -0.025000
183  -0.035000
184  -0.025000
185  -0.055000
186  -0.050000
187  -0.005000
188  -0.025000
189  -0.005000
190   0.005000
191   0.050000
192   0.065000
193   0.060000
194   0.025000
195  -0.095000
196   0.005000
197   0.025000
198  -0.020000
199   0.045000
200  -0.100000
201   0.000000
202   0.000000
203  -0.145000
204   0.010000
205  -0.080000
206  -0.010000
207   0.045000
208  -0.030000
209  -0.020000
210  -0.015000
211  -0.025000
212   0.045000
213  -0.015000
214  -0.025000
215  -0.020000
216   0.050000
217  -0.010000
218   0.010000
219  -0.055000
220   0.015000
221  -0.015000
222  -0.060000
223  -0.035000
224   0.045000
225   0.060000
226  -0.120000
227  -0.060000
228   0.035000
229  -0.075000
230   0.040000
231   0.095000
232   0.030000
233   0.025000
234  -0.005000
235   0.000000
236  -0.100000
237  -0.035000
238  -0.005000
239   0.020000
240  -0.010000
241  -0.025000
242   0.100000
243  -0.045000
244   0.090000
245   0.015000
246  -0.055000
247   0.135000
248   0.010000
249  -0.105000
250   0.080000
251  -0.030000
252   0.050000
253   0.095000
254  -0.090000
255  -0.070000
256   0.005000
257  -0.040000
258  -0.065000
259  -0.025000
260  -0.070000
261   0.020000
262   0.005000
263  -0.025000
264  -0.020000
265  -0.090000
266   0.065000
267   0.030000
268   0.090000
269  -0.020000
270  -0.015000
271   0.065000
272  -0.045000
273  -0.010000
274   0.030000
275  -0.055000
276  -0.040000
277   0.020000
278   0.020000
279  -0.040000
280   0.010000
281   0.035000
282   0.000000
283  -0.005000
284   0.040000
285   0.080000
286   0.095000
287   0.010000
288   0.050000
289   0.090000
290  -0.025000
291  -0.045000
292   0.020000
293  -0.055000
294  -0.020000
295  -0.040000
296   0.015000
297   0.015000
298   0.045000
299  -0.000000
300   0.005000
301  -0.010000
302   0.025000
303   0.025000
304   0.035000
305  -0.020000
306  -0.055000
307   0.045000
308  -0.025000
309  -0.050000
310   0.025000
311  -0.015000
312   0.020000
313  -0.015000
314  -0.055000
315  -0.030000
316   0.000000
317   0.020000
318  -0.005000
319   0.135000
320   0.030000
321   0.040000
322  -0.130000
323  -0.025000
324   0.085000
325  -0.015000
326   0.050000
327   0.055000
328   0.090000
329  -0.025000
330   0.015000
331  -0.045000
332  -0.010000
333   0.070000
334   0.115000
335   0.095000
336   0.025000
337  -0.005000
338   0.020000
339   0.025000
340   0.135000
341  -0.025000
342   0.035000
343  -0.075000
344   0.025000
345  -0.035000
346   0.005000
347   0.020000
348  -0.050000
349  -0.060000
350  -0.050000
351  -0.050000
352  -0.025000
353   0.060000
354   0.000000
355   0.040000
356   0.055000
357  -0.030000
358  -0.050000
359  -0.020000
360  -0.005000
361  -0.005000
362   0.005000
363   0.035000
364   0.105000
365  -0.035000
366  -0.010000
367  -0.065000
368   0.035000
369   0.020000
370  -0.015000
371  -0.070000
372  -0.020000
373   0.110000
374  -0.015000
375   0.025000
376   0.050000
377  -0.025000
378   0.030000
379  -0.015000
380  -0.020000
381  -0.055000
382   0.065000
383   0.030000
384   0.020000
385   0.005000
386   0.050000
387  -0.020000
388   0.095000
389   0.030000
390  -0.010000
391  -0.055000
392  -0.040000
393   0.010000
394  -0.030000
395   0.005000
396   0.050000
397   0.025000
398  -0.055000
399   0.005000
400  -0.080000
401  -0.015000
402   0.000000
403   0.015000
404   0.105000
405  -0.050000
406   0.025000
407   0.065000
408   0.035000
409  -0.020000
410  -0.025000
411  -0.070000
412  -0.065000
413   0.005000
414   0.040000
415  -0.030000
416   0.030000
417  -0.005000
418  -0.055000
419  -0.065000
420   0.060000
421  -0.030000
422  -0.070000
423   0.045000
424  -0.020000
425   0.000000
426  -0.010000
427  -0.060000
428   0.000000
429  -0.035000
430   0.060000
431  -0.045000
432  -0.025000
433  -0.095000
434  -0.025000
435   0.015000
436  -0.080000
437   0.040000
438  -0.015000
439  -0.055000
440  -0.035000
441   0.015000
442   0.010000
443  -0.010000
444   0.025000
445  -0.025000
446  -0.030000
447  -0.080000
448   0.030000
449  -0.070000
450   0.050000
451   0.045000
452   0.005000
453   0.020000
454   0.045000
455  -0.065000
456  -0.040000
457   0.040000
458   0.035000
459  -0.045000
460  -0.110000
461  -0.005000
462   0.050000
463  -0.000000
464   0.080000
465   0.070000
466  -0.025000
467  -0.015000
468  -0.010000
469  -0.010000
470  -0.035000
471  -0.045000
472  -0.055000
473   0.005000
474  -0.080000
475  -0.035000
476   0.010000
477   0.045000
478  -0.035000
479  -0.015000
480   0.065000
481   0.070000
482   0.135000
483   0.125000
484   0.015000
485   0.005000
486   0.065000
487   0.005000
488  -0.050000
489   0.065000
490   0.055000
491   0.020000
492  -0.060000
493  -0.080000
494  -0.020000
495  -0.050000
496   0.065000
497  -0.075000
498  -0.010000
499   0.045000
500  -0.005000
-499  -0.085000
-498   0.010000
-497   0.040000
-496   0.045000
-495   0.095000
-494   0.010000
-493   0.005000
-492   0.065000
-491  -0.055000
-490  -0.010000
-489  -0.035000
-488   0.065000
-487  -0.005000
-486  -0.010000
-485   0.165000
-484   0.045000
-483  -0.010000
-482  -0.085000
-481   0.050000
-480  -0.055000
-479  -0.040000
-478   0.025000
-477  -0.020000
-476   0.085000
-475  -0.010000
-474  -0.020000
-473  -0.040000
-472   0.025000
-471  -0.040000
-470  -0.040000
-469  -0.060000
-468   0.015000
-467  -0.030000
-466   0.035000
-465   0.020000
-464   0.070000
-463  -0.030000
-462   0.035000
-461  -0.010000
-460  -0.010000
-459   0.040000
-458   0.060000
-457  -0.030000
-456   0.020000
-455  -0.090000
-454  -0.010000
-453   0.105000
-452   0.025000
-451   0.045000
-450  -0.105000
-449  -0.065000
-448   0.020000
-447  -0.035000
-446  -0.005000
-445   0.100000
-444   0.020000
-443   0.005000
-442  -0.020000
-441   0.040000
-440  -0.020000
-439   0.025000
-438  -0.070000
-437  -0.010000
-436  -0.005000
-435  -0.010000
-434  -0.005000
-433   0.060000
-432  -0.005000
-431   0.030000
-430   0.040000
-429  -0.055000
-428  -0.030000
-427  -0.020000
-426   0.050000
-425  -0.045000
-424   0.000000
-423  -0.010000
-422  -0.040000
-421  -0.095000
-420  -0.075000
-419   0.010000
-418  -0.000000
-417   0.005000
-416  -0.005000
-415   0.070000
-414  -0.050000
-413  -0.045000
-412  -0.040000
-411  -0.010000
-410   0.020000
-409  -0.035000
-408  -0.010000
-407   0.045000
-406   0.065000
-405   0.075000
-404   0.055000
-403   0.025000
-402   0.000000
-401   0.030000
-400   0.000000
-399   0.005000
-398   0.030000
-397  -0.020000
-396   0.005000
-395   0.070000
-394   0.025000
-393  -0.070000
-392  -0.075000
-391  -0.010000
-390  -0.050000
-389   0.115000
-388   0.060000
-387  -0.025000
-386  -0.045000
-385  -0.085000
-384   0.040000
-383  -0.030000
-382  -0.090000
-381   0.055000
-380   0.010000
-379  -0.025000
-378  -0.045000
-377   0.065000
-376  -0.015000
-375   0.115000
-374   0.060000
-373  -0.100000
-372  -0.035000
-371   0.035000
-370   0.035000
-369  -0.055000
-368   0.025000
-367   0.030000
-366   0.015000
-365   0.065000
-364   0.060000
-363   0.005000
-362  -0.020000
-361  -0.045000
-360  -0.010000
-359   0.065000
-358  -0.010000
-357  -0.040000
-356  -0.080000
-355   0.000000
-354   0.020000
-353  -0.035000
-352  -0.060000
-351   0.090000
-350   0.005000
-349   0.025000
-348  -0.095000
-347  -0.060000
-346  -0.045000
-345  -0.045000
-344   0.015000
-343  -0.045000
-342   0.045000
-341  -0.010000
-340  -0.020000
-339   0.080000
-338   0.030000
-337   0.005000
-336   0.000000
-335   0.010000
-334   0.045000
-333   0.075000
-332   0.080000
-331  -0.060000
-330  -0.105000
-329   0.055000
-328   0.015000
-327   0.010000
-326   0.030000
-325  -0.095000
-324  -0.035000
-323   0.045000
-322   0.045000
-321  -0.095000
-320  -0.010000
-319  -0.005000
-318  -0.050000
-317  -0.005000
-316  -0.005000
-315   0.015000
-314  -0.030000
-313  -0.130000
-312  -0.085000
-311   0.030000
-310  -0.085000
-309  -0.145000
-308  -0.040000
-307  -0.060000
-306   0.035000
-305   0.095000
-304   0.040000
-303  -0.030000
-302  -0.005000
-301   0.005000
-300  -0.015000
-299   0.060000
-298  -0.015000
-297   0.000000
-296  -0.020000
-295   0.030000
-294  -0.070000
-293  -0.075000
-292  -0.035000
-291   0.145000
-290  -0.050000
-289   0.020000
-288  -0.020000
-287  -0.050000
-286   0.015000
-285  -0.130000
-284   0.110000
-283   0.020000
-282  -0.065000
-281  -0.080000
-280   0.010000
-279  -0.045000
-278  -0.055000
-277  -0.070000
-276   0.030000
-275  -0.005000
-274   0.030000
-273  -0.025000
-272  -0.050000
-271  -0.020000
-270   0.010000
-269  -0.045000
-268   0.010000
-267   0.000000
-266   0.045000
-265   0.010000
-264  -0.070000
-263   0.035000
-262  -0.010000
-261   0.015000
-260  -0.010000
-259   0.050000
-258  -0.030000
-257   0.080000
-256  -0.025000
-255   0.115000
-254  -0.095000
-253   0.045000
-252   0.055000
-251  -0.030000
-250   0.030000
-249  -0.060000
-248   0.010000
-247  -0.005000
-246   0.005000
-245  -0.010000
-244  -0.090000
-243  -0.035000
-242   0.075000
-241   0.010000
-240  -0.030000
-239  -0.015000
-238  -0.030000
-237   0.005000
-236   0.010000
-235  -0.020000
-234  -0.015000
-233  -0.010000
-232   0.105000
-231  -0.010000
-230   0.060000
-229   0.020000
-228  -0.000000
-227   0.020000
-226   0.075000
-225   0.015000
-224   0.045000
-223  -0.025000
-222  -0.015000
-221   0.045000
-220  -0.020000
-219  -0.130000
-218   0.040000
-217  -0.000000
-216  -0.025000
-215  -0.000000
-214   0.020000
-213  -0.020000
-212   0.025000
-211  -0.045000
-210   0.020000
-209   0.010000
-208  -0.025000
-207  -0.045000
-206   0.000000
-205   0.095000
-204  -0.075000
-203  -0.050000
-202  -0.015000
-201  -0.050000
-200   0.060000
-199   0.120000
-198  -0.045000
-197   0.055000
-196  -0.085000
-195   0.025000
-194  -0.030000
-193  -0.070000
-192  -0.065000
-191  -0.025000
-190   0.040000
-189  -0.020000
-188  -0.005000
-187   0.015000
-186  -0.005000
-185   0.000000
-184  -0.035000
-183   0.060000
-182   0.050000
-181  -0.030000
-180   0.060000
-179  -0.060000
-178   0.085000
-177  -0.045000
-176   0.025000
-175   0.030000
-174   0.000000
-173  -0.020000
-172   0.015000
-171  -0.060000
-170  -0.000000
-169  -0.040000
-168  -0.130000
-167  -0.050000
-166   0.040000
-165  -0.020000
-164   0.000000
-163   0.045000
-162  -0.060000
-161  -0.075000
-160   0.075000
-159   0.055000
-158   0.010000
-157   0.000000
-156  -0.005000
-155   0.060000
-154  -0.010000
-153  -0.080000
-152   0.095000
-151  -0.040000
-150  -0.045000
-149  -0.005000
-148   0.080000
-147  -0.045000
-146   0.025000
-145   0.035000
-144  -0.055000
-143   0.010000
-142   0.120000
-141   0.025000
-140   0.055000
-139   0.065000
-138   0.005000
-137   0.000000
-136   0.030000
-135  -0.020000
-134   0.085000
-133   0.020000
-132  -0.030000
-131   0.035000
-130   0.080000
-129  -0.025000
-128   0.035000
-127  -0.030000
-126  -0.040000
-125  -0.070000
-124  -0.020000
-123   0.035000
-122   0.010000
-121  -0.030000
-120  -0.025000
-119   0.045000
-118  -0.015000
-117   0.075000
-116  -0.050000
-115   0.030000
-114  -0.060000
-113  -0.000000
-112   0.040000
-111   0.005000
-110   0.000000
-109  -0.030000
-108  -0.000000
-107   0.110000
-106   0.020000
-105   0.050000
-104   0.125000
-103   0.000000
-102  -0.115000
-101  -0.085000
-100   0.045000
-99  -0.035000
-98   0.025000
-97   0.020000
-96  -0.005000
-95   0.055000
-94  -0.010000
-93  -0.005000
-92  -0.055000
-91   0.020000
-90  -0.070000
-89   0.070000
-88   0.015000
-87  -0.010000
-86   0.070000
-85  -0.015000
-84   0.050000
-83   0.065000
-82  -0.005000
-81  -0.055000
-80   0.060000
-79   0.030000
-78   0.035000
-77  -0.055000
-76   0.020000
-75  -0.055000
-74  -0.070000
-73   0.025000
-72   0.045000
-71  -0.065000
-70  -0.040000
-69  -0.055000
-68   0.035000
-67  -0.055000
-66   0.015000
-65  -0.055000
-64   0.010000
-63   0.025000
-62   0.075000
-61  -0.055000
-60   0.065000
-59  -0.030000
-58   0.035000
-57  -0.055000
-56  -0.005000
-55  -0.040000
-54  -0.005000
-53  -0.050000
-52  -0.040000
-51  -0.030000
-50   0.075000
-49  -0.015000
-48  -0.010000
-47   0.020000
-46   0.005000
-45  -0.060000
-44   0.070000
-43   0.130000
-42  -0.085000
-41  -0.045000
-40   0.010000
-39  -0.040000
-38   0.015000
-37   0.030000
-36   0.040000
-35  -0.055000
-34  -0.105000
-33  -0.070000
-32  -0.025000
-31   0.115000
-30   0.020000
-29  -0.090000
-28   0.035000
-27  -0.025000
-26   0.060000
-25   0.010000
-24   0.020000
-23  -0.020000
-22  -0.055000
-21   0.010000
-20  -0.035000
-19   0.020000
-18   0.065000
-17   0.015000
-16  -0.025000
-15   0.020000
-14   0.000000
-13  -0.015000
-12   0.020000
-11  -0.060000
-10   0.010000
-9  -0.040000
-8   0.080000
-7  -0.040000
-6  -0.050000
-5   0.030000
-4  -0.030000
-3  -0.045000
-2  -0.010000
-1  -0.065000
