0   0.030000
1   0.020000
2  -0.020000
3  -0.015000
4   0.005000
5  -0.120000
6  -0.010000
7   0.045000
8   0.175000
9   0.005000
10   0.050000
11  -0.070000
12   0.005000
13  -0.030000
14   0.050000
15   0.030000
16  -0.015000
17   0.040000
18  -0.020000
19   0.005000
20  -0.085000
21   0.030000
22  -0.035000
23   0.070000
24   0.030000
25   0.030000
26   0.010000
27   0.020000
28   0.040000
29  -0.075000
30   0.055000
31   0.030000
32  -0.005000
33   0.015000
34   0.010000
35  -0.025000
36   0.085000
37   0.025000
38   0.010000
39   0.010000
40  -0.055000
41  -0.045000
42  -0.060000
43  -0.030000
44  -0.025000
45  -0.060000
46   0.035000
47   0.075000
48   0.015000
49  -0.045000
50   0.115000
51   0.075000
52  -0.030000
53   0.090000
54   0.015000
55  -0.015000
56  -0.070000
57   0.080000
58  -0.030000
59  -0.005000
60   0.060000
61   0.000000
62  -0.010000
63   0.050000
64  -0.065000
65  -0.055000
66   0.075000
67   0.085000
68   0.010000
69  -0.045000
70  -0.040000
71  -0.050000
72  -0.050000
73   0.035000
74   0.005000
75   0.030000
76   0.000000
77  -0.035000
78   0.015000
79  -0.005000
80   0.020000
81  -0.030000
82   0.090000
83  -0.030000
84   0.020000
85   0.085000
86  -0.090000
87  -0.050000
88  -0.050000
89   0.010000
90  -0.010000
91  -0.065000
92  -0.025000
93   0.005000
94   0.050000
95  -0.020000
96   0.035000
97  -0.005000
98   0.050000
99  -0.065000
100   0.025000
101   0.045000
102  -0.050000
103   0.025000
104  -0.000000
105  -0.130000
106  -0.075000
107  -0.045000
108   0.105000
109  -0.170000
110   0.110000
111  -0.025000
112   0.075000
113  -0.045000
114  -0.060000
115  -0.010000
116  -0.005000
117   0.100000
118  -0.070000
119  -0.030000
120   0.120000
121  -0.010000
122   0.065000
123   0.030000
124   0.010000
125   0.090000
126  -0.095000
127  -0.030000
128  -0.110000
129  -0.030000
130  -0.055000
131   0.020000
132   0.045000
133  -0.055000
134  -0.070000
135  -0.005000
136   0.020000
137   0.075000
138   0.045000
139  -0.010000
140   0.040000
141  -0.015000
142   0.015000
143  -0.045000
144  -0.040000
145  -0.035000
146   0.000000
147  -0.015000
148   0.025000
149  -0.015000
150  -0.050000
151  -0.035000
152   0.045000
153   0.050000
154   0.095000
155  -0.020000
156   0.080000
157  -0.025000
158  -0.030000
159  -0.060000
160   0.010000
161   0.015000
162   0.075000
163  -0.090000
164   0.105000
165  -0.015000
166   0.085000
167   0.070000
168  -0.005000
169   0.015000
170  -0.025000
171  -0.070000
172  -0.105000
173   0.065000
174   0.075000
175   0.125000
176  -0.055000
177   0.020000
178  -0.110000
179   0.030000
180   0.040000
181  -0.010000
182  -0.010000
183  -0.095000
184   0.080000
185   0.025000
186   0.050000
187  -0.140000
188   0.010000
189  -0.055000
190  -0.070000
191  -0.010000
192   0.035000
193   0.045000
194   0.055000
195   0.010000
196   0.055000
197  -0.065000
198   0.085000
199  -0.050000
200   0.050000
201  -0.045000
202  -0.085000
203   0.025000
204  -0.070000
205   0.035000
206  -0.065000
207  -0.025000
208   0.015000
209   0.135000
210  -0.045000
211   0.065000
212  -0.030000
213  -0.020000
214  -0.025000
215  -0.100000
216  -0.025000
217  -0.005000
218   0.040000
219  -0.030000
220   0.070000
221   0.030000
222   0.015000
223   0.075000
224   0.050000
225   0.110000
226   0.075000
227  -0.070000
228   0.030000
229  -0.090000
230   0.105000
231   0.100000
232   0.025000
233  -0.010000
234  -0.030000
235  -0.050000
236  -0.060000
237  -0.070000
238   0.060000
239   0.015000
240  -0.020000
241   0.080000
242  -0.050000
243   0.030000
244   0.050000
245  -0.060000
246   0.055000
247   0.045000
248   0.165000
249   0.000000
250   0.055000
251  -0.025000
252   0.060000
253   0.110000
254   0.025000
255   0.030000
256   0.130000
257  -0.030000
258  -0.015000
259   0.010000
260  -0.075000
261  -0.025000
262  -0.050000
263  -0.030000
264   0.040000
265  -0.110000
266   0.010000
267  -0.010000
268   0.065000
269  -0.075000
270   0.020000
271  -0.015000
272   0.035000
273   0.065000
274   0.000000
275   0.070000
276   0.015000
277   0.020000
278  -0.020000
279   0.005000
280  -0.080000
281  -0.065000
282  -0.070000
283  -0.015000
284   0.030000
285   0.045000
286  -0.055000
287  -0.020000
288   0.025000
289   0.045000
290   0.055000
291   0.030000
292   0.030000
293   0.020000
294  -0.020000
295   0.070000
296   0.095000
297  -0.045000
298   0.040000
299   0.015000
300   0.010000
301   0.020000
302   0.040000
303  -0.065000
304  -0.045000
305   0.025000
306  -0.025000
307   0.010000
308   0.060000
309  -0.005000
310  -0.000000
311  -0.020000
312   0.115000
313   0.030000
314   0.040000
315   0.035000
316   0.055000
317   0.155000
318  -0.020000
319  -0.045000
320  -0.055000
321  -0.010000
322  -0.100000
323  -0.100000
324   0.040000
325  -0.055000
326   0.025000
327   0.015000
328   0.060000
329   0.070000
330   0.080000
331   0.025000
332  -0.045000
333  -0.050000
334  -0.000000
335  -0.030000
336  -0.090000
337   0.010000
338  -0.005000
339   0.060000
340   0.025000
341   0.075000
342   0.000000
343  -0.005000
344   0.080000
345   0.080000
346  -0.065000
347  -0.015000
348   0.020000
349   0.020000
350  -0.025000
351   0.015000
352   0.020000
353  -0.005000
354  -0.060000
355   0.105000
356   0.015000
357  -0.080000
358   0.015000
359  -0.050000
360  -0.080000
361   0.030000
362  -0.055000
363   0.025000
364  -0.015000
365  -0.070000
366   0.095000
367   0.010000
368   0.015000
369   0.020000
370   0.070000
371   0.015000
372   0.005000
373  -0.070000
374  -0.095000
375  -0.005000
376  -0.060000
377   0.065000
378  -0.015000
379   0.095000
380  -0.035000
381  -0.025000
382  -0.040000
383   0.005000
384   0.045000
385   0.035000
386  -0.090000
387   0.105000
388   0.020000
389  -0.070000
390  -0.025000
391  -0.010000
392  -0.020000
393  -0.005000
394  -0.015000
395   0.090000
396   0.010000
397  -0.085000
398  -0.110000
399   0.060000
400   0.010000
401   0.040000
402   0.100000
403  -0.015000
404   0.020000
405  -0.040000
406   0.005000
407   0.050000
408  -0.000000
409   0.065000
410  -0.075000
411  -0.025000
412   0.010000
413   0.075000
414  -0.090000
415  -0.065000
416   0.035000
417  -0.045000
418  -0.030000
419  -0.055000
420  -0.020000
421   0.055000
422   0.010000
423   0.005000
424  -0.050000
425  -0.075000
426  -0.085000
427   0.030000
428   0.045000
429  -0.050000
430  -0.045000
431   0.050000
432   0.000000
433  -0.065000
434   0.000000
435  -0.155000
436  -0.055000
437   0.100000
438   0.090000
439   0.070000
440   0.050000
441  -0.080000
442   0.020000
443  -0.005000
444   0.025000
445   0.000000
446  -0.040000
447   0.035000
448   0.005000
449  -0.085000
450  -0.125000
451  -0.065000
452   0.020000
453   0.000000
454   0.030000
455   0.035000
456   0.005000
457  -0.000000
458   0.045000
459   0.015000
460   0.085000
461  -0.080000
462  -0.065000
463   0.035000
464   0.060000
465   0.025000
466  -0.100000
467   0.075000
468   0.010000
469  -0.010000
470  -0.020000
471   0.070000
472  -0.045000
473  -0.045000
474   0.015000
475  -0.090000
476  -0.055000
477   0.010000
478  -0.055000
479  -0.010000
480  -0.005000
481   0.040000
482   0.010000
483  -0.040000
484   0.080000
485  -0.020000
486  -0.000000
487   0.075000
488   0.040000
489   0.020000
490  -0.035000
491   0.045000
492  -0.035000
493   0.045000
494   0.050000
495  -0.000000
496  -0.165000
497   0.035000
498  -0.025000
499   0.020000
500  -0.010000
-499  -0.050000
-498   0.000000
-497   0.115000
-496   0.020000
-495   0.085000
-494  -0.050000
-493  -0.025000
-492   0.005000
-491   0.030000
-490   0.085000
-489   0.005000
-488   0.030000
-487  -0.000000
-486  -0.020000
-485   0.085000
-484   0.100000
-483  -0.040000
-482  -0.025000
-481   0.025000
-480   0.045000
-479  -0.045000
-478   0.040000
-477  -0.015000
-476  -0.025000
-475  -0.000000
-474  -0.010000
-473   0.025000
-472   0.020000
-471   0.060000
-470  -0.090000
-469   0.075000
-468  -0.035000
-467  -0.030000
-466   0.005000
-465   0.025000
-464  -0.000000
-463  -0.090000
-462  -0.125000
-461   0.105000
-460  -0.075000
-459  -0.055000
-458   0.020000
-457   0.025000
-456  -0.005000
-455  -0.030000
-454   0.025000
-453  -0.005000
-452  -0.010000
-451  -0.005000
-450  -0.020000
-449   0.015000
-448  -0.015000
-447  -0.055000
-446   0.095000
-445   0.015000
-444   0.045000
-443   0.050000
-442   0.060000
-441   0.045000
-440   0.065000
-439  -0.010000
-438  -0.005000
-437   0.085000
-436   0.050000
-435   0.050000
-434  -0.030000
-433   0.090000
-432  -0.050000
-431  -0.020000
-430   0.025000
-429   0.005000
-428  -0.005000
-427  -0.020000
-426   0.040000
-425  -0.035000
-424  -0.005000
-423   0.045000
-422  -0.035000
-421  -0.045000
-420   0.035000
-419  -0.075000
-418  -0.045000
-417  -0.085000
-416  -0.045000
-415   0.085000
-414  -0.035000
-413   0.005000
-412   0.010000
-411  -0.010000
-410  -0.000000
-409   0.010000
-408   0.040000
-407   0.045000
-406  -0.015000
-405   0.075000
-404  -0.100000
-403  -0.025000
-402  -0.080000
-401  -0.065000
-400   0.015000
-399   0.015000
-398   0.025000
-397  -0.090000
-396   0.015000
-395   0.050000
-394  -0.055000
-393  -0.025000
-392  -0.030000
-391   0.020000
-390  -0.030000
-389   0.015000
-388   0.045000
-387  -0.010000
-386  -0.025000
-385   0.065000
-384  -0.005000
-383   0.020000
-382  -0.075000
-381   0.020000
-380  -0.020000
-379   0.010000
-378   0.010000
-377  -0.055000
-376   0.020000
-375   0.065000
-374   0.065000
-373   0.040000
-372  -0.035000
-371  -0.025000
-370  -0.005000
-369   0.005000
-368  -0.040000
-367  -0.010000
-366   0.050000
-365   0.000000
-364  -0.005000
-363   0.005000
-362  -0.040000
-361   0.050000
-360   0.060000
-359   0.025000
-358  -0.090000
-357  -0.130000
-356  -0.050000
-355   0.005000
-354  -0.025000
-353  -0.040000
-352  -0.015000
-351  -0.060000
-350  -0.005000
-349   0.010000
-348   0.055000
-347  -0.040000
-346  -0.005000
-345   0.015000
-344   0.080000
-343   0.030000
-342   0.015000
-341   0.045000
-340   0.010000
-339  -0.050000
-338   0.035000
-337   0.070000
-336  -0.020000
-335  -0.095000
-334   0.010000
-333   0.050000
-332  -0.020000
-331   0.060000
-330  -0.050000
-329  -0.060000
-328   0.030000
-327   0.075000
-326   0.010000
-325  -0.050000
-324  -0.120000
-323  -0.010000
-322   0.015000
-321  -0.020000
-320   0.065000
-319  -0.035000
-318  -0.075000
-317  -0.030000
-316   0.015000
-315   0.050000
-314  -0.055000
-313  -0.020000
-312  -0.020000
-311   0.080000
-310   0.050000
-309   0.035000
-308  -0.045000
-307   0.090000
-306   0.075000
-305  -0.015000
-304  -0.030000
-303   0.035000
-302   0.005000
-301  -0.020000
-300   0.025000
-299   0.055000
-298  -0.010000
-297  -0.015000
-296  -0.045000
-295  -0.005000
-294  -0.055000
-293  -0.045000
-292   0.105000
-291  -0.040000
-290   0.045000
-289   0.035000
-288  -0.045000
-287  -0.015000
-286  -0.085000
-285  -0.020000
-284  -0.005000
-283  -0.075000
-282   0.080000
-281  -0.000000
-280   0.105000
-279   0.020000
-278  -0.080000
-277   0.065000
-276   0.050000
-275  -0.115000
-274   0.050000
-273   0.110000
-272  -0.060000
-271  -0.005000
-270   0.020000
-269  -0.105000
-268  -0.025000
-267  -0.065000
-266  -0.075000
-265   0.080000
-264   0.030000
-263  -0.070000
-262  -0.040000
-261  -0.005000
-260  -0.010000
-259   0.035000
-258  -0.030000
-257   0.035000
-256   0.045000
-255   0.010000
-254   0.065000
-253   0.005000
-252   0.025000
-251   0.035000
-250  -0.090000
-249   0.080000
-248  -0.005000
-247   0.025000
-246   0.010000
-245   0.125000
-244   0.025000
-243  -0.030000
-242  -0.035000
-241  -0.055000
-240   0.060000
-239  -0.050000
-238  -0.010000
-237   0.060000
-236   0.045000
-235   0.075000
-234   0.095000
-233   0.045000
-232   0.130000
-231  -0.025000
-230  -0.015000
-229   0.055000
-228   0.055000
-227   0.035000
-226  -0.095000
-225   0.025000
-224   0.035000
-223  -0.050000
-222  -0.010000
-221   0.065000
-220  -0.005000
-219   0.130000
-218   0.025000
-217  -0.015000
-216  -0.030000
-215  -0.085000
-214   0.065000
-213   0.050000
-212  -0.020000
-211   0.025000
-210  -0.070000
-209   0.060000
-208   0.015000
-207   0.090000
-206  -0.100000
-205  -0.000000
-204  -0.030000
-203  -0.025000
-202  -0.035000
-201  -0.045000
-200  -0.010000
-199  -0.020000
-198  -0.010000
-197  -0.025000
-196  -0.060000
-195   0.025000
-194  -0.085000
-193   0.010000
-192  -0.040000
-191  -0.015000
-190   0.015000
-189   0.000000
-188   0.075000
-187  -0.045000
-186  -0.095000
-185  -0.025000
-184   0.035000
-183   0.030000
-182   0.075000
-181  -0.040000
-180   0.100000
-179   0.045000
-178  -0.035000
-177   0.025000
-176  -0.075000
-175  -0.075000
-174  -0.000000
-173   0.005000
-172  -0.045000
-171   0.060000
-170   0.055000
-169  -0.020000
-168  -0.105000
-167  -0.030000
-166  -0.060000
-165   0.065000
-164   0.000000
-163  -0.065000
-162   0.065000
-161   0.065000
-160   0.090000
-159  -0.040000
-158   0.015000
-157  -0.020000
-156  -0.020000
-155  -0.040000
-154   0.060000
-153   0.075000
-152   0.040000
-151   0.040000
-150  -0.080000
-149   0.050000
-148   0.095000
-147  -0.015000
-146  -0.055000
-145   0.045000
-144   0.030000
-143   0.080000
-142   0.025000
-141   0.030000
-140  -0.005000
-139   0.000000
-138  -0.010000
-137   0.030000
-136   0.120000
-135   0.010000
-134  -0.025000
-133   0.015000
-132  -0.045000
-131  -0.005000
-130  -0.015000
-129   0.110000
-128   0.015000
-127  -0.070000
-126   0.030000
-125  -0.020000
-124   0.035000
-123   0.080000
-122  -0.020000
-121  -0.060000
-120  -0.035000
-119  -0.025000
-118  -0.055000
-117  -0.005000
-116  -0.025000
-115   0.045000
-114  -0.035000
-113   0.065000
-112   0.040000
-111  -0.055000
-110  -0.050000
-109   0.025000
-108  -0.020000
-107  -0.075000
-106  -0.075000
-105  -0.060000
-104  -0.010000
-103  -0.020000
-102   0.090000
-101  -0.025000
-100   0.035000
-99  -0.070000
-98   0.030000
-97   0.050000
-96   0.015000
-95   0.050000
-94   0.045000
-93  -0.010000
-92   0.000000
-91   0.075000
-90  -0.005000
-89   0.010000
-88   0.000000
-87  -0.045000
-86  -0.065000
-85   0.045000
-84  -0.040000
-83  -0.005000
-82  -0.055000
-81  -0.100000
-80  -0.025000
-79   0.055000
-78  -0.025000
-77   0.035000
-76  -0.090000
-75   0.060000
-74  -0.035000
-73  -0.060000
-72   0.030000
-71  -0.030000
-70   0.005000
-69   0.015000
-68  -0.040000
-67   0.090000
-66   0.035000
-65   0.040000
-64  -0.005000
-63  -0.040000
-62  -0.040000
-61  -0.015000
-60  -0.030000
-59  -0.050000
-58   0.025000
-57  -0.025000
-56   0.090000
-55  -0.005000
-54  -0.015000
-53  -0.015000
-52   0.140000
-51  -0.010000
-50  -0.040000
-49  -0.030000
-48  -0.015000
-47  -0.085000
-46  -0.015000
-45   0.040000
-44  -0.015000
-43  -0.075000
-42   0.100000
-41   0.015000
-40  -0.040000
-39  -0.080000
-38  -0.000000
-37  -0.005000
-36   0.015000
-35  -0.050000
-34  -0.040000
-33   0.000000
-32  -0.020000
-31  -0.105000
-30   0.015000
-29   0.030000
-28  -0.010000
-27  -0.005000
-26  -0.080000
-25   0.010000
-24   0.015000
-23  -0.030000
-22  -0.060000
-21   0.060000
-20   0.075000
-19  -0.040000
-18  -0.015000
-17   0.030000
-16   0.025000
-15  -0.060000
-14  -0.055000
-13  -0.005000
-12   0.075000
-11  -0.080000
-10  -0.010000
-9   0.020000
-8   0.000000
-7   0.005000
-6   0.060000
-5   0.080000
-4   0.035000
-3   0.005000
-2  -0.020000
-1  -0.065000
