0   0.065000
1   0.065000
2  -0.045000
3  -0.015000
4   0.060000
5   0.035000
6   0.085000
7  -0.085000
8  -0.020000
9  -0.005000
10  -0.060000
11  -0.095000
12  -0.080000
13  -0.000000
14   0.055000
15   0.075000
16   0.080000
17   0.030000
18   0.060000
19   0.010000
20  -0.035000
21  -0.115000
22  -0.045000
23  -0.020000
24  -0.015000
25   0.090000
26   0.030000
27  -0.005000
28   0.025000
29  -0.030000
30   0.050000
31  -0.025000
32   0.000000
33  -0.035000
34  -0.030000
35   0.070000
36   0.040000
37  -0.005000
38  -0.055000
39  -0.035000
40   0.030000
41   0.010000
42   0.025000
43  -0.010000
44   0.050000
45  -0.005000
46  -0.075000
47   0.030000
48  -0.010000
49   0.025000
50  -0.060000
51  -0.065000
52  -0.085000
53   0.055000
54  -0.030000
55   0.035000
56   0.060000
57  -0.025000
58   0.035000
59  -0.065000
60  -0.000000
61   0.030000
62  -0.075000
63   0.045000
64  -0.045000
65   0.040000
66  -0.045000
67  -0.055000
68   0.000000
69   0.100000
70   0.070000
71   0.030000
72   0.065000
73  -0.020000
74  -0.095000
75  -0.015000
76  -0.075000
77  -0.015000
78   0.000000
79   0.075000
80  -0.080000
81  -0.015000
82   0.005000
83  -0.010000
84  -0.020000
85   0.125000
86   0.065000
87  -0.065000
88   0.050000
89  -0.060000
90  -0.035000
91   0.040000
92   0.030000
93  -0.020000
94   0.060000
95  -0.045000
96   0.060000
97   0.055000
98  -0.010000
99  -0.020000
100   0.035000
101   0.075000
102  -0.005000
103   0.070000
104   0.040000
105   0.030000
106  -0.030000
107  -0.025000
108  -0.080000
109   0.055000
110   0.080000
111   0.005000
112  -0.020000
113   0.040000
114   0.040000
115  -0.025000
116  -0.105000
117   0.005000
118  -0.035000
119   0.075000
120   0.080000
121   0.030000
122  -0.070000
123   0.030000
124  -0.130000
125  -0.020000
126   0.015000
127   0.130000
128   0.050000
129  -0.010000
130  -0.025000
131   0.040000
132  -0.015000
133  -0.055000
134  -0.015000
135   0.025000
136  -0.025000
137   0.045000
138   0.020000
139   0.020000
140  -0.005000
141   0.025000
142   0.010000
143  -0.005000
144  -0.080000
145   0.035000
146  -0.045000
147  -0.005000
148  -0.065000
149  -0.020000
150  -0.020000
151  -0.055000
152   0.010000
153   0.025000
154  -0.045000
155  -0.030000
156   0.025000
157  -0.000000
158   0.025000
159   0.025000
160   0.075000
161  -0.025000
162  -0.050000
163   0.015000
164  -0.040000
165   0.045000
166  -0.020000
167   0.000000
168  -0.005000
169   0.005000
170  -0.015000
171   0.065000
172  -0.065000
173  -0.070000
174  -0.020000
175   0.040000
176  -0.025000
177   0.065000
178   0.060000
179  -0.035000
180  -0.045000
181   0.050000
182  -0.015000
183   0.030000
184  -0.050000
185  -0.030000
186   0.060000
187   0.035000
188   0.010000
189   0.120000
190  -0.085000
191  -0.025000
192   0.025000
193  -0.030000
194   0.015000
195   0.050000
196   0.055000
197  -0.010000
198   0.060000
199   0.035000
200   0.025000
201   0.075000
202  -0.025000
203   0.040000
204   0.060000
205  -0.090000
206   0.010000
207  -0.030000
208  -0.050000
209  -0.010000
210  -0.015000
211  -0.025000
212   0.005000
213  -0.025000
214   0.070000
215   0.035000
216   0.040000
217  -0.035000
218  -0.005000
219   0.030000
220  -0.020000
221   0.050000
222   0.030000
223   0.030000
224  -0.005000
225   0.010000
226  -0.055000
227  -0.010000
228  -0.020000
229  -0.035000
230   0.065000
231   0.025000
232  -0.030000
233   0.045000
234  -0.080000
235  -0.020000
236  -0.005000
237   0.005000
238   0.075000
239  -0.090000
240  -0.035000
241  -0.040000
242   0.020000
243  -0.020000
244  -0.000000
245   0.050000
246  -0.060000
247  -0.010000
248  -0.075000
249   0.095000
250  -0.015000
251   0.035000
252   0.060000
253  -0.115000
254  -0.020000
255  -0.080000
256   0.055000
257   0.015000
258   0.070000
259  -0.040000
260   0.050000
261   0.025000
262   0.025000
263  -0.030000
264  -0.105000
265  -0.030000
266   0.095000
267   0.100000
268  -0.010000
269  -0.020000
270  -0.025000
271  -0.070000
272  -0.060000
273   0.010000
274  -0.100000
275   0.070000
276  -0.005000
277  -0.010000
278  -0.020000
279  -0.010000
280  -0.050000
281   0.030000
282   0.005000
283   0.040000
284   0.055000
285  -0.045000
286   0.070000
287   0.075000
288  -0.010000
289   0.025000
290   0.010000
291   0.020000
292  -0.050000
293  -0.025000
294  -0.025000
295  -0.010000
296   0.045000
297  -0.020000
298  -0.030000
299   0.045000
300  -0.060000
301   0.025000
302  -0.005000
303  -0.035000
304  -0.080000
305  -0.035000
306   0.045000
307  -0.060000
308  -0.075000
309   0.045000
310   0.060000
311   0.075000
312  -0.110000
313  -0.005000
314  -0.065000
315   0.010000
316   0.005000
317  -0.015000
318   0.040000
319   0.045000
320  -0.020000
321  -0.050000
322  -0.035000
323   0.035000
324  -0.045000
325   0.025000
326   0.005000
327  -0.005000
328   0.015000
329   0.040000
330  -0.135000
331  -0.015000
332   0.010000
333  -0.025000
334   0.015000
335  -0.030000
336   0.025000
337  -0.060000
338   0.020000
339  -0.005000
340   0.090000
341  -0.005000
342   0.085000
343   0.035000
344  -0.050000
345  -0.040000
346   0.010000
347  -0.030000
348   0.020000
349   0.035000
350  -0.075000
351  -0.005000
352   0.000000
353  -0.075000
354  -0.055000
355  -0.000000
356   0.005000
357   0.015000
358  -0.010000
359   0.005000
360   0.005000
361   0.045000
362   0.040000
363   0.065000
364   0.010000
365   0.050000
366  -0.030000
367   0.015000
368  -0.005000
369  -0.065000
370  -0.010000
371  -0.015000
372   0.020000
373  -0.075000
374   0.010000
375   0.045000
376  -0.010000
377  -0.165000
378   0.025000
379   0.030000
380  -0.005000
381   0.010000
382   0.010000
383   0.050000
384  -0.095000
385  -0.005000
386  -0.020000
387  -0.030000
388  -0.085000
389  -0.010000
390  -0.005000
391   0.040000
392  -0.030000
393   0.050000
394  -0.050000
395  -0.090000
396   0.005000
397   0.055000
398  -0.020000
399   0.020000
400   0.145000
401   0.045000
402   0.005000
403   0.015000
404   0.035000
405  -0.015000
406   0.030000
407  -0.035000
408  -0.080000
409  -0.020000
410   0.015000
411   0.060000
412  -0.040000
413  -0.065000
414   0.055000
415   0.005000
416  -0.055000
417  -0.045000
418  -0.070000
419  -0.045000
420  -0.025000
421   0.005000
422   0.055000
423   0.020000
424  -0.045000
425   0.045000
426  -0.085000
427   0.055000
428  -0.015000
429   0.000000
430   0.075000
431   0.010000
432   0.060000
433   0.075000
434  -0.005000
435   0.040000
436  -0.010000
437  -0.015000
438   0.040000
439   0.045000
440   0.085000
441   0.095000
442  -0.110000
443   0.075000
444  -0.020000
445   0.030000
446  -0.005000
447   0.005000
448   0.015000
449   0.065000
450   0.060000
451  -0.065000
452   0.020000
453   0.070000
454   0.020000
455   0.040000
456  -0.030000
457  -0.120000
458  -0.050000
459   0.000000
460  -0.005000
461  -0.175000
462  -0.050000
463  -0.045000
464  -0.075000
465   0.010000
466  -0.100000
467  -0.025000
468   0.040000
469   0.025000
470  -0.025000
471   0.035000
472   0.010000
473  -0.010000
474   0.025000
475  -0.075000
476   0.025000
477  -0.025000
478   0.025000
479   0.045000
480   0.080000
481  -0.005000
482  -0.070000
483  -0.080000
484  -0.015000
485  -0.000000
486   0.025000
487   0.090000
488   0.015000
489   0.005000
490   0.025000
491   0.000000
492   0.045000
493  -0.040000
494  -0.045000
495  -0.010000
496  -0.025000
497  -0.010000
498   0.045000
499   0.035000
500  -0.120000
-499  -0.035000
-498   0.045000
-497  -0.050000
-496  -0.020000
-495  -0.015000
-494   0.085000
-493   0.020000
-492   0.025000
-491  -0.010000
-490  -0.035000
-489   0.040000
-488   0.035000
-487  -0.010000
-486   0.010000
-485   0.000000
-484   0.080000
-483   0.025000
-482   0.020000
-481  -0.010000
-480   0.000000
-479  -0.025000
-478   0.000000
-477  -0.025000
-476  -0.055000
-475  -0.040000
-474  -0.005000
-473   0.060000
-472   0.020000
-471   0.050000
-470   0.030000
-469   0.015000
-468  -0.075000
-467   0.035000
-466  -0.070000
-465   0.020000
-464  -0.020000
-463   0.015000
-462   0.035000
-461   0.055000
-460  -0.020000
-459  -0.095000
-458  -0.095000
-457   0.050000
-456  -0.030000
-455   0.025000
-454   0.070000
-453   0.015000
-452  -0.045000
-451  -0.020000
-450  -0.105000
-449   0.055000
-448   0.015000
-447  -0.020000
-446   0.010000
-445   0.005000
-444  -0.035000
-443   0.055000
-442  -0.005000
-441   0.015000
-440  -0.075000
-439  -0.130000
-438   0.105000
-437   0.025000
-436   0.090000
-435   0.045000
-434   0.045000
-433   0.125000
-432   0.025000
-431   0.070000
-430   0.110000
-429   0.170000
-428   0.035000
-427   0.045000
-426  -0.010000
-425   0.085000
-424   0.005000
-423  -0.050000
-422   0.120000
-421  -0.035000
-420  -0.030000
-419   0.000000
-418  -0.050000
-417   0.065000
-416  -0.035000
-415   0.025000
-414   0.065000
-413  -0.065000
-412  -0.030000
-411   0.025000
-410  -0.010000
-409   0.040000
-408   0.035000
-407   0.010000
-406   0.030000
-405  -0.055000
-404  -0.020000
-403   0.085000
-402  -0.005000
-401  -0.005000
-400  -0.105000
-399   0.035000
-398  -0.050000
-397  -0.050000
-396  -0.040000
-395  -0.015000
-394  -0.070000
-393  -0.065000
-392  -0.060000
-391   0.035000
-390   0.070000
-389   0.030000
-388   0.100000
-387   0.055000
-386  -0.035000
-385  -0.090000
-384  -0.010000
-383  -0.025000
-382  -0.045000
-381  -0.090000
-380  -0.020000
-379  -0.075000
-378  -0.050000
-377   0.115000
-376  -0.090000
-375  -0.105000
-374  -0.075000
-373  -0.095000
-372   0.105000
-371   0.040000
-370   0.005000
-369  -0.080000
-368   0.035000
-367  -0.020000
-366   0.015000
-365  -0.030000
-364  -0.115000
-363   0.065000
-362  -0.060000
-361   0.045000
-360  -0.050000
-359  -0.065000
-358  -0.010000
-357  -0.000000
-356  -0.050000
-355   0.015000
-354  -0.010000
-353   0.030000
-352  -0.060000
-351   0.010000
-350  -0.045000
-349  -0.060000
-348  -0.030000
-347   0.030000
-346  -0.010000
-345   0.015000
-344   0.030000
-343   0.040000
-342   0.105000
-341   0.060000
-340   0.045000
-339   0.070000
-338  -0.045000
-337  -0.030000
-336   0.075000
-335   0.055000
-334   0.080000
-333   0.010000
-332  -0.020000
-331   0.040000
-330  -0.040000
-329  -0.040000
-328   0.005000
-327   0.055000
-326   0.055000
-325   0.040000
-324   0.060000
-323   0.030000
-322   0.005000
-321  -0.050000
-320   0.100000
-319   0.105000
-318  -0.035000
-317  -0.100000
-316  -0.075000
-315  -0.050000
-314   0.000000
-313   0.045000
-312   0.000000
-311  -0.075000
-310  -0.070000
-309   0.010000
-308   0.015000
-307   0.060000
-306   0.075000
-305  -0.030000
-304  -0.120000
-303   0.040000
-302  -0.035000
-301   0.025000
-300  -0.045000
-299   0.020000
-298  -0.045000
-297   0.000000
-296   0.015000
-295   0.100000
-294   0.110000
-293   0.030000
-292  -0.085000
-291  -0.040000
-290  -0.075000
-289   0.055000
-288  -0.050000
-287  -0.000000
-286   0.010000
-285  -0.055000
-284   0.090000
-283   0.105000
-282   0.090000
-281  -0.015000
-280  -0.035000
-279  -0.050000
-278  -0.000000
-277  -0.065000
-276  -0.035000
-275   0.005000
-274   0.080000
-273   0.035000
-272   0.010000
-271  -0.005000
-270   0.015000
-269  -0.015000
-268   0.035000
-267  -0.020000
-266  -0.100000
-265   0.090000
-264  -0.035000
-263  -0.005000
-262   0.005000
-261   0.000000
-260   0.080000
-259   0.065000
-258   0.100000
-257   0.070000
-256   0.010000
-255  -0.085000
-254   0.020000
-253   0.035000
-252  -0.065000
-251  -0.050000
-250  -0.040000
-249   0.095000
-248  -0.010000
-247   0.085000
-246   0.005000
-245  -0.150000
-244  -0.050000
-243  -0.045000
-242   0.000000
-241   0.000000
-240   0.030000
-239  -0.025000
-238   0.020000
-237  -0.005000
-236  -0.045000
-235   0.005000
-234  -0.045000
-233  -0.015000
-232  -0.035000
-231  -0.025000
-230  -0.005000
-229   0.060000
-228   0.010000
-227   0.090000
-226   0.105000
-225  -0.030000
-224   0.025000
-223  -0.020000
-222   0.080000
-221   0.055000
-220   0.020000
-219  -0.005000
-218  -0.070000
-217  -0.055000
-216   0.015000
-215  -0.020000
-214   0.000000
-213   0.045000
-212   0.020000
-211   0.120000
-210   0.010000
-209   0.080000
-208  -0.055000
-207  -0.040000
-206  -0.020000
-205  -0.015000
-204  -0.075000
-203   0.005000
-202   0.005000
-201   0.015000
-200  -0.030000
-199   0.000000
-198   0.005000
-197   0.040000
-196  -0.035000
-195   0.035000
-194   0.065000
-193   0.030000
-192   0.040000
-191   0.010000
-190   0.030000
-189  -0.010000
-188  -0.135000
-187   0.085000
-186   0.070000
-185  -0.005000
-184   0.075000
-183   0.035000
-182  -0.000000
-181  -0.010000
-180  -0.045000
-179   0.035000
-178   0.075000
-177   0.005000
-176   0.035000
-175  -0.060000
-174  -0.100000
-173  -0.005000
-172   0.010000
-171   0.020000
-170  -0.015000
-169  -0.015000
-168  -0.010000
-167   0.055000
-166   0.060000
-165   0.075000
-164  -0.060000
-163  -0.005000
-162   0.110000
-161   0.080000
-160   0.070000
-159   0.005000
-158  -0.040000
-157  -0.040000
-156  -0.040000
-155  -0.070000
-154   0.115000
-153  -0.035000
-152   0.075000
-151  -0.040000
-150   0.110000
-149   0.025000
-148   0.035000
-147   0.005000
-146  -0.035000
-145  -0.005000
-144  -0.025000
-143   0.040000
-142   0.025000
-141   0.015000
-140  -0.050000
-139   0.035000
-138   0.075000
-137  -0.080000
-136   0.000000
-135  -0.035000
-134  -0.005000
-133   0.040000
-132  -0.035000
-131   0.000000
-130   0.090000
-129  -0.005000
-128  -0.075000
-127  -0.035000
-126  -0.005000
-125  -0.020000
-124   0.060000
-123   0.020000
-122   0.115000
-121  -0.035000
-120  -0.080000
-119  -0.010000
-118  -0.070000
-117  -0.060000
-116   0.035000
-115  -0.035000
-114   0.010000
-113   0.010000
-112   0.055000
-111   0.010000
-110   0.050000
-109   0.035000
-108   0.015000
-107  -0.035000
-106  -0.055000
-105   0.120000
-104  -0.075000
-103   0.030000
-102  -0.020000
-101  -0.115000
-100  -0.010000
-99  -0.035000
-98   0.030000
-97  -0.035000
-96  -0.080000
-95   0.055000
-94   0.000000
-93  -0.065000
-92   0.000000
-91   0.110000
-90  -0.080000
-89  -0.075000
-88   0.070000
-87  -0.045000
-86   0.010000
-85   0.010000
-84   0.025000
-83   0.030000
-82   0.055000
-81   0.055000
-80   0.030000
-79  -0.020000
-78  -0.025000
-77   0.100000
-76   0.040000
-75   0.020000
-74   0.080000
-73  -0.015000
-72  -0.085000
-71  -0.050000
-70  -0.030000
-69   0.020000
-68  -0.020000
-67   0.025000
-66  -0.035000
-65  -0.070000
-64  -0.075000
-63   0.095000
-62   0.020000
-61  -0.040000
-60  -0.030000
-59  -0.040000
-58   0.070000
-57  -0.015000
-56  -0.080000
-55  -0.015000
-54   0.040000
-53  -0.015000
-52   0.020000
-51  -0.015000
-50   0.020000
-49  -0.035000
-48   0.015000
-47  -0.025000
-46   0.070000
-45  -0.015000
-44   0.030000
-43   0.020000
-42  -0.040000
-41   0.090000
-40  -0.005000
-39   0.040000
-38   0.005000
-37  -0.035000
-36   0.040000
-35   0.140000
-34  -0.065000
-33  -0.015000
-32   0.045000
-31  -0.005000
-30   0.015000
-29  -0.000000
-28   0.120000
-27  -0.070000
-26   0.130000
-25  -0.010000
-24  -0.035000
-23  -0.040000
-22   0.060000
-21  -0.065000
-20  -0.070000
-19  -0.010000
-18  -0.015000
-17  -0.025000
-16  -0.000000
-15   0.015000
-14  -0.030000
-13   0.050000
-12  -0.085000
-11   0.055000
-10   0.085000
-9  -0.005000
-8   0.000000
-7   0.060000
-6   0.005000
-5   0.020000
-4  -0.005000
-3  -0.025000
-2   0.020000
-1   0.025000
