0   0.080000
1   0.005000
2   0.000000
3  -0.065000
4   0.035000
5  -0.025000
6   0.030000
7   0.015000
8  -0.010000
9  -0.070000
10   0.010000
11  -0.010000
12  -0.055000
13   0.000000
14   0.055000
15  -0.035000
16   0.020000
17  -0.035000
18  -0.030000
19   0.000000
20   0.030000
21   0.000000
22  -0.105000
23   0.090000
24  -0.030000
25   0.120000
26  -0.005000
27  -0.035000
28  -0.050000
29   0.025000
30   0.025000
31   0.000000
32   0.010000
33   0.020000
34  -0.035000
35  -0.045000
36  -0.050000
37   0.000000
38  -0.105000
39   0.040000
40  -0.020000
41   0.045000
42  -0.025000
43  -0.040000
44  -0.005000
45  -0.020000
46   0.020000
47  -0.005000
48  -0.000000
49   0.040000
50  -0.065000
51   0.065000
52   0.030000
53  -0.005000
54  -0.090000
55  -0.010000
56  -0.010000
57   0.005000
58  -0.035000
59  -0.135000
60   0.040000
61   0.005000
62   0.050000
63   0.090000
64  -0.085000
65   0.050000
66   0.010000
67  -0.020000
68  -0.035000
69   0.060000
70   0.005000
71  -0.055000
72   0.030000
73   0.055000
74  -0.045000
75   0.015000
76  -0.020000
77   0.000000
78  -0.075000
79  -0.135000
80  -0.080000
81   0.130000
82  -0.010000
83   0.035000
84   0.095000
85   0.050000
86  -0.035000
87  -0.020000
88  -0.030000
89   0.015000
90   0.035000
91   0.010000
92  -0.060000
93  -0.035000
94  -0.080000
95   0.060000
96   0.030000
97  -0.025000
98  -0.005000
99   0.035000
100   0.025000
101  -0.050000
102  -0.070000
103  -0.025000
104   0.120000
105  -0.015000
106   0.125000
107  -0.035000
108  -0.060000
109   0.010000
110   0.010000
111   0.030000
112   0.050000
113  -0.020000
114  -0.060000
115  -0.050000
116   0.030000
117   0.135000
118  -0.035000
119   0.060000
120  -0.085000
121  -0.025000
122  -0.020000
123   0.015000
124   0.080000
125   0.060000
126   0.000000
127  -0.060000
128  -0.025000
129  -0.005000
130   0.035000
131  -0.030000
132   0.000000
133  -0.030000
134   0.055000
135   0.065000
136   0.005000
137   0.020000
138  -0.020000
139  -0.075000
140  -0.000000
141  -0.010000
142  -0.010000
143  -0.080000
144   0.040000
145  -0.020000
146   0.005000
147  -0.010000
148  -0.060000
149   0.015000
150  -0.005000
151  -0.020000
152  -0.030000
153  -0.005000
154  -0.020000
155   0.060000
156  -0.020000
157   0.040000
158   0.040000
159   0.005000
160  -0.005000
161   0.045000
162   0.050000
163   0.035000
164   0.005000
165   0.025000
166  -0.015000
167  -0.025000
168  -0.050000
169   0.020000
170  -0.030000
171  -0.020000
172  -0.015000
173   0.020000
174  -0.070000
175  -0.025000
176  -0.005000
177  -0.020000
178  -0.005000
179   0.005000
180   0.040000
181  -0.015000
182   0.100000
183   0.015000
184  -0.045000
185   0.055000
186  -0.070000
187  -0.050000
188   0.085000
189   0.050000
190   0.015000
191  -0.010000
192  -0.045000
193   0.030000
194  -0.050000
195  -0.090000
196  -0.025000
197   0.095000
198   0.035000
199  -0.020000
200   0.030000
201  -0.020000
202  -0.000000
203   0.020000
204   0.005000
205  -0.015000
206  -0.060000
207   0.060000
208   0.050000
209  -0.030000
210   0.055000
211  -0.005000
212   0.060000
213   0.005000
214  -0.065000
215  -0.045000
216   0.025000
217  -0.090000
218  -0.050000
219  -0.045000
220  -0.055000
221  -0.090000
222   0.065000
223   0.030000
224  -0.050000
225   0.045000
226  -0.040000
227   0.010000
228  -0.020000
229   0.010000
230   0.010000
231  -0.090000
232  -0.030000
233   0.040000
234   0.010000
235   0.045000
236   0.035000
237   0.000000
238  -0.045000
239  -0.090000
240  -0.010000
241  -0.010000
242  -0.030000
243  -0.105000
244   0.010000
245   0.015000
246   0.005000
247  -0.025000
248  -0.080000
249   0.015000
250  -0.025000
251  -0.005000
252   0.010000
253   0.005000
254  -0.020000
255  -0.015000
256  -0.030000
257  -0.095000
258  -0.035000
259  -0.020000
260   0.115000
261  -0.070000
262   0.015000
263  -0.050000
264  -0.085000
265   0.035000
266  -0.050000
267   0.025000
268   0.050000
269  -0.030000
270  -0.005000
271  -0.075000
272  -0.020000
273  -0.020000
274   0.020000
275  -0.075000
276  -0.005000
277  -0.015000
278   0.050000
279   0.020000
280  -0.065000
281  -0.045000
282  -0.005000
283  -0.030000
284   0.075000
285  -0.035000
286  -0.030000
287   0.020000
288   0.020000
289   0.015000
290   0.065000
291  -0.005000
292  -0.015000
293  -0.100000
294   0.015000
295   0.055000
296  -0.005000
297  -0.035000
298   0.020000
299   0.080000
300   0.015000
301   0.025000
302  -0.045000
303  -0.005000
304   0.070000
305   0.080000
306   0.085000
307  -0.030000
308   0.075000
309  -0.010000
310  -0.100000
311  -0.015000
312   0.065000
313   0.065000
314  -0.065000
315   0.020000
316   0.000000
317   0.010000
318   0.010000
319   0.095000
320  -0.030000
321   0.010000
322   0.070000
323  -0.125000
324  -0.015000
325   0.015000
326  -0.060000
327  -0.025000
328  -0.060000
329  -0.045000
330   0.000000
331  -0.125000
332  -0.095000
333   0.020000
334   0.030000
335  -0.005000
336   0.010000
337  -0.055000
338  -0.045000
339   0.010000
340   0.040000
341   0.055000
342  -0.050000
343  -0.020000
344   0.060000
345  -0.055000
346  -0.015000
347  -0.020000
348  -0.020000
349  -0.035000
350   0.075000
351   0.070000
352   0.010000
353  -0.005000
354  -0.120000
355   0.005000
356  -0.020000
357  -0.060000
358   0.020000
359   0.035000
360  -0.035000
361  -0.010000
362   0.090000
363   0.105000
364  -0.015000
365  -0.015000
366  -0.035000
367  -0.055000
368   0.115000
369  -0.020000
370   0.075000
371   0.010000
372  -0.045000
373  -0.050000
374   0.035000
375  -0.025000
376  -0.015000
377  -0.020000
378  -0.025000
379   0.030000
380   0.020000
381  -0.040000
382   0.020000
383   0.025000
384  -0.030000
385   0.090000
386  -0.045000
387   0.095000
388  -0.065000
389  -0.025000
390   0.055000
391   0.010000
392   0.025000
393  -0.010000
394   0.025000
395  -0.035000
396   0.025000
397  -0.100000
398  -0.005000
399   0.085000
400   0.050000
401   0.020000
402  -0.015000
403  -0.020000
404  -0.005000
405   0.075000
406  -0.025000
407   0.005000
408   0.060000
409  -0.055000
410   0.045000
411  -0.035000
412   0.050000
413  -0.035000
414   0.015000
415   0.030000
416  -0.070000
417   0.005000
418  -0.025000
419  -0.020000
420  -0.065000
421  -0.025000
422   0.055000
423  -0.040000
424   0.025000
425   0.030000
426  -0.070000
427  -0.055000
428  -0.020000
429   0.140000
430   0.090000
431  -0.020000
432  -0.015000
433   0.025000
434  -0.030000
435  -0.070000
436  -0.010000
437   0.040000
438  -0.000000
439  -0.005000
440   0.015000
441  -0.005000
442  -0.025000
443  -0.010000
444   0.015000
445   0.010000
446   0.030000
447  -0.075000
448  -0.010000
449   0.080000
450   0.005000
451   0.105000
452   0.040000
453   0.030000
454   0.005000
455  -0.035000
456  -0.005000
457   0.055000
458   0.005000
459  -0.040000
460   0.035000
461   0.030000
462   0.050000
463   0.055000
464   0.040000
465  -0.020000
466  -0.020000
467  -0.075000
468   0.005000
469   0.085000
470  -0.015000
471   0.020000
472  -0.020000
473   0.020000
474   0.080000
475   0.055000
476  -0.040000
477   0.020000
478  -0.030000
479   0.040000
480  -0.070000
481  -0.005000
482  -0.035000
483   0.010000
484  -0.060000
485  -0.010000
486  -0.035000
487   0.010000
488   0.045000
489   0.005000
490   0.085000
491  -0.015000
492   0.025000
493   0.020000
494   0.045000
495   0.005000
496   0.050000
497  -0.005000
498  -0.020000
499  -0.040000
500  -0.045000
-499   0.035000
-498   0.010000
-497  -0.025000
-496  -0.100000
-495  -0.035000
-494   0.030000
-493   0.040000
-492  -0.070000
-491   0.025000
-490  -0.030000
-489   0.000000
-488  -0.040000
-487  -0.010000
-486   0.035000
-485   0.000000
-484   0.015000
-483   0.010000
-482  -0.080000
-481   0.040000
-480   0.075000
-479   0.035000
-478   0.030000
-477  -0.010000
-476   0.040000
-475  -0.060000
-474   0.010000
-473  -0.020000
-472   0.060000
-471   0.020000
-470   0.045000
-469   0.065000
-468  -0.035000
-467   0.030000
-466   0.105000
-465  -0.030000
-464   0.075000
-463   0.070000
-462   0.050000
-461   0.010000
-460   0.020000
-459   0.035000
-458  -0.090000
-457   0.055000
-456  -0.015000
-455  -0.080000
-454  -0.065000
-453   0.035000
-452  -0.120000
-451  -0.010000
-450   0.060000
-449   0.055000
-448   0.055000
-447  -0.075000
-446  -0.045000
-445   0.060000
-444   0.015000
-443  -0.040000
-442  -0.060000
-441  -0.025000
-440  -0.060000
-439   0.035000
-438   0.050000
-437  -0.005000
-436   0.010000
-435  -0.005000
-434  -0.075000
-433   0.080000
-432  -0.090000
-431  -0.075000
-430   0.050000
-429  -0.025000
-428  -0.055000
-427  -0.035000
-426   0.015000
-425  -0.035000
-424  -0.005000
-423   0.155000
-422  -0.020000
-421  -0.035000
-420   0.025000
-419  -0.065000
-418  -0.005000
-417   0.030000
-416  -0.055000
-415  -0.025000
-414  -0.020000
-413   0.040000
-412  -0.115000
-411   0.005000
-410  -0.030000
-409  -0.045000
-408   0.030000
-407   0.005000
-406  -0.030000
-405   0.110000
-404   0.020000
-403  -0.005000
-402   0.075000
-401   0.010000
-400   0.015000
-399   0.050000
-398  -0.080000
-397   0.025000
-396  -0.030000
-395  -0.070000
-394   0.025000
-393  -0.010000
-392  -0.035000
-391  -0.045000
-390  -0.065000
-389  -0.055000
-388   0.035000
-387   0.015000
-386  -0.075000
-385   0.055000
-384   0.070000
-383  -0.005000
-382   0.095000
-381  -0.015000
-380  -0.070000
-379   0.045000
-378  -0.015000
-377   0.065000
-376  -0.010000
-375   0.035000
-374  -0.020000
-373  -0.065000
-372   0.020000
-371   0.020000
-370  -0.030000
-369  -0.015000
-368   0.000000
-367   0.105000
-366  -0.005000
-365   0.020000
-364   0.030000
-363   0.000000
-362   0.015000
-361  -0.060000
-360  -0.110000
-359   0.020000
-358  -0.000000
-357   0.005000
-356  -0.045000
-355  -0.070000
-354  -0.025000
-353  -0.060000
-352  -0.010000
-351  -0.005000
-350   0.020000
-349  -0.010000
-348   0.025000
-347   0.030000
-346   0.020000
-345  -0.030000
-344  -0.015000
-343   0.015000
-342  -0.055000
-341   0.005000
-340  -0.060000
-339  -0.005000
-338   0.105000
-337  -0.060000
-336   0.005000
-335  -0.040000
-334   0.000000
-333   0.035000
-332  -0.035000
-331  -0.065000
-330   0.020000
-329  -0.005000
-328  -0.025000
-327   0.030000
-326   0.040000
-325   0.005000
-324  -0.000000
-323  -0.040000
-322   0.060000
-321  -0.035000
-320  -0.010000
-319  -0.090000
-318   0.015000
-317  -0.090000
-316   0.040000
-315  -0.045000
-314  -0.005000
-313  -0.080000
-312   0.040000
-311   0.005000
-310   0.010000
-309  -0.005000
-308  -0.050000
-307  -0.150000
-306  -0.030000
-305   0.015000
-304  -0.015000
-303  -0.005000
-302  -0.020000
-301  -0.000000
-300   0.025000
-299  -0.000000
-298   0.030000
-297   0.060000
-296   0.050000
-295  -0.065000
-294   0.000000
-293   0.050000
-292   0.010000
-291   0.080000
-290   0.020000
-289   0.030000
-288  -0.055000
-287   0.000000
-286   0.050000
-285   0.045000
-284   0.045000
-283   0.060000
-282   0.050000
-281   0.060000
-280   0.025000
-279  -0.050000
-278   0.020000
-277  -0.025000
-276   0.025000
-275   0.005000
-274  -0.015000
-273   0.120000
-272  -0.040000
-271  -0.160000
-270   0.015000
-269   0.015000
-268   0.045000
-267   0.060000
-266   0.025000
-265  -0.035000
-264  -0.060000
-263   0.020000
-262  -0.000000
-261  -0.005000
-260  -0.010000
-259  -0.060000
-258   0.010000
-257  -0.035000
-256  -0.075000
-255  -0.115000
-254   0.035000
-253  -0.010000
-252   0.035000
-251  -0.065000
-250  -0.015000
-249   0.075000
-248   0.030000
-247  -0.125000
-246  -0.020000
-245   0.055000
-244   0.010000
-243  -0.030000
-242   0.010000
-241  -0.025000
-240   0.035000
-239   0.065000
-238   0.035000
-237   0.005000
-236  -0.015000
-235  -0.015000
-234  -0.040000
-233   0.050000
-232   0.070000
-231   0.030000
-230  -0.010000
-229  -0.030000
-228  -0.025000
-227   0.065000
-226  -0.005000
-225   0.010000
-224  -0.015000
-223  -0.005000
-222   0.100000
-221  -0.015000
-220   0.065000
-219   0.040000
-218   0.000000
-217  -0.075000
-216  -0.085000
-215   0.035000
-214  -0.030000
-213   0.050000
-212   0.050000
-211  -0.050000
-210  -0.045000
-209   0.010000
-208   0.075000
-207   0.030000
-206  -0.105000
-205   0.025000
-204   0.005000
-203   0.015000
-202   0.005000
-201   0.005000
-200   0.075000
-199   0.025000
-198   0.025000
-197   0.040000
-196  -0.065000
-195  -0.050000
-194  -0.020000
-193  -0.110000
-192   0.030000
-191  -0.050000
-190   0.005000
-189  -0.125000
-188  -0.005000
-187   0.020000
-186  -0.100000
-185  -0.020000
-184   0.025000
-183   0.020000
-182   0.025000
-181  -0.030000
-180  -0.030000
-179  -0.025000
-178  -0.040000
-177   0.030000
-176   0.055000
-175   0.065000
-174  -0.025000
-173   0.105000
-172  -0.010000
-171   0.035000
-170   0.020000
-169  -0.015000
-168  -0.010000
-167   0.035000
-166   0.050000
-165  -0.030000
-164   0.025000
-163   0.085000
-162  -0.015000
-161  -0.065000
-160   0.070000
-159   0.045000
-158  -0.030000
-157   0.025000
-156   0.045000
-155  -0.070000
-154   0.060000
-153  -0.085000
-152   0.015000
-151   0.045000
-150  -0.005000
-149   0.005000
-148  -0.030000
-147   0.025000
-146  -0.035000
-145   0.105000
-144  -0.010000
-143   0.035000
-142  -0.085000
-141   0.030000
-140   0.015000
-139   0.045000
-138   0.035000
-137   0.045000
-136   0.005000
-135   0.015000
-134  -0.040000
-133   0.025000
-132  -0.085000
-131   0.045000
-130  -0.065000
-129   0.025000
-128   0.090000
-127   0.075000
-126   0.005000
-125  -0.065000
-124  -0.060000
-123   0.015000
-122  -0.025000
-121   0.000000
-120  -0.070000
-119   0.035000
-118   0.025000
-117  -0.010000
-116   0.050000
-115   0.090000
-114  -0.020000
-113   0.090000
-112  -0.070000
-111   0.075000
-110  -0.040000
-109   0.015000
-108  -0.020000
-107  -0.035000
-106   0.070000
-105   0.020000
-104   0.020000
-103  -0.050000
-102  -0.080000
-101  -0.020000
-100   0.000000
-99  -0.030000
-98   0.025000
-97   0.020000
-96   0.000000
-95  -0.065000
-94  -0.090000
-93  -0.025000
-92   0.060000
-91   0.050000
-90  -0.020000
-89   0.070000
-88  -0.005000
-87  -0.010000
-86  -0.105000
-85  -0.015000
-84   0.050000
-83   0.015000
-82   0.070000
-81   0.010000
-80  -0.050000
-79  -0.005000
-78  -0.040000
-77   0.060000
-76  -0.005000
-75  -0.035000
-74   0.050000
-73  -0.075000
-72  -0.010000
-71   0.055000
-70   0.135000
-69  -0.040000
-68  -0.130000
-67   0.035000
-66  -0.025000
-65  -0.030000
-64  -0.050000
-63   0.035000
-62  -0.090000
-61  -0.035000
-60   0.075000
-59   0.015000
-58  -0.050000
-57  -0.045000
-56   0.005000
-55  -0.015000
-54   0.070000
-53  -0.010000
-52  -0.015000
-51  -0.050000
-50  -0.040000
-49  -0.005000
-48  -0.015000
-47  -0.015000
-46  -0.050000
-45   0.025000
-44   0.050000
-43  -0.010000
-42  -0.010000
-41   0.005000
-40  -0.015000
-39   0.050000
-38   0.025000
-37   0.025000
-36  -0.035000
-35  -0.090000
-34  -0.070000
-33  -0.040000
-32  -0.030000
-31  -0.065000
-30   0.040000
-29  -0.035000
-28   0.090000
-27  -0.000000
-26   0.010000
-25   0.040000
-24  -0.055000
-23   0.035000
-22  -0.035000
-21  -0.045000
-20  -0.015000
-19   0.045000
-18   0.020000
-17  -0.015000
-16   0.015000
-15  -0.040000
-14   0.120000
-13   0.045000
-12   0.075000
-11   0.050000
-10   0.050000
-9   0.030000
-8  -0.020000
-7   0.035000
-6  -0.010000
-5  -0.030000
-4  -0.050000
-3   0.090000
-2   0.010000
-1   0.060000
