0   0.020000
1   0.020000
2   0.040000
3  -0.035000
4  -0.050000
5  -0.025000
6  -0.005000
7  -0.035000
8   0.140000
9  -0.045000
10   0.070000
11  -0.005000
12  -0.005000
13  -0.010000
14   0.005000
15   0.035000
16  -0.035000
17   0.015000
18  -0.020000
19   0.075000
20  -0.065000
21  -0.025000
22   0.070000
23  -0.030000
24  -0.025000
25  -0.010000
26  -0.000000
27   0.025000
28  -0.060000
29  -0.005000
30  -0.040000
31   0.000000
32   0.005000
33  -0.040000
34  -0.030000
35  -0.030000
36  -0.025000
37  -0.005000
38  -0.135000
39  -0.015000
40   0.020000
41  -0.005000
42  -0.020000
43  -0.010000
44  -0.005000
45  -0.065000
46   0.010000
47   0.020000
48  -0.010000
49  -0.110000
50   0.065000
51   0.055000
52  -0.080000
53   0.100000
54  -0.050000
55  -0.060000
56  -0.030000
57   0.040000
58  -0.020000
59   0.060000
60  -0.015000
61   0.050000
62   0.060000
63  -0.040000
64  -0.040000
65  -0.040000
66   0.040000
67  -0.015000
68   0.025000
69   0.005000
70  -0.050000
71  -0.085000
72   0.090000
73   0.080000
74   0.005000
75   0.095000
76  -0.020000
77  -0.005000
78  -0.010000
79  -0.010000
80   0.045000
81   0.010000
82   0.030000
83  -0.020000
84  -0.015000
85   0.010000
86  -0.090000
87   0.000000
88  -0.015000
89   0.010000
90  -0.015000
91  -0.000000
92  -0.070000
93   0.030000
94  -0.030000
95   0.070000
96   0.010000
97   0.050000
98   0.040000
99  -0.100000
100   0.045000
101   0.030000
102  -0.005000
103   0.055000
104  -0.020000
105  -0.135000
106  -0.010000
107  -0.010000
108   0.090000
109  -0.095000
110  -0.035000
111   0.035000
112   0.010000
113  -0.045000
114   0.030000
115  -0.025000
116  -0.035000
117   0.100000
118  -0.055000
119   0.020000
120   0.035000
121   0.010000
122   0.060000
123  -0.010000
124   0.010000
125   0.075000
126  -0.040000
127   0.055000
128   0.000000
129  -0.015000
130  -0.015000
131   0.015000
132   0.010000
133  -0.005000
134  -0.035000
135  -0.030000
136   0.105000
137  -0.055000
138   0.035000
139  -0.030000
140  -0.025000
141   0.060000
142   0.060000
143  -0.055000
144  -0.015000
145  -0.015000
146  -0.070000
147   0.040000
148  -0.000000
149  -0.045000
150   0.020000
151  -0.055000
152   0.050000
153  -0.005000
154   0.090000
155  -0.000000
156  -0.010000
157  -0.005000
158  -0.070000
159   0.030000
160   0.010000
161   0.030000
162   0.030000
163  -0.025000
164   0.115000
165  -0.005000
166   0.095000
167   0.080000
168  -0.015000
169  -0.055000
170  -0.060000
171  -0.050000
172  -0.070000
173   0.015000
174   0.035000
175   0.035000
176  -0.040000
177  -0.015000
178   0.005000
179   0.040000
180   0.015000
181   0.010000
182   0.060000
183  -0.095000
184  -0.040000
185   0.005000
186   0.030000
187  -0.085000
188   0.025000
189  -0.025000
190   0.005000
191  -0.005000
192   0.030000
193  -0.020000
194   0.015000
195  -0.005000
196   0.035000
197  -0.005000
198   0.030000
199   0.055000
200   0.085000
201  -0.100000
202   0.045000
203   0.000000
204  -0.045000
205  -0.070000
206   0.050000
207  -0.015000
208   0.000000
209   0.045000
210   0.015000
211   0.075000
212   0.045000
213   0.035000
214   0.030000
215   0.020000
216   0.075000
217  -0.040000
218  -0.020000
219  -0.045000
220   0.040000
221   0.115000
222  -0.005000
223  -0.025000
224  -0.065000
225   0.015000
226   0.025000
227   0.030000
228   0.005000
229   0.035000
230   0.020000
231   0.100000
232   0.010000
233  -0.010000
234  -0.030000
235   0.055000
236  -0.065000
237  -0.035000
238  -0.015000
239  -0.110000
240   0.020000
241   0.030000
242  -0.020000
243   0.045000
244  -0.015000
245  -0.050000
246   0.055000
247   0.020000
248   0.035000
249   0.035000
250  -0.030000
251  -0.035000
252   0.070000
253   0.140000
254   0.035000
255   0.070000
256   0.070000
257  -0.065000
258   0.020000
259  -0.090000
260  -0.005000
261   0.020000
262  -0.005000
263  -0.075000
264   0.070000
265  -0.055000
266   0.035000
267   0.015000
268   0.105000
269   0.005000
270   0.070000
271   0.145000
272   0.040000
273  -0.000000
274  -0.015000
275   0.075000
276   0.080000
277  -0.020000
278   0.025000
279  -0.020000
280  -0.015000
281  -0.020000
282  -0.050000
283  -0.050000
284   0.060000
285  -0.005000
286   0.060000
287   0.035000
288   0.030000
289  -0.020000
290   0.160000
291   0.040000
292   0.005000
293   0.010000
294  -0.055000
295   0.055000
296   0.035000
297   0.060000
298   0.065000
299   0.035000
300   0.005000
301  -0.045000
302   0.005000
303   0.030000
304  -0.080000
305  -0.070000
306   0.035000
307   0.005000
308   0.065000
309   0.060000
310   0.040000
311  -0.050000
312   0.145000
313   0.090000
314  -0.010000
315  -0.020000
316   0.100000
317   0.065000
318  -0.035000
319   0.015000
320   0.020000
321   0.080000
322   0.010000
323  -0.035000
324  -0.005000
325   0.050000
326   0.010000
327  -0.015000
328   0.045000
329   0.005000
330   0.115000
331   0.085000
332   0.045000
333  -0.105000
334  -0.115000
335   0.000000
336   0.060000
337   0.025000
338  -0.125000
339  -0.025000
340   0.045000
341   0.025000
342  -0.045000
343  -0.040000
344   0.055000
345   0.110000
346   0.000000
347  -0.070000
348   0.025000
349  -0.085000
350  -0.050000
351  -0.030000
352  -0.030000
353   0.025000
354   0.005000
355   0.035000
356  -0.000000
357  -0.035000
358   0.000000
359   0.000000
360  -0.065000
361   0.010000
362   0.000000
363   0.035000
364  -0.015000
365  -0.050000
366   0.060000
367   0.000000
368   0.040000
369  -0.050000
370   0.050000
371  -0.105000
372   0.025000
373  -0.085000
374  -0.050000
375   0.100000
376  -0.035000
377   0.015000
378   0.015000
379   0.050000
380   0.005000
381  -0.025000
382  -0.015000
383  -0.070000
384  -0.040000
385   0.050000
386  -0.075000
387   0.035000
388  -0.015000
389   0.085000
390  -0.045000
391  -0.035000
392   0.015000
393  -0.040000
394   0.035000
395   0.075000
396   0.010000
397   0.025000
398  -0.080000
399  -0.000000
400  -0.030000
401   0.010000
402  -0.000000
403  -0.010000
404  -0.075000
405   0.015000
406  -0.010000
407  -0.045000
408   0.030000
409   0.080000
410  -0.115000
411  -0.015000
412  -0.005000
413   0.090000
414  -0.085000
415  -0.125000
416   0.105000
417   0.050000
418  -0.050000
419  -0.030000
420  -0.070000
421  -0.020000
422   0.045000
423   0.100000
424   0.010000
425  -0.090000
426   0.045000
427  -0.010000
428   0.065000
429  -0.005000
430  -0.010000
431  -0.080000
432  -0.070000
433  -0.030000
434  -0.040000
435  -0.055000
436  -0.055000
437   0.060000
438   0.010000
439   0.050000
440  -0.010000
441  -0.070000
442   0.060000
443  -0.075000
444   0.040000
445  -0.000000
446  -0.025000
447   0.040000
448   0.015000
449  -0.005000
450  -0.020000
451  -0.025000
452  -0.010000
453   0.050000
454  -0.010000
455   0.055000
456   0.000000
457   0.020000
458  -0.045000
459  -0.055000
460   0.005000
461  -0.025000
462  -0.010000
463   0.015000
464   0.050000
465  -0.020000
466  -0.070000
467   0.065000
468   0.085000
469  -0.055000
470   0.005000
471   0.040000
472   0.070000
473  -0.085000
474   0.025000
475  -0.105000
476  -0.035000
477  -0.030000
478   0.050000
479  -0.060000
480   0.070000
481  -0.020000
482   0.010000
483   0.005000
484   0.085000
485  -0.015000
486   0.055000
487   0.060000
488  -0.085000
489   0.005000
490  -0.015000
491   0.035000
492   0.015000
493  -0.015000
494  -0.075000
495  -0.005000
496  -0.110000
497   0.045000
498   0.035000
499  -0.070000
500  -0.070000
-499  -0.025000
-498  -0.060000
-497   0.035000
-496   0.055000
-495   0.125000
-494   0.025000
-493   0.010000
-492   0.020000
-491   0.010000
-490   0.005000
-489   0.020000
-488   0.035000
-487   0.055000
-486  -0.055000
-485  -0.005000
-484   0.030000
-483   0.065000
-482  -0.090000
-481  -0.065000
-480   0.005000
-479  -0.065000
-478   0.050000
-477  -0.080000
-476  -0.025000
-475   0.010000
-474   0.050000
-473   0.050000
-472   0.040000
-471   0.035000
-470  -0.080000
-469  -0.010000
-468  -0.085000
-467  -0.085000
-466   0.020000
-465  -0.010000
-464  -0.045000
-463  -0.065000
-462   0.005000
-461   0.115000
-460  -0.035000
-459  -0.030000
-458   0.015000
-457  -0.015000
-456   0.070000
-455   0.010000
-454  -0.125000
-453   0.040000
-452   0.035000
-451  -0.025000
-450   0.070000
-449  -0.030000
-448   0.005000
-447  -0.070000
-446   0.065000
-445  -0.035000
-444   0.020000
-443   0.005000
-442  -0.110000
-441  -0.005000
-440   0.140000
-439  -0.075000
-438  -0.020000
-437   0.070000
-436   0.015000
-435   0.040000
-434  -0.080000
-433  -0.025000
-432  -0.030000
-431  -0.055000
-430   0.090000
-429   0.005000
-428  -0.030000
-427  -0.045000
-426   0.025000
-425  -0.055000
-424   0.055000
-423   0.005000
-422  -0.065000
-421   0.050000
-420   0.010000
-419  -0.045000
-418  -0.060000
-417  -0.040000
-416   0.080000
-415  -0.005000
-414  -0.080000
-413   0.060000
-412  -0.045000
-411   0.020000
-410   0.090000
-409   0.105000
-408  -0.020000
-407  -0.025000
-406  -0.025000
-405   0.145000
-404  -0.090000
-403   0.005000
-402  -0.065000
-401   0.005000
-400   0.040000
-399  -0.035000
-398  -0.015000
-397   0.030000
-396  -0.095000
-395   0.000000
-394  -0.030000
-393  -0.080000
-392  -0.055000
-391   0.055000
-390  -0.055000
-389   0.010000
-388   0.010000
-387   0.025000
-386   0.080000
-385   0.010000
-384  -0.035000
-383  -0.085000
-382   0.040000
-381   0.035000
-380  -0.045000
-379   0.000000
-378  -0.030000
-377  -0.080000
-376  -0.060000
-375  -0.020000
-374   0.025000
-373   0.005000
-372  -0.050000
-371   0.020000
-370  -0.070000
-369   0.025000
-368  -0.005000
-367   0.090000
-366   0.050000
-365  -0.030000
-364   0.055000
-363   0.015000
-362   0.065000
-361   0.005000
-360   0.055000
-359  -0.020000
-358   0.020000
-357   0.045000
-356  -0.095000
-355   0.030000
-354  -0.045000
-353  -0.090000
-352   0.095000
-351   0.005000
-350   0.005000
-349  -0.025000
-348   0.040000
-347  -0.005000
-346  -0.010000
-345   0.025000
-344   0.025000
-343  -0.080000
-342  -0.040000
-341   0.045000
-340   0.120000
-339  -0.080000
-338   0.020000
-337   0.035000
-336   0.035000
-335   0.005000
-334  -0.020000
-333  -0.015000
-332   0.025000
-331   0.025000
-330   0.035000
-329  -0.045000
-328   0.075000
-327   0.005000
-326   0.045000
-325  -0.000000
-324  -0.105000
-323  -0.065000
-322  -0.005000
-321   0.015000
-320   0.085000
-319  -0.020000
-318  -0.010000
-317  -0.010000
-316  -0.020000
-315   0.060000
-314   0.030000
-313  -0.020000
-312   0.015000
-311   0.020000
-310   0.060000
-309   0.045000
-308  -0.070000
-307   0.020000
-306   0.065000
-305   0.010000
-304  -0.025000
-303   0.055000
-302  -0.030000
-301   0.065000
-300  -0.045000
-299   0.035000
-298  -0.135000
-297   0.060000
-296   0.010000
-295   0.010000
-294  -0.020000
-293  -0.080000
-292  -0.025000
-291  -0.080000
-290  -0.015000
-289  -0.025000
-288   0.000000
-287  -0.035000
-286  -0.125000
-285  -0.075000
-284  -0.055000
-283  -0.015000
-282   0.010000
-281  -0.025000
-280  -0.045000
-279  -0.020000
-278  -0.015000
-277  -0.040000
-276   0.145000
-275  -0.060000
-274   0.050000
-273   0.050000
-272   0.025000
-271   0.025000
-270   0.055000
-269  -0.025000
-268   0.030000
-267  -0.040000
-266  -0.005000
-265   0.065000
-264   0.085000
-263   0.020000
-262  -0.055000
-261  -0.070000
-260   0.020000
-259   0.075000
-258  -0.070000
-257  -0.025000
-256   0.030000
-255   0.045000
-254  -0.020000
-253   0.025000
-252   0.030000
-251  -0.045000
-250  -0.055000
-249   0.040000
-248  -0.035000
-247   0.025000
-246   0.035000
-245   0.090000
-244  -0.035000
-243   0.000000
-242  -0.025000
-241  -0.050000
-240  -0.015000
-239  -0.100000
-238  -0.015000
-237  -0.015000
-236  -0.040000
-235   0.010000
-234   0.025000
-233   0.075000
-232   0.105000
-231   0.025000
-230  -0.025000
-229   0.010000
-228   0.010000
-227   0.005000
-226  -0.080000
-225  -0.005000
-224  -0.015000
-223  -0.000000
-222   0.005000
-221   0.050000
-220   0.010000
-219   0.115000
-218   0.005000
-217  -0.020000
-216  -0.040000
-215  -0.040000
-214   0.055000
-213   0.025000
-212  -0.000000
-211  -0.020000
-210   0.040000
-209   0.035000
-208  -0.015000
-207   0.010000
-206   0.005000
-205  -0.035000
-204  -0.005000
-203   0.030000
-202  -0.010000
-201  -0.055000
-200   0.030000
-199   0.090000
-198  -0.110000
-197  -0.020000
-196  -0.035000
-195   0.015000
-194  -0.015000
-193   0.030000
-192  -0.055000
-191  -0.045000
-190   0.040000
-189   0.040000
-188   0.030000
-187   0.010000
-186  -0.035000
-185   0.020000
-184   0.065000
-183  -0.045000
-182   0.055000
-181  -0.040000
-180  -0.060000
-179  -0.005000
-178   0.075000
-177  -0.015000
-176  -0.005000
-175  -0.115000
-174   0.065000
-173  -0.065000
-172   0.015000
-171   0.010000
-170  -0.015000
-169  -0.070000
-168  -0.025000
-167  -0.025000
-166   0.000000
-165   0.070000
-164   0.035000
-163  -0.065000
-162   0.055000
-161  -0.020000
-160   0.035000
-159  -0.025000
-158   0.020000
-157  -0.055000
-156  -0.060000
-155  -0.060000
-154  -0.010000
-153  -0.015000
-152   0.070000
-151  -0.055000
-150   0.030000
-149   0.065000
-148  -0.010000
-147  -0.010000
-146  -0.080000
-145  -0.030000
-144  -0.005000
-143   0.010000
-142   0.025000
-141  -0.030000
-140  -0.015000
-139  -0.045000
-138  -0.070000
-137   0.025000
-136   0.080000
-135  -0.025000
-134  -0.060000
-133   0.010000
-132  -0.090000
-131   0.005000
-130   0.100000
-129  -0.000000
-128  -0.040000
-127  -0.020000
-126  -0.015000
-125   0.010000
-124   0.065000
-123   0.075000
-122  -0.075000
-121  -0.020000
-120   0.000000
-119  -0.015000
-118   0.035000
-117  -0.060000
-116  -0.025000
-115  -0.005000
-114  -0.035000
-113  -0.005000
-112  -0.005000
-111  -0.020000
-110   0.030000
-109  -0.040000
-108  -0.080000
-107  -0.020000
-106  -0.070000
-105   0.020000
-104  -0.010000
-103   0.000000
-102   0.080000
-101   0.030000
-100   0.085000
-99  -0.030000
-98  -0.070000
-97   0.015000
-96   0.095000
-95  -0.030000
-94  -0.020000
-93  -0.050000
-92  -0.030000
-91   0.045000
-90  -0.015000
-89  -0.015000
-88  -0.040000
-87  -0.020000
-86  -0.010000
-85   0.060000
-84   0.025000
-83   0.000000
-82  -0.025000
-81  -0.050000
-80  -0.065000
-79  -0.030000
-78  -0.020000
-77  -0.005000
-76  -0.045000
-75   0.035000
-74  -0.010000
-73  -0.050000
-72  -0.000000
-71  -0.020000
-70   0.090000
-69   0.020000
-68  -0.005000
-67  -0.030000
-66   0.055000
-65  -0.070000
-64   0.060000
-63  -0.025000
-62  -0.030000
-61  -0.015000
-60  -0.025000
-59  -0.020000
-58  -0.040000
-57  -0.030000
-56   0.030000
-55   0.040000
-54   0.030000
-53   0.015000
-52   0.095000
-51  -0.040000
-50  -0.075000
-49  -0.035000
-48   0.025000
-47   0.045000
-46   0.050000
-45   0.115000
-44  -0.000000
-43  -0.130000
-42   0.025000
-41  -0.015000
-40  -0.055000
-39  -0.120000
-38   0.000000
-37  -0.045000
-36  -0.015000
-35   0.055000
-34  -0.080000
-33   0.015000
-32  -0.005000
-31  -0.020000
-30  -0.035000
-29   0.085000
-28  -0.045000
-27   0.065000
-26  -0.060000
-25  -0.015000
-24   0.020000
-23   0.005000
-22   0.020000
-21   0.045000
-20   0.080000
-19  -0.035000
-18  -0.040000
-17  -0.010000
-16  -0.015000
-15  -0.045000
-14  -0.045000
-13   0.005000
-12  -0.010000
-11   0.040000
-10   0.010000
-9   0.035000
-8   0.060000
-7   0.155000
-6   0.075000
-5   0.030000
-4   0.025000
-3  -0.045000
-2   0.025000
-1   0.010000
