0   0.065000
1   0.030000
2   0.080000
3   0.105000
4   0.060000
5   0.005000
6  -0.075000
7   0.005000
8  -0.080000
9   0.050000
10   0.050000
11  -0.095000
12   0.065000
13   0.010000
14  -0.005000
15   0.085000
16  -0.065000
17  -0.070000
18  -0.010000
19   0.035000
20  -0.005000
21   0.025000
22   0.010000
23   0.005000
24   0.020000
25   0.095000
26   0.095000
27  -0.020000
28  -0.060000
29  -0.035000
30  -0.035000
31  -0.000000
32  -0.045000
33   0.000000
34  -0.050000
35  -0.045000
36   0.030000
37  -0.025000
38  -0.035000
39  -0.020000
40  -0.070000
41  -0.060000
42  -0.045000
43   0.045000
44   0.075000
45   0.000000
46   0.060000
47   0.010000
48   0.000000
49   0.025000
50   0.095000
51  -0.065000
52  -0.035000
53   0.020000
54  -0.020000
55   0.055000
56  -0.025000
57  -0.020000
58   0.065000
59   0.020000
60   0.080000
61   0.055000
62   0.030000
63   0.075000
64  -0.050000
65   0.035000
66  -0.020000
67   0.025000
68   0.055000
69   0.000000
70   0.060000
71  -0.030000
72  -0.090000
73  -0.035000
74  -0.030000
75  -0.000000
76  -0.060000
77  -0.035000
78   0.000000
79   0.060000
80   0.050000
81   0.020000
82  -0.100000
83   0.005000
84   0.020000
85   0.070000
86  -0.050000
87   0.040000
88   0.075000
89  -0.065000
90  -0.020000
91  -0.015000
92   0.040000
93   0.060000
94   0.080000
95   0.020000
96  -0.005000
97   0.040000
98   0.035000
99  -0.085000
100  -0.015000
101   0.025000
102  -0.005000
103  -0.035000
104  -0.015000
105   0.080000
106   0.030000
107   0.005000
108  -0.005000
109  -0.015000
110  -0.035000
111  -0.025000
112  -0.090000
113   0.115000
114  -0.010000
115  -0.035000
116  -0.060000
117   0.100000
118  -0.070000
119   0.010000
120   0.015000
121   0.055000
122  -0.015000
123  -0.025000
124   0.045000
125  -0.035000
126  -0.045000
127   0.060000
128   0.015000
129  -0.035000
130   0.015000
131   0.005000
132   0.015000
133  -0.010000
134  -0.125000
135   0.050000
136  -0.015000
137   0.025000
138   0.015000
139  -0.025000
140  -0.025000
141   0.120000
142   0.040000
143  -0.025000
144   0.030000
145  -0.085000
146   0.045000
147   0.010000
148   0.055000
149  -0.035000
150   0.025000
151   0.050000
152  -0.005000
153   0.035000
154  -0.020000
155  -0.070000
156  -0.085000
157  -0.030000
158  -0.025000
159   0.000000
160  -0.010000
161  -0.045000
162  -0.080000
163   0.075000
164   0.070000
165  -0.065000
166   0.030000
167  -0.005000
168   0.070000
169  -0.005000
170  -0.055000
171   0.010000
172   0.070000
173   0.010000
174  -0.030000
175   0.005000
176   0.040000
177   0.000000
178  -0.040000
179  -0.090000
180   0.050000
181   0.040000
182   0.005000
183  -0.155000
184   0.040000
185  -0.050000
186   0.015000
187  -0.040000
188   0.055000
189  -0.105000
190   0.120000
191   0.055000
192   0.005000
193  -0.020000
194  -0.075000
195   0.045000
196  -0.035000
197  -0.030000
198  -0.065000
199   0.065000
200   0.000000
201  -0.010000
202   0.040000
203  -0.000000
204   0.015000
205  -0.085000
206  -0.025000
207   0.075000
208  -0.065000
209   0.030000
210   0.020000
211   0.010000
212  -0.075000
213  -0.005000
214  -0.085000
215  -0.015000
216  -0.010000
217   0.080000
218  -0.010000
219  -0.020000
220  -0.055000
221  -0.005000
222   0.085000
223  -0.035000
224   0.025000
225   0.015000
226  -0.010000
227  -0.010000
228  -0.055000
229   0.010000
230   0.045000
231  -0.015000
232   0.070000
233   0.025000
234   0.055000
235   0.040000
236   0.045000
237   0.020000
238  -0.080000
239   0.010000
240   0.040000
241   0.040000
242   0.055000
243  -0.015000
244  -0.025000
245   0.050000
246   0.000000
247   0.065000
248   0.100000
249   0.070000
250  -0.135000
251  -0.045000
252  -0.020000
253   0.025000
254   0.000000
255   0.080000
256   0.015000
257   0.000000
258  -0.010000
259  -0.045000
260   0.065000
261   0.035000
262   0.055000
263   0.100000
264  -0.095000
265  -0.085000
266  -0.035000
267   0.040000
268  -0.020000
269  -0.020000
270   0.025000
271  -0.040000
272  -0.080000
273  -0.020000
274   0.060000
275  -0.010000
276  -0.015000
277  -0.100000
278   0.020000
279   0.035000
280   0.030000
281  -0.035000
282  -0.025000
283   0.060000
284   0.005000
285   0.030000
286   0.005000
287   0.030000
288   0.050000
289   0.000000
290  -0.120000
291   0.110000
292   0.010000
293   0.015000
294   0.020000
295   0.065000
296   0.035000
297   0.005000
298  -0.060000
299   0.065000
300  -0.020000
301  -0.020000
302  -0.115000
303   0.100000
304  -0.045000
305  -0.040000
306  -0.070000
307  -0.055000
308   0.055000
309  -0.065000
310  -0.020000
311   0.040000
312  -0.060000
313   0.040000
314  -0.050000
315   0.015000
316   0.035000
317   0.065000
318  -0.040000
319   0.035000
320  -0.005000
321  -0.070000
322  -0.060000
323  -0.035000
324   0.000000
325   0.035000
326   0.000000
327  -0.000000
328   0.030000
329  -0.055000
330  -0.020000
331  -0.020000
332   0.010000
333  -0.025000
334  -0.000000
335   0.035000
336  -0.020000
337  -0.005000
338  -0.030000
339  -0.010000
340  -0.005000
341   0.000000
342  -0.080000
343   0.055000
344   0.025000
345  -0.030000
346   0.055000
347  -0.045000
348   0.040000
349  -0.080000
350   0.070000
351  -0.020000
352  -0.015000
353   0.010000
354  -0.030000
355   0.010000
356   0.045000
357   0.020000
358   0.030000
359  -0.055000
360   0.050000
361   0.005000
362  -0.000000
363  -0.120000
364   0.055000
365   0.020000
366   0.015000
367  -0.040000
368  -0.030000
369   0.035000
370   0.045000
371   0.030000
372   0.060000
373  -0.020000
374   0.045000
375   0.035000
376   0.070000
377   0.065000
378   0.010000
379  -0.080000
380  -0.065000
381  -0.040000
382  -0.005000
383   0.020000
384   0.005000
385  -0.055000
386   0.020000
387  -0.035000
388   0.065000
389  -0.055000
390  -0.090000
391   0.050000
392  -0.040000
393  -0.000000
394   0.075000
395  -0.055000
396   0.000000
397   0.070000
398   0.035000
399   0.015000
400  -0.040000
401  -0.030000
402   0.025000
403   0.020000
404  -0.090000
405   0.010000
406  -0.045000
407  -0.035000
408  -0.005000
409   0.035000
410   0.030000
411  -0.045000
412   0.015000
413   0.050000
414  -0.035000
415   0.035000
416  -0.005000
417   0.045000
418   0.095000
419  -0.070000
420  -0.025000
421  -0.015000
422   0.005000
423   0.055000
424  -0.060000
425  -0.040000
426   0.025000
427   0.015000
428   0.045000
429   0.060000
430   0.010000
431  -0.010000
432   0.050000
433   0.000000
434  -0.015000
435  -0.070000
436   0.145000
437  -0.010000
438   0.090000
439   0.045000
440   0.035000
441  -0.055000
442   0.055000
443  -0.030000
444   0.090000
445   0.050000
446   0.025000
447  -0.010000
448  -0.080000
449  -0.045000
450  -0.040000
451  -0.015000
452  -0.050000
453   0.025000
454  -0.055000
455   0.065000
456   0.010000
457   0.040000
458  -0.010000
459   0.045000
460  -0.050000
461   0.085000
462   0.020000
463  -0.025000
464   0.015000
465  -0.030000
466  -0.030000
467   0.050000
468   0.035000
469   0.050000
470   0.070000
471  -0.040000
472  -0.095000
473  -0.035000
474   0.045000
475  -0.040000
476   0.050000
477   0.055000
478  -0.015000
479  -0.120000
480  -0.005000
481   0.050000
482   0.050000
483  -0.060000
484   0.015000
485  -0.015000
486  -0.075000
487   0.010000
488   0.020000
489  -0.040000
490  -0.055000
491   0.015000
492   0.075000
493   0.010000
494  -0.150000
495   0.035000
496  -0.070000
497  -0.040000
498   0.025000
499  -0.030000
500  -0.025000
-499  -0.090000
-498   0.060000
-497  -0.010000
-496   0.045000
-495   0.020000
-494  -0.005000
-493  -0.000000
-492   0.005000
-491  -0.030000
-490  -0.065000
-489   0.065000
-488  -0.045000
-487   0.010000
-486  -0.060000
-485   0.075000
-484   0.010000
-483  -0.030000
-482  -0.020000
-481  -0.055000
-480  -0.025000
-479   0.040000
-478  -0.040000
-477   0.000000
-476   0.065000
-475   0.050000
-474   0.000000
-473   0.015000
-472  -0.025000
-471   0.135000
-470   0.055000
-469  -0.090000
-468   0.080000
-467   0.035000
-466  -0.045000
-465   0.030000
-464   0.025000
-463   0.000000
-462  -0.065000
-461   0.040000
-460  -0.040000
-459   0.065000
-458  -0.015000
-457  -0.080000
-456   0.000000
-455   0.015000
-454   0.090000
-453   0.030000
-452  -0.010000
-451   0.025000
-450   0.010000
-449   0.035000
-448  -0.055000
-447  -0.085000
-446  -0.095000
-445   0.050000
-444   0.040000
-443   0.030000
-442   0.025000
-441   0.025000
-440  -0.015000
-439  -0.065000
-438  -0.080000
-437  -0.030000
-436  -0.040000
-435   0.015000
-434  -0.055000
-433  -0.055000
-432  -0.020000
-431  -0.020000
-430  -0.060000
-429   0.025000
-428  -0.085000
-427  -0.060000
-426   0.025000
-425  -0.015000
-424   0.030000
-423  -0.025000
-422   0.010000
-421   0.025000
-420   0.100000
-419  -0.045000
-418   0.045000
-417  -0.035000
-416  -0.070000
-415   0.025000
-414  -0.010000
-413   0.030000
-412   0.020000
-411  -0.050000
-410   0.060000
-409  -0.015000
-408  -0.050000
-407  -0.005000
-406  -0.135000
-405  -0.020000
-404   0.075000
-403   0.110000
-402   0.005000
-401   0.035000
-400   0.020000
-399   0.055000
-398   0.025000
-397   0.070000
-396   0.015000
-395   0.040000
-394  -0.005000
-393  -0.015000
-392   0.095000
-391  -0.005000
-390   0.030000
-389  -0.060000
-388  -0.005000
-387  -0.045000
-386   0.010000
-385  -0.040000
-384  -0.040000
-383   0.085000
-382   0.040000
-381   0.065000
-380   0.035000
-379   0.005000
-378  -0.025000
-377  -0.015000
-376  -0.020000
-375  -0.065000
-374  -0.050000
-373   0.115000
-372  -0.020000
-371   0.090000
-370  -0.050000
-369   0.050000
-368  -0.020000
-367   0.080000
-366   0.050000
-365   0.045000
-364   0.080000
-363  -0.080000
-362   0.050000
-361   0.050000
-360   0.035000
-359   0.035000
-358   0.075000
-357  -0.015000
-356  -0.035000
-355   0.045000
-354  -0.040000
-353   0.010000
-352   0.040000
-351  -0.005000
-350  -0.015000
-349  -0.025000
-348   0.055000
-347  -0.020000
-346   0.025000
-345  -0.110000
-344   0.115000
-343   0.010000
-342   0.025000
-341  -0.025000
-340  -0.100000
-339  -0.010000
-338  -0.010000
-337   0.010000
-336  -0.010000
-335  -0.010000
-334   0.060000
-333  -0.125000
-332   0.040000
-331  -0.045000
-330  -0.075000
-329  -0.035000
-328   0.065000
-327   0.050000
-326  -0.100000
-325  -0.035000
-324  -0.030000
-323   0.005000
-322   0.040000
-321   0.035000
-320   0.040000
-319   0.000000
-318   0.015000
-317   0.020000
-316   0.030000
-315   0.000000
-314   0.035000
-313   0.025000
-312   0.055000
-311  -0.050000
-310   0.000000
-309   0.060000
-308   0.015000
-307   0.060000
-306   0.090000
-305  -0.000000
-304  -0.030000
-303   0.005000
-302   0.050000
-301   0.015000
-300   0.010000
-299  -0.115000
-298  -0.015000
-297   0.020000
-296   0.100000
-295   0.000000
-294  -0.005000
-293  -0.045000
-292  -0.020000
-291   0.040000
-290   0.015000
-289  -0.035000
-288   0.005000
-287   0.120000
-286   0.015000
-285   0.070000
-284   0.070000
-283  -0.070000
-282   0.030000
-281  -0.020000
-280  -0.035000
-279   0.075000
-278   0.060000
-277  -0.015000
-276   0.015000
-275   0.010000
-274   0.000000
-273   0.020000
-272  -0.040000
-271   0.090000
-270  -0.030000
-269   0.110000
-268   0.030000
-267   0.075000
-266   0.065000
-265   0.005000
-264  -0.080000
-263   0.030000
-262  -0.045000
-261  -0.075000
-260   0.115000
-259   0.050000
-258  -0.045000
-257  -0.100000
-256  -0.005000
-255  -0.005000
-254  -0.010000
-253  -0.070000
-252   0.110000
-251   0.095000
-250  -0.025000
-249  -0.010000
-248  -0.015000
-247  -0.015000
-246   0.000000
-245  -0.010000
-244  -0.020000
-243  -0.080000
-242   0.065000
-241   0.030000
-240   0.075000
-239   0.010000
-238  -0.045000
-237   0.005000
-236  -0.015000
-235  -0.035000
-234   0.065000
-233   0.035000
-232   0.000000
-231   0.025000
-230  -0.015000
-229   0.045000
-228  -0.060000
-227  -0.150000
-226   0.000000
-225   0.115000
-224   0.100000
-223  -0.010000
-222  -0.040000
-221   0.035000
-220   0.090000
-219   0.030000
-218  -0.005000
-217  -0.045000
-216  -0.015000
-215   0.050000
-214  -0.055000
-213  -0.190000
-212   0.000000
-211   0.035000
-210  -0.015000
-209  -0.005000
-208   0.095000
-207  -0.025000
-206   0.045000
-205   0.055000
-204  -0.030000
-203   0.020000
-202   0.005000
-201   0.000000
-200   0.015000
-199   0.020000
-198  -0.070000
-197   0.035000
-196  -0.025000
-195   0.040000
-194   0.010000
-193  -0.020000
-192  -0.115000
-191   0.050000
-190  -0.010000
-189  -0.110000
-188  -0.025000
-187   0.040000
-186   0.025000
-185   0.050000
-184  -0.010000
-183  -0.040000
-182   0.060000
-181  -0.010000
-180   0.060000
-179  -0.055000
-178   0.020000
-177   0.005000
-176  -0.005000
-175   0.000000
-174  -0.030000
-173   0.085000
-172   0.020000
-171   0.005000
-170   0.015000
-169   0.000000
-168  -0.095000
-167   0.045000
-166  -0.085000
-165  -0.015000
-164   0.080000
-163  -0.050000
-162  -0.025000
-161   0.010000
-160  -0.025000
-159  -0.010000
-158   0.010000
-157   0.040000
-156  -0.050000
-155   0.000000
-154   0.030000
-153   0.050000
-152   0.025000
-151  -0.055000
-150  -0.045000
-149   0.045000
-148  -0.010000
-147  -0.100000
-146   0.055000
-145   0.005000
-144   0.110000
-143  -0.055000
-142  -0.020000
-141  -0.065000
-140  -0.070000
-139  -0.060000
-138  -0.060000
-137  -0.050000
-136   0.045000
-135   0.015000
-134   0.005000
-133  -0.015000
-132  -0.015000
-131  -0.105000
-130   0.065000
-129   0.095000
-128   0.155000
-127  -0.025000
-126   0.140000
-125  -0.050000
-124   0.000000
-123  -0.010000
-122   0.015000
-121   0.055000
-120  -0.020000
-119  -0.070000
-118  -0.110000
-117   0.020000
-116  -0.030000
-115   0.040000
-114   0.005000
-113  -0.075000
-112  -0.025000
-111   0.075000
-110   0.050000
-109  -0.020000
-108  -0.050000
-107  -0.040000
-106  -0.050000
-105  -0.030000
-104  -0.000000
-103   0.030000
-102   0.095000
-101  -0.070000
-100  -0.060000
-99   0.020000
-98  -0.005000
-97  -0.005000
-96   0.070000
-95   0.020000
-94  -0.095000
-93  -0.015000
-92   0.010000
-91  -0.020000
-90  -0.005000
-89   0.015000
-88   0.080000
-87  -0.005000
-86   0.030000
-85  -0.055000
-84   0.000000
-83   0.050000
-82  -0.025000
-81   0.045000
-80   0.060000
-79   0.075000
-78  -0.065000
-77   0.020000
-76   0.010000
-75   0.060000
-74   0.005000
-73   0.020000
-72  -0.030000
-71   0.000000
-70   0.015000
-69   0.075000
-68  -0.010000
-67  -0.050000
-66  -0.020000
-65   0.025000
-64  -0.060000
-63   0.045000
-62   0.020000
-61  -0.005000
-60  -0.095000
-59   0.040000
-58   0.015000
-57  -0.015000
-56  -0.035000
-55   0.030000
-54  -0.040000
-53  -0.060000
-52   0.050000
-51  -0.030000
-50   0.000000
-49  -0.050000
-48  -0.010000
-47  -0.035000
-46   0.025000
-45  -0.025000
-44  -0.035000
-43   0.000000
-42  -0.025000
-41   0.005000
-40  -0.020000
-39   0.075000
-38   0.085000
-37   0.050000
-36  -0.025000
-35  -0.065000
-34  -0.020000
-33   0.045000
-32   0.060000
-31  -0.045000
-30   0.035000
-29  -0.075000
-28  -0.010000
-27   0.105000
-26  -0.070000
-25  -0.040000
-24   0.090000
-23  -0.010000
-22  -0.055000
-21   0.090000
-20  -0.035000
-19  -0.040000
-18  -0.015000
-17  -0.010000
-16  -0.000000
-15   0.085000
-14  -0.030000
-13   0.065000
-12  -0.010000
-11   0.065000
-10  -0.025000
-9   0.025000
-8  -0.035000
-7   0.005000
-6   0.050000
-5  -0.045000
-4  -0.010000
-3  -0.025000
-2   0.005000
-1  -0.085000
