0   0.120000
1  -0.075000
2  -0.050000
3   0.030000
4  -0.005000
5   0.045000
6   0.075000
7   0.060000
8   0.020000
9  -0.075000
10  -0.060000
11  -0.005000
12   0.030000
13  -0.010000
14   0.000000
15  -0.075000
16   0.005000
17  -0.035000
18   0.040000
19   0.035000
20   0.010000
21  -0.000000
22  -0.000000
23  -0.060000
24  -0.110000
25   0.030000
26  -0.015000
27   0.020000
28   0.080000
29  -0.065000
30   0.000000
31  -0.015000
32   0.045000
33   0.010000
34  -0.095000
35   0.040000
36   0.070000
37  -0.030000
38  -0.050000
39   0.065000
40   0.055000
41  -0.035000
42   0.040000
43  -0.080000
44  -0.120000
45  -0.065000
46   0.050000
47   0.040000
48  -0.000000
49   0.035000
50   0.015000
51  -0.045000
52   0.065000
53  -0.070000
54  -0.020000
55   0.000000
56   0.030000
57  -0.015000
58   0.035000
59   0.120000
60   0.040000
61  -0.045000
62  -0.130000
63   0.050000
64  -0.030000
65  -0.055000
66  -0.005000
67  -0.055000
68   0.110000
69  -0.050000
70   0.005000
71  -0.025000
72   0.120000
73  -0.020000
74   0.075000
75   0.075000
76  -0.070000
77  -0.050000
78  -0.040000
79  -0.055000
80   0.045000
81   0.000000
82  -0.075000
83  -0.030000
84   0.055000
85  -0.005000
86   0.020000
87   0.030000
88  -0.115000
89  -0.040000
90  -0.045000
91   0.065000
92  -0.020000
93  -0.060000
94  -0.065000
95   0.005000
96  -0.030000
97  -0.040000
98  -0.025000
99  -0.000000
100   0.045000
101   0.075000
102  -0.090000
103   0.000000
104   0.100000
105  -0.000000
106   0.075000
107   0.015000
108   0.075000
109  -0.015000
110  -0.000000
111   0.035000
112  -0.100000
113  -0.060000
114   0.070000
115   0.005000
116   0.030000
117  -0.015000
118  -0.050000
119   0.010000
120   0.020000
121  -0.055000
122  -0.035000
123   0.125000
124   0.090000
125  -0.050000
126   0.030000
127   0.135000
128  -0.050000
129  -0.010000
130  -0.025000
131   0.060000
132   0.025000
133  -0.045000
134  -0.020000
135  -0.030000
136  -0.075000
137   0.075000
138  -0.035000
139  -0.030000
140   0.030000
141   0.045000
142   0.015000
143   0.050000
144   0.020000
145  -0.030000
146  -0.040000
147   0.020000
148   0.025000
149   0.040000
150  -0.025000
151  -0.030000
152   0.040000
153   0.020000
154  -0.050000
155   0.135000
156   0.000000
157   0.070000
158  -0.025000
159   0.015000
160  -0.050000
161   0.060000
162  -0.060000
163  -0.015000
164  -0.065000
165  -0.005000
166  -0.070000
167   0.020000
168   0.005000
169  -0.020000
170  -0.070000
171  -0.000000
172   0.050000
173   0.060000
174   0.030000
175  -0.035000
176   0.010000
177  -0.060000
178  -0.055000
179  -0.075000
180  -0.015000
181  -0.060000
182  -0.015000
183   0.085000
184   0.010000
185  -0.030000
186   0.100000
187   0.000000
188  -0.100000
189   0.055000
190  -0.020000
191  -0.010000
192  -0.120000
193   0.060000
194  -0.090000
195   0.050000
196   0.020000
197  -0.010000
198  -0.055000
199   0.060000
200  -0.075000
201  -0.070000
202   0.040000
203  -0.020000
204  -0.020000
205   0.045000
206  -0.075000
207  -0.095000
208  -0.105000
209   0.035000
210  -0.055000
211  -0.120000
212  -0.055000
213   0.040000
214  -0.025000
215   0.025000
216  -0.005000
217   0.040000
218  -0.015000
219   0.035000
220  -0.005000
221  -0.035000
222   0.015000
223  -0.050000
224   0.005000
225  -0.010000
226  -0.050000
227  -0.060000
228  -0.035000
229   0.045000
230  -0.010000
231   0.070000
232   0.070000
233   0.000000
234  -0.040000
235   0.025000
236  -0.005000
237  -0.005000
238   0.035000
239   0.020000
240  -0.005000
241  -0.025000
242   0.040000
243  -0.060000
244  -0.030000
245   0.040000
246  -0.050000
247  -0.090000
248   0.070000
249   0.085000
250   0.005000
251   0.110000
252   0.020000
253  -0.005000
254   0.010000
255  -0.025000
256   0.030000
257   0.005000
258   0.020000
259  -0.035000
260   0.030000
261  -0.025000
262  -0.060000
263  -0.005000
264  -0.045000
265  -0.010000
266  -0.065000
267  -0.010000
268   0.040000
269   0.025000
270  -0.015000
271  -0.110000
272   0.015000
273   0.025000
274  -0.035000
275   0.030000
276  -0.100000
277   0.010000
278  -0.015000
279   0.120000
280  -0.045000
281   0.055000
282   0.025000
283  -0.010000
284   0.025000
285   0.050000
286   0.025000
287   0.030000
288  -0.055000
289  -0.030000
290  -0.020000
291   0.025000
292  -0.075000
293  -0.025000
294   0.000000
295  -0.000000
296   0.090000
297  -0.050000
298   0.045000
299   0.060000
300  -0.015000
301   0.000000
302  -0.055000
303  -0.010000
304  -0.060000
305  -0.005000
306   0.045000
307   0.030000
308   0.100000
309   0.035000
310  -0.030000
311  -0.045000
312  -0.055000
313   0.030000
314  -0.035000
315  -0.120000
316   0.025000
317   0.005000
318  -0.045000
319  -0.010000
320   0.035000
321   0.040000
322  -0.055000
323  -0.010000
324  -0.035000
325   0.020000
326   0.015000
327  -0.070000
328  -0.035000
329  -0.045000
330  -0.105000
331   0.025000
332  -0.065000
333  -0.020000
334  -0.075000
335  -0.020000
336   0.000000
337  -0.100000
338   0.080000
339  -0.035000
340  -0.045000
341   0.030000
342  -0.015000
343   0.015000
344   0.065000
345   0.025000
346   0.040000
347  -0.005000
348  -0.010000
349  -0.025000
350  -0.050000
351  -0.110000
352   0.020000
353   0.010000
354  -0.010000
355  -0.005000
356   0.005000
357   0.025000
358  -0.005000
359   0.035000
360   0.080000
361   0.040000
362  -0.020000
363  -0.070000
364  -0.050000
365   0.025000
366  -0.075000
367  -0.055000
368   0.090000
369  -0.075000
370   0.000000
371  -0.045000
372   0.085000
373   0.230000
374  -0.075000
375   0.045000
376  -0.035000
377   0.025000
378   0.035000
379   0.055000
380  -0.015000
381  -0.045000
382  -0.050000
383  -0.050000
384   0.020000
385   0.020000
386   0.075000
387  -0.010000
388  -0.065000
389  -0.080000
390  -0.035000
391   0.025000
392   0.040000
393  -0.045000
394   0.020000
395  -0.085000
396   0.040000
397   0.150000
398  -0.020000
399  -0.085000
400  -0.015000
401   0.025000
402  -0.045000
403  -0.025000
404   0.040000
405   0.000000
406   0.025000
407   0.045000
408   0.015000
409  -0.070000
410  -0.020000
411   0.045000
412   0.020000
413  -0.040000
414   0.055000
415   0.000000
416  -0.035000
417  -0.010000
418  -0.030000
419   0.015000
420   0.075000
421  -0.000000
422  -0.025000
423   0.015000
424   0.065000
425  -0.025000
426  -0.005000
427  -0.080000
428   0.080000
429  -0.005000
430  -0.015000
431  -0.000000
432  -0.040000
433   0.045000
434   0.080000
435   0.075000
436   0.005000
437   0.100000
438  -0.110000
439   0.080000
440  -0.000000
441   0.010000
442   0.005000
443  -0.055000
444  -0.030000
445   0.025000
446   0.090000
447   0.015000
448   0.045000
449   0.035000
450  -0.040000
451  -0.075000
452   0.040000
453   0.015000
454   0.055000
455   0.065000
456  -0.040000
457   0.065000
458  -0.020000
459   0.055000
460  -0.030000
461  -0.025000
462  -0.050000
463  -0.040000
464   0.060000
465  -0.025000
466  -0.000000
467   0.005000
468  -0.090000
469  -0.025000
470   0.060000
471  -0.095000
472  -0.100000
473   0.025000
474  -0.030000
475  -0.090000
476  -0.005000
477   0.110000
478   0.000000
479  -0.015000
480   0.060000
481  -0.045000
482   0.035000
483   0.015000
484   0.080000
485   0.055000
486  -0.080000
487   0.005000
488   0.080000
489   0.035000
490  -0.020000
491  -0.045000
492  -0.050000
493  -0.075000
494   0.005000
495  -0.060000
496   0.005000
497  -0.015000
498  -0.065000
499  -0.005000
500  -0.020000
-499   0.020000
-498   0.065000
-497   0.030000
-496   0.015000
-495  -0.085000
-494  -0.065000
-493   0.045000
-492  -0.085000
-491   0.025000
-490  -0.010000
-489   0.010000
-488   0.065000
-487   0.015000
-486  -0.005000
-485   0.105000
-484   0.080000
-483  -0.020000
-482  -0.065000
-481   0.055000
-480  -0.005000
-479   0.065000
-478  -0.025000
-477   0.010000
-476   0.045000
-475  -0.030000
-474  -0.055000
-473   0.030000
-472  -0.090000
-471  -0.035000
-470   0.060000
-469   0.035000
-468   0.015000
-467   0.090000
-466  -0.005000
-465  -0.015000
-464  -0.005000
-463  -0.035000
-462   0.030000
-461   0.105000
-460  -0.015000
-459   0.010000
-458   0.055000
-457   0.055000
-456  -0.000000
-455  -0.015000
-454  -0.020000
-453  -0.010000
-452  -0.030000
-451  -0.075000
-450  -0.000000
-449  -0.025000
-448  -0.010000
-447   0.000000
-446  -0.050000
-445   0.020000
-444   0.010000
-443  -0.050000
-442  -0.035000
-441  -0.075000
-440  -0.025000
-439   0.005000
-438   0.100000
-437   0.005000
-436   0.050000
-435   0.080000
-434   0.000000
-433  -0.005000
-432  -0.015000
-431  -0.020000
-430   0.030000
-429   0.070000
-428   0.025000
-427  -0.070000
-426   0.025000
-425   0.050000
-424   0.005000
-423  -0.055000
-422  -0.015000
-421  -0.020000
-420  -0.015000
-419  -0.070000
-418   0.110000
-417   0.020000
-416   0.150000
-415  -0.020000
-414  -0.005000
-413  -0.030000
-412   0.015000
-411   0.015000
-410   0.005000
-409  -0.035000
-408  -0.055000
-407   0.020000
-406   0.020000
-405   0.020000
-404   0.090000
-403  -0.045000
-402   0.045000
-401  -0.015000
-400   0.100000
-399   0.035000
-398   0.085000
-397  -0.005000
-396   0.105000
-395  -0.060000
-394  -0.045000
-393   0.035000
-392  -0.060000
-391   0.025000
-390   0.030000
-389  -0.000000
-388  -0.005000
-387   0.005000
-386   0.015000
-385  -0.005000
-384  -0.010000
-383  -0.075000
-382  -0.005000
-381   0.070000
-380  -0.005000
-379  -0.020000
-378   0.025000
-377   0.005000
-376   0.080000
-375   0.055000
-374  -0.085000
-373   0.100000
-372   0.025000
-371   0.000000
-370  -0.020000
-369   0.015000
-368   0.005000
-367  -0.005000
-366   0.100000
-365   0.070000
-364   0.055000
-363  -0.035000
-362  -0.060000
-361   0.015000
-360  -0.010000
-359   0.090000
-358   0.025000
-357  -0.050000
-356  -0.020000
-355  -0.045000
-354   0.045000
-353  -0.035000
-352   0.030000
-351   0.035000
-350   0.015000
-349  -0.055000
-348  -0.080000
-347  -0.030000
-346  -0.030000
-345  -0.080000
-344  -0.050000
-343   0.030000
-342   0.015000
-341   0.035000
-340   0.065000
-339  -0.100000
-338   0.045000
-337  -0.025000
-336  -0.020000
-335   0.020000
-334  -0.020000
-333   0.005000
-332   0.065000
-331   0.035000
-330   0.020000
-329   0.040000
-328  -0.035000
-327  -0.015000
-326   0.000000
-325   0.030000
-324   0.030000
-323  -0.015000
-322  -0.040000
-321   0.080000
-320  -0.050000
-319  -0.030000
-318  -0.025000
-317  -0.060000
-316  -0.050000
-315   0.115000
-314  -0.060000
-313  -0.015000
-312   0.030000
-311  -0.005000
-310   0.020000
-309  -0.015000
-308  -0.050000
-307   0.065000
-306  -0.035000
-305  -0.050000
-304  -0.095000
-303   0.005000
-302  -0.010000
-301   0.020000
-300   0.100000
-299  -0.005000
-298  -0.020000
-297  -0.070000
-296   0.020000
-295  -0.020000
-294   0.035000
-293   0.010000
-292  -0.120000
-291   0.050000
-290  -0.015000
-289  -0.005000
-288   0.065000
-287   0.000000
-286   0.035000
-285  -0.015000
-284  -0.020000
-283  -0.035000
-282  -0.005000
-281   0.005000
-280  -0.015000
-279   0.010000
-278   0.065000
-277   0.005000
-276  -0.005000
-275  -0.095000
-274  -0.025000
-273   0.010000
-272  -0.005000
-271   0.015000
-270  -0.015000
-269  -0.055000
-268  -0.115000
-267   0.045000
-266   0.055000
-265   0.050000
-264  -0.040000
-263   0.085000
-262  -0.010000
-261  -0.115000
-260   0.005000
-259   0.030000
-258   0.035000
-257  -0.055000
-256  -0.035000
-255   0.025000
-254  -0.025000
-253   0.010000
-252   0.020000
-251   0.020000
-250  -0.040000
-249  -0.065000
-248  -0.045000
-247  -0.025000
-246  -0.130000
-245  -0.035000
-244  -0.020000
-243   0.025000
-242   0.000000
-241  -0.080000
-240  -0.005000
-239  -0.000000
-238   0.000000
-237  -0.040000
-236   0.015000
-235  -0.035000
-234   0.035000
-233  -0.095000
-232  -0.025000
-231  -0.070000
-230   0.025000
-229  -0.015000
-228  -0.015000
-227  -0.025000
-226  -0.070000
-225   0.055000
-224  -0.005000
-223   0.025000
-222   0.035000
-221  -0.015000
-220  -0.030000
-219  -0.085000
-218  -0.000000
-217  -0.000000
-216   0.115000
-215   0.060000
-214  -0.010000
-213  -0.000000
-212  -0.025000
-211   0.015000
-210  -0.060000
-209   0.055000
-208  -0.045000
-207  -0.090000
-206   0.005000
-205  -0.065000
-204   0.010000
-203  -0.070000
-202  -0.025000
-201   0.070000
-200  -0.050000
-199  -0.080000
-198  -0.005000
-197  -0.055000
-196  -0.000000
-195   0.010000
-194   0.040000
-193   0.015000
-192  -0.010000
-191   0.045000
-190   0.030000
-189  -0.005000
-188   0.000000
-187   0.020000
-186  -0.060000
-185  -0.025000
-184  -0.025000
-183  -0.005000
-182  -0.065000
-181  -0.050000
-180  -0.035000
-179  -0.060000
-178  -0.075000
-177  -0.025000
-176  -0.010000
-175   0.060000
-174  -0.060000
-173   0.005000
-172   0.045000
-171  -0.005000
-170  -0.050000
-169  -0.045000
-168   0.095000
-167  -0.010000
-166  -0.025000
-165  -0.005000
-164   0.045000
-163   0.010000
-162   0.080000
-161  -0.025000
-160   0.040000
-159  -0.010000
-158  -0.005000
-157   0.015000
-156   0.005000
-155   0.060000
-154   0.020000
-153   0.030000
-152   0.010000
-151   0.020000
-150   0.000000
-149  -0.065000
-148   0.005000
-147   0.020000
-146  -0.060000
-145   0.030000
-144   0.005000
-143  -0.035000
-142   0.035000
-141  -0.015000
-140   0.020000
-139   0.020000
-138  -0.005000
-137  -0.010000
-136  -0.075000
-135  -0.030000
-134   0.040000
-133  -0.070000
-132   0.000000
-131   0.065000
-130  -0.040000
-129   0.005000
-128   0.015000
-127   0.070000
-126  -0.045000
-125   0.010000
-124   0.085000
-123   0.000000
-122  -0.015000
-121   0.025000
-120  -0.005000
-119  -0.015000
-118  -0.065000
-117   0.010000
-116   0.115000
-115  -0.015000
-114   0.030000
-113  -0.025000
-112  -0.070000
-111  -0.030000
-110  -0.070000
-109  -0.070000
-108  -0.120000
-107   0.020000
-106  -0.030000
-105   0.040000
-104  -0.000000
-103   0.020000
-102   0.080000
-101   0.025000
-100  -0.070000
-99   0.025000
-98  -0.035000
-97  -0.015000
-96   0.055000
-95  -0.040000
-94   0.045000
-93   0.015000
-92  -0.045000
-91   0.040000
-90   0.035000
-89   0.040000
-88  -0.015000
-87   0.045000
-86  -0.010000
-85  -0.000000
-84   0.025000
-83   0.005000
-82   0.130000
-81  -0.030000
-80   0.080000
-79   0.030000
-78   0.045000
-77   0.005000
-76   0.015000
-75  -0.015000
-74  -0.015000
-73  -0.025000
-72  -0.005000
-71   0.035000
-70   0.005000
-69   0.035000
-68  -0.000000
-67  -0.030000
-66  -0.015000
-65  -0.020000
-64  -0.025000
-63   0.015000
-62  -0.045000
-61   0.015000
-60  -0.065000
-59   0.010000
-58   0.035000
-57  -0.030000
-56  -0.080000
-55  -0.055000
-54   0.030000
-53  -0.015000
-52   0.040000
-51   0.050000
-50   0.010000
-49   0.070000
-48  -0.125000
-47   0.020000
-46   0.080000
-45   0.005000
-44   0.035000
-43   0.050000
-42   0.030000
-41  -0.005000
-40   0.055000
-39  -0.035000
-38  -0.010000
-37  -0.080000
-36   0.030000
-35  -0.060000
-34  -0.045000
-33   0.015000
-32   0.040000
-31  -0.070000
-30  -0.015000
-29   0.010000
-28  -0.000000
-27  -0.010000
-26  -0.005000
-25  -0.065000
-24   0.010000
-23  -0.020000
-22   0.070000
-21  -0.075000
-20  -0.015000
-19   0.030000
-18  -0.040000
-17  -0.060000
-16  -0.075000
-15  -0.030000
-14   0.040000
-13   0.040000
-12   0.035000
-11  -0.040000
-10   0.045000
-9   0.010000
-8  -0.050000
-7  -0.015000
-6   0.015000
-5  -0.020000
-4   0.065000
-3  -0.020000
-2   0.010000
-1   0.045000
