0  -0.125000
1  -0.065000
2   0.015000
3  -0.065000
4   0.035000
5  -0.020000
6  -0.085000
7   0.010000
8  -0.060000
9  -0.020000
10   0.095000
11   0.030000
12   0.015000
13   0.025000
14   0.020000
15  -0.015000
16  -0.055000
17   0.105000
18   0.050000
19   0.045000
20  -0.050000
21   0.035000
22  -0.050000
23   0.015000
24  -0.050000
25   0.015000
26  -0.035000
27  -0.005000
28  -0.050000
29   0.035000
30  -0.015000
31  -0.025000
32  -0.035000
33  -0.045000
34   0.035000
35   0.070000
36   0.045000
37   0.040000
38  -0.040000
39  -0.030000
40   0.045000
41   0.035000
42   0.085000
43  -0.055000
44  -0.035000
45  -0.005000
46  -0.060000
47  -0.010000
48  -0.020000
49   0.005000
50  -0.045000
51  -0.010000
52   0.055000
53   0.035000
54   0.045000
55   0.010000
56   0.030000
57  -0.040000
58   0.115000
59   0.020000
60   0.065000
61  -0.010000
62   0.075000
63  -0.015000
64  -0.015000
65   0.000000
66   0.020000
67  -0.060000
68  -0.055000
69  -0.005000
70   0.035000
71   0.015000
72  -0.055000
73   0.020000
74   0.045000
75  -0.000000
76  -0.055000
77  -0.030000
78  -0.065000
79  -0.045000
80  -0.030000
81  -0.030000
82  -0.050000
83   0.110000
84   0.020000
85   0.025000
86   0.020000
87  -0.015000
88  -0.030000
89  -0.070000
90  -0.040000
91   0.025000
92  -0.000000
93   0.045000
94  -0.040000
95  -0.000000
96  -0.045000
97  -0.040000
98  -0.010000
99   0.065000
100  -0.025000
101  -0.025000
102  -0.080000
103   0.095000
104   0.080000
105  -0.055000
106  -0.025000
107  -0.020000
108   0.010000
109   0.075000
110   0.015000
111   0.040000
112   0.085000
113  -0.080000
114   0.060000
115   0.065000
116   0.010000
117  -0.035000
118  -0.060000
119   0.085000
120   0.005000
121   0.000000
122  -0.065000
123   0.030000
124  -0.035000
125  -0.025000
126  -0.020000
127  -0.080000
128   0.015000
129   0.040000
130  -0.025000
131   0.010000
132  -0.025000
133  -0.035000
134  -0.015000
135   0.060000
136   0.085000
137   0.035000
138  -0.020000
139   0.020000
140   0.000000
141  -0.075000
142  -0.005000
143  -0.010000
144   0.030000
145  -0.015000
146   0.045000
147  -0.005000
148   0.065000
149   0.045000
150  -0.015000
151  -0.025000
152   0.055000
153   0.015000
154  -0.045000
155  -0.010000
156  -0.025000
157  -0.045000
158  -0.010000
159   0.020000
160  -0.040000
161   0.050000
162   0.025000
163  -0.015000
164  -0.010000
165   0.035000
166  -0.060000
167   0.010000
168  -0.065000
169   0.000000
170  -0.015000
171   0.080000
172   0.015000
173  -0.050000
174   0.005000
175  -0.015000
176   0.015000
177  -0.065000
178  -0.010000
179  -0.090000
180   0.010000
181   0.010000
182   0.070000
183   0.010000
184  -0.000000
185   0.000000
186  -0.120000
187   0.075000
188   0.035000
189  -0.040000
190   0.040000
191   0.015000
192   0.090000
193  -0.010000
194  -0.070000
195  -0.075000
196  -0.025000
197   0.045000
198   0.065000
199   0.070000
200   0.015000
201   0.040000
202  -0.030000
203   0.055000
204   0.010000
205  -0.045000
206   0.035000
207   0.035000
208   0.015000
209   0.030000
210  -0.030000
211   0.030000
212   0.035000
213   0.040000
214  -0.040000
215   0.020000
216   0.035000
217  -0.010000
218   0.045000
219   0.025000
220  -0.010000
221  -0.020000
222   0.000000
223  -0.095000
224   0.010000
225  -0.005000
226  -0.060000
227   0.035000
228   0.055000
229  -0.080000
230  -0.075000
231   0.030000
232  -0.070000
233   0.070000
234  -0.095000
235  -0.075000
236   0.000000
237  -0.070000
238  -0.005000
239  -0.040000
240   0.025000
241   0.065000
242  -0.040000
243   0.020000
244   0.035000
245  -0.005000
246   0.030000
247   0.030000
248   0.025000
249   0.050000
250  -0.060000
251   0.050000
252   0.025000
253  -0.100000
254  -0.065000
255  -0.005000
256  -0.040000
257  -0.010000
258   0.015000
259  -0.015000
260  -0.025000
261  -0.035000
262   0.000000
263  -0.020000
264  -0.010000
265   0.020000
266  -0.015000
267  -0.050000
268  -0.075000
269   0.085000
270  -0.030000
271  -0.040000
272   0.030000
273  -0.015000
274   0.010000
275   0.010000
276   0.015000
277   0.020000
278  -0.065000
279  -0.020000
280   0.010000
281   0.005000
282  -0.085000
283  -0.005000
284  -0.020000
285   0.025000
286  -0.070000
287  -0.030000
288  -0.020000
289  -0.070000
290  -0.105000
291  -0.075000
292  -0.015000
293   0.065000
294  -0.060000
295  -0.080000
296  -0.010000
297  -0.040000
298   0.055000
299  -0.055000
300  -0.005000
301   0.010000
302  -0.010000
303   0.040000
304  -0.020000
305  -0.020000
306   0.005000
307  -0.010000
308  -0.040000
309  -0.005000
310   0.050000
311  -0.060000
312  -0.130000
313  -0.065000
314  -0.025000
315   0.055000
316   0.075000
317   0.075000
318  -0.005000
319   0.055000
320   0.055000
321   0.040000
322   0.030000
323   0.030000
324  -0.010000
325   0.080000
326  -0.070000
327   0.010000
328   0.010000
329  -0.050000
330  -0.030000
331  -0.010000
332  -0.030000
333   0.060000
334   0.095000
335  -0.185000
336   0.025000
337  -0.050000
338  -0.000000
339  -0.080000
340  -0.010000
341   0.095000
342  -0.030000
343   0.025000
344  -0.075000
345   0.015000
346   0.075000
347   0.035000
348   0.055000
349  -0.150000
350  -0.090000
351   0.035000
352  -0.040000
353   0.135000
354  -0.050000
355   0.035000
356   0.005000
357  -0.070000
358  -0.040000
359  -0.055000
360   0.045000
361   0.030000
362  -0.015000
363  -0.030000
364  -0.095000
365  -0.045000
366   0.015000
367   0.015000
368   0.080000
369  -0.010000
370   0.020000
371   0.070000
372   0.015000
373   0.025000
374  -0.020000
375   0.030000
376   0.035000
377   0.050000
378   0.005000
379   0.035000
380  -0.025000
381   0.100000
382   0.085000
383   0.020000
384  -0.015000
385   0.020000
386  -0.050000
387   0.025000
388   0.035000
389   0.020000
390  -0.060000
391  -0.005000
392   0.065000
393   0.060000
394   0.010000
395  -0.105000
396  -0.010000
397   0.090000
398  -0.025000
399  -0.010000
400  -0.055000
401   0.100000
402   0.000000
403   0.030000
404   0.030000
405   0.025000
406   0.015000
407  -0.020000
408  -0.035000
409  -0.035000
410  -0.045000
411  -0.040000
412  -0.025000
413  -0.015000
414   0.020000
415  -0.025000
416  -0.040000
417   0.040000
418  -0.015000
419  -0.015000
420   0.000000
421   0.000000
422   0.010000
423  -0.055000
424   0.045000
425  -0.020000
426  -0.180000
427   0.005000
428   0.025000
429  -0.010000
430  -0.030000
431   0.030000
432   0.025000
433  -0.100000
434   0.015000
435  -0.050000
436  -0.055000
437  -0.060000
438  -0.020000
439   0.005000
440  -0.010000
441  -0.040000
442  -0.015000
443  -0.065000
444  -0.125000
445  -0.060000
446   0.030000
447  -0.005000
448   0.050000
449  -0.060000
450  -0.055000
451   0.025000
452  -0.005000
453  -0.095000
454  -0.035000
455   0.025000
456  -0.000000
457  -0.030000
458  -0.075000
459   0.105000
460  -0.060000
461  -0.010000
462   0.020000
463   0.055000
464   0.135000
465   0.010000
466   0.020000
467  -0.005000
468   0.070000
469   0.020000
470  -0.000000
471  -0.055000
472   0.035000
473  -0.050000
474  -0.040000
475  -0.005000
476   0.065000
477  -0.080000
478   0.035000
479  -0.000000
480  -0.005000
481   0.075000
482   0.005000
483   0.045000
484  -0.065000
485   0.010000
486  -0.010000
487  -0.035000
488   0.080000
489  -0.040000
490  -0.085000
491   0.090000
492   0.030000
493  -0.050000
494   0.135000
495   0.015000
496   0.030000
497  -0.010000
498   0.035000
499   0.115000
500  -0.050000
-499  -0.005000
-498   0.015000
-497  -0.110000
-496  -0.005000
-495   0.015000
-494   0.020000
-493   0.025000
-492  -0.050000
-491   0.040000
-490  -0.080000
-489   0.075000
-488   0.060000
-487  -0.020000
-486  -0.005000
-485  -0.035000
-484   0.035000
-483   0.010000
-482  -0.055000
-481   0.020000
-480   0.030000
-479  -0.050000
-478  -0.055000
-477   0.010000
-476  -0.095000
-475   0.010000
-474   0.045000
-473   0.005000
-472   0.010000
-471  -0.040000
-470   0.010000
-469   0.065000
-468  -0.085000
-467   0.025000
-466   0.025000
-465   0.030000
-464   0.085000
-463  -0.065000
-462  -0.075000
-461   0.035000
-460   0.035000
-459   0.025000
-458   0.010000
-457  -0.075000
-456  -0.010000
-455   0.040000
-454   0.070000
-453   0.020000
-452   0.030000
-451  -0.000000
-450   0.035000
-449  -0.050000
-448   0.075000
-447   0.115000
-446  -0.035000
-445   0.020000
-444  -0.010000
-443   0.010000
-442  -0.015000
-441  -0.015000
-440  -0.060000
-439   0.010000
-438  -0.050000
-437  -0.015000
-436   0.025000
-435  -0.100000
-434   0.045000
-433  -0.035000
-432  -0.090000
-431  -0.025000
-430   0.100000
-429  -0.065000
-428  -0.030000
-427  -0.020000
-426   0.050000
-425  -0.025000
-424   0.060000
-423  -0.020000
-422   0.045000
-421  -0.000000
-420   0.005000
-419  -0.005000
-418   0.055000
-417   0.105000
-416   0.070000
-415   0.055000
-414   0.060000
-413  -0.055000
-412   0.065000
-411   0.080000
-410  -0.055000
-409   0.050000
-408   0.030000
-407   0.000000
-406   0.015000
-405   0.075000
-404  -0.020000
-403   0.060000
-402   0.020000
-401   0.060000
-400  -0.020000
-399   0.050000
-398  -0.010000
-397  -0.025000
-396  -0.005000
-395   0.025000
-394   0.015000
-393   0.015000
-392   0.085000
-391  -0.040000
-390   0.075000
-389  -0.125000
-388  -0.015000
-387   0.025000
-386  -0.005000
-385   0.020000
-384  -0.015000
-383  -0.065000
-382   0.020000
-381  -0.005000
-380   0.075000
-379   0.100000
-378   0.070000
-377   0.105000
-376  -0.025000
-375   0.070000
-374   0.040000
-373   0.000000
-372  -0.105000
-371   0.040000
-370   0.030000
-369  -0.045000
-368   0.020000
-367  -0.025000
-366  -0.045000
-365  -0.100000
-364  -0.045000
-363  -0.035000
-362   0.005000
-361  -0.030000
-360  -0.015000
-359  -0.025000
-358   0.100000
-357  -0.015000
-356   0.015000
-355   0.025000
-354   0.020000
-353   0.075000
-352   0.050000
-351   0.075000
-350  -0.060000
-349  -0.080000
-348   0.085000
-347   0.040000
-346   0.040000
-345   0.030000
-344  -0.055000
-343  -0.025000
-342  -0.025000
-341   0.005000
-340   0.030000
-339   0.065000
-338   0.080000
-337  -0.005000
-336   0.030000
-335   0.010000
-334  -0.045000
-333  -0.075000
-332  -0.015000
-331  -0.110000
-330  -0.020000
-329   0.030000
-328  -0.010000
-327   0.060000
-326  -0.095000
-325   0.010000
-324   0.050000
-323   0.080000
-322  -0.070000
-321  -0.035000
-320   0.045000
-319   0.015000
-318  -0.055000
-317  -0.070000
-316   0.015000
-315   0.000000
-314  -0.000000
-313  -0.040000
-312   0.015000
-311  -0.110000
-310   0.030000
-309   0.040000
-308  -0.015000
-307   0.005000
-306   0.135000
-305  -0.015000
-304   0.060000
-303  -0.035000
-302  -0.010000
-301   0.090000
-300   0.045000
-299  -0.030000
-298  -0.015000
-297   0.035000
-296  -0.030000
-295  -0.060000
-294   0.020000
-293   0.015000
-292   0.025000
-291  -0.100000
-290  -0.030000
-289   0.040000
-288  -0.005000
-287   0.010000
-286  -0.025000
-285  -0.040000
-284  -0.105000
-283  -0.120000
-282   0.120000
-281   0.045000
-280  -0.060000
-279   0.085000
-278  -0.045000
-277  -0.080000
-276   0.010000
-275   0.045000
-274  -0.045000
-273   0.020000
-272   0.040000
-271   0.070000
-270  -0.045000
-269  -0.065000
-268   0.050000
-267  -0.035000
-266  -0.015000
-265   0.015000
-264  -0.035000
-263   0.060000
-262   0.045000
-261  -0.045000
-260   0.055000
-259  -0.025000
-258   0.020000
-257   0.055000
-256   0.030000
-255   0.095000
-254   0.015000
-253  -0.030000
-252  -0.060000
-251   0.010000
-250  -0.020000
-249   0.080000
-248   0.030000
-247   0.015000
-246   0.080000
-245  -0.010000
-244   0.105000
-243  -0.035000
-242   0.105000
-241  -0.030000
-240   0.055000
-239   0.065000
-238   0.010000
-237  -0.015000
-236   0.040000
-235  -0.055000
-234  -0.020000
-233   0.010000
-232   0.010000
-231  -0.020000
-230  -0.025000
-229   0.055000
-228   0.110000
-227  -0.040000
-226   0.020000
-225  -0.040000
-224  -0.050000
-223  -0.000000
-222  -0.025000
-221  -0.020000
-220   0.015000
-219   0.060000
-218  -0.090000
-217  -0.075000
-216  -0.050000
-215  -0.020000
-214  -0.060000
-213  -0.050000
-212  -0.005000
-211  -0.075000
-210  -0.005000
-209   0.135000
-208  -0.015000
-207  -0.005000
-206   0.005000
-205  -0.055000
-204  -0.050000
-203   0.080000
-202  -0.060000
-201   0.025000
-200   0.030000
-199   0.035000
-198  -0.025000
-197   0.055000
-196  -0.025000
-195  -0.085000
-194  -0.050000
-193   0.125000
-192  -0.035000
-191  -0.070000
-190  -0.005000
-189   0.010000
-188   0.015000
-187   0.090000
-186  -0.060000
-185   0.035000
-184   0.020000
-183   0.010000
-182  -0.055000
-181   0.065000
-180   0.035000
-179  -0.070000
-178  -0.070000
-177   0.020000
-176   0.060000
-175   0.035000
-174  -0.020000
-173   0.055000
-172  -0.035000
-171   0.005000
-170  -0.065000
-169  -0.050000
-168  -0.030000
-167   0.030000
-166   0.045000
-165   0.000000
-164  -0.040000
-163   0.015000
-162  -0.030000
-161   0.075000
-160  -0.005000
-159   0.080000
-158   0.030000
-157  -0.035000
-156   0.065000
-155  -0.020000
-154  -0.025000
-153   0.055000
-152  -0.015000
-151  -0.055000
-150  -0.015000
-149  -0.035000
-148  -0.065000
-147   0.105000
-146   0.010000
-145   0.055000
-144   0.080000
-143  -0.045000
-142  -0.085000
-141  -0.100000
-140  -0.065000
-139  -0.015000
-138  -0.035000
-137   0.030000
-136   0.010000
-135  -0.040000
-134   0.050000
-133  -0.015000
-132  -0.030000
-131  -0.020000
-130   0.040000
-129   0.030000
-128   0.020000
-127  -0.040000
-126  -0.020000
-125   0.030000
-124   0.085000
-123   0.065000
-122   0.015000
-121   0.040000
-120  -0.140000
-119   0.015000
-118   0.025000
-117  -0.085000
-116   0.040000
-115  -0.050000
-114   0.025000
-113   0.045000
-112  -0.100000
-111   0.070000
-110  -0.045000
-109   0.035000
-108   0.020000
-107  -0.030000
-106  -0.030000
-105  -0.040000
-104   0.130000
-103  -0.035000
-102  -0.025000
-101   0.075000
-100   0.015000
-99   0.080000
-98  -0.015000
-97   0.030000
-96  -0.030000
-95   0.085000
-94   0.075000
-93  -0.005000
-92   0.015000
-91  -0.005000
-90  -0.105000
-89  -0.025000
-88   0.020000
-87   0.020000
-86   0.025000
-85   0.035000
-84  -0.010000
-83  -0.040000
-82  -0.055000
-81   0.065000
-80  -0.045000
-79  -0.020000
-78  -0.040000
-77  -0.010000
-76   0.050000
-75  -0.020000
-74   0.065000
-73   0.015000
-72   0.020000
-71   0.025000
-70   0.035000
-69   0.075000
-68   0.015000
-67   0.015000
-66   0.010000
-65  -0.090000
-64  -0.025000
-63  -0.005000
-62   0.025000
-61  -0.070000
-60   0.015000
-59  -0.025000
-58  -0.020000
-57  -0.090000
-56  -0.040000
-55   0.030000
-54   0.025000
-53  -0.010000
-52   0.010000
-51  -0.010000
-50   0.090000
-49   0.065000
-48  -0.045000
-47  -0.015000
-46   0.015000
-45   0.010000
-44  -0.010000
-43  -0.005000
-42   0.105000
-41  -0.045000
-40  -0.065000
-39   0.015000
-38   0.005000
-37   0.130000
-36   0.020000
-35  -0.010000
-34   0.060000
-33   0.015000
-32   0.015000
-31   0.075000
-30  -0.040000
-29  -0.010000
-28  -0.020000
-27  -0.040000
-26   0.035000
-25   0.065000
-24  -0.150000
-23  -0.025000
-22  -0.045000
-21  -0.015000
-20  -0.020000
-19  -0.000000
-18   0.015000
-17   0.000000
-16  -0.055000
-15  -0.020000
-14   0.015000
-13  -0.000000
-12  -0.005000
-11  -0.035000
-10   0.105000
-9   0.020000
-8   0.065000
-7  -0.080000
-6  -0.075000
-5  -0.025000
-4  -0.010000
-3  -0.090000
-2  -0.025000
-1  -0.005000
