0  -0.050000
1   0.030000
2   0.050000
3  -0.035000
4   0.030000
5   0.045000
6  -0.005000
7   0.010000
8   0.060000
9  -0.025000
10  -0.015000
11   0.015000
12   0.010000
13  -0.010000
14  -0.075000
15   0.000000
16   0.040000
17   0.050000
18  -0.060000
19   0.035000
20   0.025000
21  -0.030000
22   0.080000
23  -0.030000
24  -0.085000
25   0.025000
26   0.025000
27   0.000000
28   0.105000
29   0.030000
30  -0.030000
31   0.070000
32  -0.010000
33   0.035000
34   0.095000
35  -0.040000
36  -0.010000
37  -0.030000
38   0.085000
39  -0.005000
40  -0.005000
41  -0.135000
42  -0.005000
43  -0.025000
44  -0.085000
45   0.005000
46   0.025000
47   0.000000
48   0.015000
49  -0.025000
50   0.045000
51  -0.080000
52  -0.035000
53   0.005000
54   0.045000
55  -0.000000
56  -0.120000
57   0.070000
58   0.060000
59  -0.020000
60  -0.080000
61   0.020000
62  -0.065000
63  -0.030000
64   0.005000
65  -0.085000
66  -0.005000
67  -0.030000
68   0.035000
69   0.035000
70   0.045000
71  -0.045000
72   0.000000
73  -0.050000
74   0.020000
75  -0.015000
76   0.080000
77   0.045000
78   0.045000
79  -0.000000
80   0.080000
81  -0.020000
82   0.050000
83  -0.075000
84   0.005000
85  -0.105000
86   0.010000
87  -0.025000
88   0.005000
89   0.025000
90  -0.070000
91  -0.135000
92  -0.000000
93  -0.080000
94   0.005000
95   0.015000
96  -0.080000
97  -0.015000
98  -0.015000
99  -0.005000
100  -0.015000
101   0.020000
102   0.020000
103  -0.055000
104   0.030000
105  -0.005000
106  -0.025000
107  -0.025000
108  -0.035000
109   0.030000
110  -0.025000
111  -0.020000
112  -0.085000
113  -0.045000
114  -0.025000
115   0.020000
116   0.055000
117  -0.050000
118  -0.055000
119  -0.015000
120   0.065000
121  -0.055000
122  -0.040000
123  -0.060000
124   0.050000
125  -0.035000
126  -0.015000
127  -0.045000
128   0.055000
129   0.095000
130   0.050000
131  -0.040000
132   0.035000
133   0.055000
134   0.015000
135  -0.040000
136  -0.065000
137  -0.015000
138   0.045000
139   0.035000
140   0.040000
141   0.025000
142   0.085000
143   0.065000
144   0.055000
145   0.020000
146  -0.020000
147  -0.045000
148  -0.085000
149  -0.025000
150  -0.020000
151  -0.050000
152   0.075000
153   0.040000
154   0.050000
155   0.055000
156   0.020000
157  -0.050000
158  -0.050000
159   0.040000
160   0.010000
161   0.055000
162   0.045000
163   0.110000
164   0.055000
165  -0.045000
166   0.025000
167  -0.040000
168  -0.030000
169   0.015000
170  -0.050000
171  -0.120000
172  -0.010000
173   0.060000
174  -0.030000
175  -0.040000
176   0.030000
177  -0.065000
178   0.015000
179  -0.030000
180  -0.030000
181  -0.035000
182   0.010000
183  -0.020000
184  -0.040000
185   0.010000
186   0.055000
187  -0.055000
188   0.055000
189  -0.070000
190  -0.095000
191  -0.040000
192   0.070000
193  -0.010000
194   0.015000
195   0.000000
196   0.025000
197  -0.060000
198  -0.060000
199   0.020000
200   0.040000
201  -0.095000
202  -0.065000
203   0.100000
204   0.005000
205   0.040000
206  -0.005000
207   0.010000
208   0.030000
209   0.045000
210   0.005000
211  -0.045000
212   0.000000
213   0.110000
214   0.005000
215   0.090000
216   0.065000
217  -0.030000
218   0.075000
219   0.005000
220   0.095000
221   0.030000
222   0.000000
223   0.030000
224   0.025000
225   0.015000
226   0.060000
227   0.010000
228   0.045000
229   0.005000
230  -0.005000
231   0.000000
232   0.005000
233  -0.030000
234  -0.030000
235  -0.030000
236  -0.020000
237   0.055000
238  -0.070000
239   0.145000
240  -0.020000
241  -0.075000
242   0.075000
243  -0.080000
244   0.005000
245   0.035000
246   0.025000
247  -0.025000
248   0.040000
249  -0.030000
250   0.005000
251  -0.060000
252   0.075000
253   0.005000
254  -0.005000
255  -0.070000
256   0.025000
257   0.045000
258  -0.045000
259  -0.020000
260   0.105000
261   0.095000
262  -0.010000
263  -0.050000
264  -0.100000
265  -0.020000
266   0.030000
267  -0.110000
268  -0.090000
269   0.035000
270   0.000000
271  -0.000000
272   0.005000
273   0.095000
274   0.015000
275  -0.015000
276  -0.045000
277   0.035000
278   0.010000
279   0.015000
280   0.020000
281   0.005000
282   0.090000
283  -0.060000
284   0.020000
285  -0.125000
286   0.020000
287  -0.025000
288  -0.130000
289   0.045000
290   0.065000
291   0.095000
292  -0.035000
293  -0.010000
294  -0.020000
295  -0.040000
296   0.020000
297  -0.080000
298   0.000000
299   0.070000
300  -0.015000
301   0.025000
302   0.015000
303   0.075000
304   0.040000
305   0.055000
306  -0.070000
307   0.010000
308   0.020000
309  -0.080000
310   0.010000
311   0.000000
312  -0.005000
313   0.065000
314  -0.055000
315  -0.015000
316  -0.085000
317  -0.050000
318  -0.075000
319  -0.045000
320   0.005000
321  -0.045000
322   0.030000
323   0.025000
324  -0.050000
325   0.025000
326   0.055000
327  -0.035000
328  -0.005000
329  -0.020000
330  -0.035000
331  -0.000000
332  -0.040000
333  -0.130000
334  -0.020000
335  -0.020000
336  -0.045000
337  -0.095000
338  -0.140000
339   0.005000
340  -0.000000
341   0.025000
342   0.005000
343   0.010000
344  -0.030000
345  -0.060000
346  -0.040000
347   0.065000
348   0.015000
349  -0.045000
350  -0.025000
351  -0.035000
352   0.000000
353   0.120000
354   0.075000
355  -0.000000
356   0.030000
357   0.000000
358   0.015000
359   0.075000
360   0.040000
361  -0.100000
362  -0.010000
363   0.080000
364   0.030000
365  -0.000000
366  -0.025000
367   0.050000
368  -0.050000
369   0.015000
370   0.015000
371   0.040000
372   0.070000
373  -0.100000
374  -0.020000
375   0.040000
376   0.030000
377  -0.040000
378  -0.030000
379  -0.000000
380   0.070000
381   0.070000
382   0.030000
383   0.015000
384  -0.005000
385   0.115000
386  -0.035000
387   0.005000
388  -0.125000
389   0.125000
390   0.005000
391   0.100000
392   0.015000
393  -0.065000
394   0.105000
395   0.010000
396   0.050000
397   0.060000
398   0.015000
399  -0.015000
400  -0.005000
401   0.000000
402   0.045000
403  -0.035000
404   0.040000
405  -0.010000
406  -0.025000
407  -0.035000
408  -0.025000
409  -0.005000
410   0.025000
411   0.085000
412   0.020000
413  -0.035000
414   0.015000
415   0.025000
416   0.020000
417  -0.050000
418   0.035000
419  -0.040000
420  -0.055000
421   0.010000
422  -0.045000
423  -0.055000
424   0.020000
425   0.005000
426  -0.010000
427  -0.015000
428   0.075000
429  -0.010000
430  -0.020000
431   0.040000
432   0.020000
433   0.065000
434  -0.045000
435  -0.045000
436  -0.065000
437   0.065000
438   0.020000
439   0.065000
440  -0.050000
441  -0.010000
442   0.035000
443  -0.060000
444  -0.075000
445  -0.065000
446   0.075000
447  -0.045000
448   0.005000
449  -0.040000
450  -0.080000
451  -0.055000
452  -0.050000
453  -0.060000
454   0.030000
455  -0.090000
456   0.115000
457   0.055000
458  -0.050000
459  -0.040000
460   0.065000
461  -0.065000
462   0.005000
463   0.070000
464  -0.065000
465   0.005000
466   0.065000
467  -0.165000
468  -0.015000
469  -0.050000
470   0.005000
471  -0.035000
472  -0.120000
473   0.045000
474   0.050000
475   0.065000
476   0.050000
477   0.120000
478  -0.045000
479   0.000000
480   0.010000
481   0.010000
482  -0.035000
483   0.030000
484  -0.010000
485   0.050000
486   0.040000
487  -0.045000
488  -0.015000
489   0.045000
490   0.035000
491   0.010000
492   0.095000
493   0.020000
494  -0.080000
495  -0.065000
496  -0.115000
497   0.050000
498   0.045000
499   0.035000
500  -0.065000
-499  -0.000000
-498  -0.085000
-497  -0.025000
-496   0.055000
-495   0.020000
-494  -0.085000
-493   0.060000
-492  -0.070000
-491  -0.035000
-490   0.015000
-489   0.055000
-488  -0.010000
-487  -0.010000
-486   0.000000
-485   0.015000
-484  -0.060000
-483  -0.100000
-482  -0.070000
-481   0.025000
-480  -0.040000
-479   0.010000
-478   0.045000
-477  -0.105000
-476  -0.015000
-475  -0.055000
-474  -0.050000
-473   0.040000
-472   0.060000
-471   0.000000
-470   0.005000
-469  -0.040000
-468  -0.060000
-467   0.090000
-466   0.080000
-465   0.000000
-464   0.015000
-463  -0.030000
-462   0.015000
-461   0.025000
-460   0.015000
-459   0.055000
-458   0.030000
-457   0.065000
-456  -0.060000
-455   0.010000
-454   0.015000
-453   0.060000
-452   0.050000
-451  -0.080000
-450   0.000000
-449   0.020000
-448  -0.020000
-447  -0.000000
-446  -0.035000
-445   0.020000
-444  -0.110000
-443   0.025000
-442   0.015000
-441   0.055000
-440  -0.015000
-439  -0.010000
-438   0.020000
-437   0.020000
-436   0.035000
-435  -0.025000
-434   0.055000
-433   0.035000
-432   0.030000
-431   0.000000
-430   0.015000
-429   0.040000
-428  -0.090000
-427  -0.030000
-426  -0.065000
-425  -0.010000
-424   0.060000
-423  -0.010000
-422  -0.005000
-421  -0.025000
-420  -0.030000
-419  -0.100000
-418  -0.015000
-417   0.010000
-416   0.005000
-415  -0.045000
-414  -0.020000
-413  -0.030000
-412  -0.040000
-411  -0.025000
-410  -0.020000
-409  -0.030000
-408  -0.065000
-407  -0.060000
-406  -0.040000
-405  -0.015000
-404  -0.065000
-403   0.035000
-402   0.035000
-401   0.015000
-400  -0.020000
-399  -0.050000
-398   0.030000
-397   0.035000
-396   0.085000
-395   0.080000
-394   0.045000
-393   0.055000
-392  -0.025000
-391  -0.055000
-390  -0.025000
-389  -0.010000
-388  -0.055000
-387  -0.045000
-386  -0.060000
-385  -0.035000
-384  -0.020000
-383   0.055000
-382   0.025000
-381   0.005000
-380   0.060000
-379   0.040000
-378   0.020000
-377  -0.040000
-376  -0.095000
-375  -0.070000
-374  -0.035000
-373   0.030000
-372  -0.030000
-371   0.030000
-370   0.090000
-369   0.025000
-368  -0.070000
-367  -0.020000
-366   0.005000
-365  -0.045000
-364   0.015000
-363   0.045000
-362  -0.040000
-361  -0.010000
-360  -0.055000
-359  -0.015000
-358  -0.035000
-357  -0.045000
-356  -0.080000
-355   0.050000
-354   0.015000
-353   0.010000
-352   0.040000
-351   0.020000
-350  -0.015000
-349  -0.070000
-348  -0.050000
-347   0.100000
-346  -0.025000
-345   0.015000
-344   0.020000
-343  -0.060000
-342  -0.005000
-341  -0.030000
-340  -0.080000
-339  -0.035000
-338  -0.030000
-337  -0.020000
-336   0.010000
-335   0.035000
-334  -0.085000
-333   0.085000
-332  -0.005000
-331  -0.010000
-330  -0.045000
-329   0.025000
-328  -0.020000
-327  -0.035000
-326  -0.025000
-325  -0.005000
-324  -0.080000
-323   0.025000
-322   0.045000
-321  -0.045000
-320  -0.060000
-319  -0.010000
-318   0.020000
-317   0.010000
-316  -0.015000
-315  -0.035000
-314   0.040000
-313  -0.055000
-312   0.010000
-311   0.055000
-310   0.065000
-309   0.020000
-308  -0.005000
-307  -0.020000
-306   0.010000
-305  -0.005000
-304  -0.065000
-303   0.000000
-302   0.065000
-301  -0.000000
-300   0.125000
-299   0.005000
-298   0.045000
-297   0.010000
-296  -0.080000
-295  -0.020000
-294  -0.010000
-293   0.025000
-292  -0.060000
-291   0.040000
-290  -0.020000
-289   0.085000
-288  -0.035000
-287  -0.085000
-286   0.000000
-285  -0.040000
-284   0.040000
-283   0.045000
-282   0.020000
-281   0.010000
-280   0.015000
-279   0.055000
-278  -0.010000
-277  -0.015000
-276   0.005000
-275   0.025000
-274  -0.065000
-273   0.060000
-272  -0.020000
-271   0.010000
-270   0.020000
-269  -0.070000
-268  -0.055000
-267  -0.035000
-266   0.050000
-265   0.010000
-264   0.045000
-263   0.050000
-262  -0.010000
-261   0.030000
-260   0.030000
-259   0.000000
-258  -0.000000
-257  -0.020000
-256  -0.075000
-255   0.025000
-254   0.030000
-253   0.005000
-252   0.030000
-251   0.035000
-250  -0.015000
-249   0.005000
-248   0.005000
-247   0.030000
-246  -0.060000
-245   0.090000
-244  -0.020000
-243  -0.015000
-242   0.140000
-241  -0.015000
-240  -0.045000
-239  -0.110000
-238   0.070000
-237   0.035000
-236  -0.015000
-235  -0.040000
-234   0.050000
-233  -0.180000
-232  -0.060000
-231   0.055000
-230   0.070000
-229   0.005000
-228  -0.065000
-227   0.025000
-226   0.040000
-225  -0.005000
-224   0.010000
-223   0.070000
-222   0.000000
-221  -0.090000
-220   0.025000
-219  -0.070000
-218   0.060000
-217   0.005000
-216   0.035000
-215  -0.110000
-214   0.065000
-213   0.045000
-212  -0.040000
-211   0.040000
-210   0.055000
-209   0.045000
-208  -0.030000
-207  -0.120000
-206  -0.025000
-205  -0.050000
-204  -0.010000
-203  -0.065000
-202  -0.055000
-201  -0.055000
-200   0.015000
-199   0.000000
-198   0.045000
-197   0.055000
-196   0.010000
-195  -0.015000
-194   0.095000
-193  -0.055000
-192  -0.015000
-191   0.015000
-190  -0.060000
-189   0.080000
-188  -0.010000
-187  -0.025000
-186  -0.105000
-185   0.015000
-184   0.015000
-183  -0.005000
-182  -0.110000
-181  -0.000000
-180   0.020000
-179   0.010000
-178   0.020000
-177  -0.080000
-176   0.035000
-175  -0.030000
-174   0.005000
-173   0.010000
-172  -0.020000
-171   0.055000
-170  -0.020000
-169   0.055000
-168  -0.005000
-167   0.020000
-166  -0.045000
-165  -0.090000
-164   0.025000
-163  -0.025000
-162  -0.055000
-161  -0.010000
-160  -0.120000
-159  -0.010000
-158  -0.045000
-157   0.020000
-156  -0.005000
-155   0.015000
-154  -0.020000
-153   0.010000
-152   0.135000
-151   0.020000
-150   0.015000
-149  -0.020000
-148  -0.090000
-147  -0.015000
-146   0.030000
-145   0.015000
-144   0.060000
-143  -0.050000
-142   0.010000
-141  -0.025000
-140   0.060000
-139   0.020000
-138  -0.035000
-137  -0.010000
-136  -0.010000
-135  -0.030000
-134  -0.050000
-133   0.040000
-132  -0.060000
-131  -0.020000
-130   0.005000
-129  -0.005000
-128   0.010000
-127   0.000000
-126   0.075000
-125  -0.080000
-124  -0.050000
-123  -0.020000
-122  -0.040000
-121  -0.010000
-120   0.080000
-119  -0.020000
-118  -0.010000
-117  -0.045000
-116   0.035000
-115  -0.030000
-114   0.045000
-113   0.005000
-112  -0.030000
-111  -0.025000
-110  -0.015000
-109   0.025000
-108  -0.100000
-107  -0.045000
-106  -0.005000
-105  -0.055000
-104  -0.120000
-103   0.055000
-102   0.050000
-101  -0.060000
-100   0.015000
-99   0.005000
-98  -0.095000
-97   0.005000
-96   0.025000
-95  -0.010000
-94   0.045000
-93   0.015000
-92   0.015000
-91  -0.000000
-90   0.095000
-89   0.025000
-88   0.080000
-87  -0.040000
-86  -0.005000
-85  -0.060000
-84   0.020000
-83   0.005000
-82  -0.090000
-81  -0.080000
-80   0.055000
-79   0.065000
-78  -0.125000
-77   0.035000
-76  -0.020000
-75   0.060000
-74   0.100000
-73   0.025000
-72   0.000000
-71   0.040000
-70  -0.050000
-69   0.055000
-68   0.000000
-67   0.075000
-66   0.095000
-65   0.075000
-64   0.085000
-63  -0.055000
-62  -0.040000
-61   0.080000
-60  -0.010000
-59  -0.010000
-58   0.005000
-57   0.050000
-56  -0.095000
-55   0.010000
-54   0.045000
-53   0.030000
-52   0.030000
-51   0.030000
-50  -0.020000
-49  -0.060000
-48  -0.040000
-47  -0.030000
-46   0.070000
-45   0.050000
-44   0.085000
-43   0.030000
-42   0.030000
-41   0.080000
-40  -0.045000
-39  -0.005000
-38  -0.000000
-37  -0.055000
-36  -0.110000
-35   0.020000
-34  -0.105000
-33   0.015000
-32   0.040000
-31  -0.070000
-30  -0.040000
-29  -0.125000
-28  -0.060000
-27   0.090000
-26   0.005000
-25   0.025000
-24   0.035000
-23   0.045000
-22   0.015000
-21   0.025000
-20   0.055000
-19   0.020000
-18  -0.005000
-17   0.050000
-16   0.065000
-15  -0.190000
-14   0.115000
-13   0.030000
-12   0.010000
-11   0.060000
-10  -0.025000
-9  -0.030000
-8  -0.005000
-7   0.000000
-6   0.030000
-5  -0.030000
-4   0.025000
-3   0.050000
-2  -0.040000
-1  -0.025000
