0  -0.015000
1   0.010000
2  -0.010000
3   0.105000
4   0.045000
5   0.060000
6   0.035000
7  -0.085000
8   0.035000
9   0.035000
10   0.060000
11  -0.005000
12   0.040000
13  -0.115000
14  -0.010000
15  -0.055000
16  -0.115000
17   0.055000
18   0.125000
19   0.085000
20  -0.005000
21   0.055000
22   0.010000
23  -0.010000
24  -0.040000
25   0.085000
26   0.065000
27   0.000000
28  -0.065000
29   0.030000
30  -0.060000
31  -0.015000
32   0.070000
33   0.000000
34   0.000000
35  -0.015000
36   0.045000
37   0.040000
38   0.065000
39  -0.050000
40  -0.055000
41  -0.020000
42   0.040000
43   0.090000
44  -0.080000
45  -0.015000
46  -0.005000
47   0.005000
48  -0.025000
49   0.035000
50   0.055000
51   0.040000
52   0.040000
53  -0.050000
54  -0.005000
55  -0.035000
56   0.000000
57  -0.010000
58  -0.020000
59   0.020000
60   0.040000
61  -0.025000
62   0.005000
63   0.005000
64  -0.040000
65   0.025000
66  -0.025000
67   0.160000
68   0.020000
69  -0.005000
70  -0.005000
71   0.035000
72  -0.065000
73   0.025000
74  -0.035000
75   0.000000
76   0.035000
77  -0.015000
78   0.035000
79   0.050000
80  -0.020000
81   0.000000
82  -0.045000
83   0.125000
84  -0.010000
85   0.055000
86   0.000000
87  -0.070000
88   0.060000
89  -0.010000
90  -0.060000
91   0.010000
92   0.000000
93   0.050000
94  -0.035000
95  -0.040000
96  -0.045000
97  -0.045000
98   0.005000
99   0.080000
100   0.060000
101  -0.025000
102   0.040000
103   0.030000
104   0.060000
105   0.035000
106  -0.025000
107   0.020000
108  -0.015000
109   0.030000
110   0.055000
111   0.020000
112   0.035000
113   0.015000
114   0.120000
115   0.035000
116   0.000000
117  -0.045000
118  -0.020000
119   0.005000
120   0.005000
121  -0.010000
122  -0.020000
123   0.025000
124  -0.035000
125  -0.010000
126  -0.095000
127   0.030000
128   0.025000
129   0.005000
130   0.040000
131   0.020000
132  -0.040000
133  -0.015000
134   0.060000
135   0.020000
136   0.020000
137   0.025000
138  -0.055000
139  -0.070000
140   0.060000
141  -0.010000
142  -0.045000
143  -0.080000
144   0.025000
145  -0.140000
146  -0.025000
147  -0.010000
148  -0.065000
149  -0.050000
150   0.005000
151   0.035000
152   0.050000
153  -0.085000
154   0.040000
155   0.060000
156  -0.025000
157  -0.010000
158  -0.030000
159   0.025000
160  -0.055000
161  -0.060000
162  -0.020000
163   0.030000
164   0.005000
165  -0.005000
166  -0.050000
167  -0.005000
168   0.020000
169   0.075000
170  -0.080000
171   0.005000
172   0.105000
173  -0.005000
174  -0.040000
175   0.030000
176  -0.035000
177  -0.005000
178   0.040000
179  -0.005000
180   0.015000
181  -0.080000
182   0.070000
183   0.065000
184   0.005000
185  -0.025000
186  -0.045000
187   0.025000
188   0.015000
189  -0.110000
190   0.000000
191  -0.090000
192   0.090000
193  -0.020000
194   0.030000
195  -0.010000
196  -0.010000
197  -0.020000
198   0.030000
199   0.080000
200  -0.015000
201   0.100000
202  -0.085000
203  -0.010000
204  -0.030000
205  -0.070000
206   0.005000
207  -0.070000
208  -0.070000
209  -0.065000
210  -0.060000
211  -0.035000
212   0.090000
213   0.025000
214  -0.115000
215  -0.025000
216  -0.140000
217  -0.065000
218  -0.015000
219   0.050000
220   0.105000
221   0.090000
222   0.035000
223   0.025000
224   0.040000
225   0.020000
226   0.040000
227   0.095000
228   0.020000
229  -0.035000
230   0.015000
231   0.120000
232  -0.040000
233   0.040000
234  -0.015000
235  -0.025000
236   0.025000
237   0.035000
238   0.095000
239  -0.025000
240  -0.070000
241  -0.035000
242  -0.010000
243   0.075000
244   0.020000
245  -0.005000
246   0.080000
247   0.055000
248   0.010000
249   0.005000
250   0.020000
251  -0.020000
252   0.005000
253   0.025000
254  -0.060000
255  -0.115000
256   0.055000
257   0.045000
258   0.050000
259   0.040000
260   0.000000
261  -0.055000
262  -0.100000
263   0.020000
264  -0.065000
265  -0.000000
266  -0.060000
267  -0.050000
268   0.045000
269   0.030000
270   0.010000
271   0.055000
272  -0.040000
273  -0.015000
274   0.000000
275  -0.020000
276  -0.015000
277   0.020000
278   0.020000
279  -0.000000
280   0.025000
281  -0.085000
282   0.035000
283  -0.005000
284   0.035000
285  -0.040000
286  -0.020000
287   0.030000
288  -0.005000
289  -0.040000
290  -0.020000
291   0.025000
292   0.020000
293  -0.030000
294  -0.020000
295  -0.035000
296   0.010000
297   0.080000
298  -0.025000
299   0.060000
300   0.030000
301   0.025000
302   0.045000
303   0.080000
304  -0.050000
305  -0.015000
306  -0.070000
307  -0.060000
308   0.060000
309  -0.050000
310   0.025000
311   0.050000
312   0.100000
313  -0.085000
314  -0.045000
315   0.005000
316   0.075000
317   0.090000
318  -0.005000
319  -0.065000
320   0.010000
321  -0.040000
322  -0.010000
323  -0.025000
324   0.050000
325   0.100000
326   0.045000
327   0.065000
328   0.065000
329   0.085000
330  -0.010000
331   0.085000
332   0.000000
333  -0.045000
334  -0.080000
335   0.000000
336  -0.070000
337  -0.040000
338   0.020000
339  -0.015000
340   0.030000
341   0.035000
342  -0.025000
343   0.080000
344   0.000000
345   0.005000
346   0.105000
347   0.095000
348   0.050000
349   0.125000
350  -0.005000
351   0.035000
352  -0.030000
353   0.065000
354  -0.030000
355   0.005000
356  -0.010000
357   0.025000
358  -0.050000
359  -0.005000
360   0.020000
361  -0.030000
362   0.010000
363  -0.050000
364   0.030000
365   0.000000
366  -0.010000
367   0.070000
368   0.065000
369   0.005000
370   0.055000
371  -0.045000
372  -0.035000
373   0.050000
374  -0.030000
375   0.090000
376   0.010000
377  -0.010000
378  -0.005000
379   0.055000
380  -0.010000
381  -0.020000
382  -0.040000
383   0.085000
384   0.000000
385   0.070000
386   0.035000
387   0.050000
388   0.125000
389   0.055000
390  -0.025000
391   0.065000
392  -0.010000
393   0.105000
394  -0.035000
395  -0.010000
396  -0.015000
397  -0.030000
398   0.045000
399   0.025000
400  -0.060000
401  -0.020000
402  -0.010000
403   0.050000
404  -0.020000
405  -0.045000
406  -0.045000
407   0.050000
408  -0.005000
409  -0.030000
410  -0.040000
411   0.020000
412  -0.000000
413   0.025000
414  -0.060000
415  -0.045000
416   0.085000
417  -0.140000
418   0.030000
419  -0.005000
420  -0.030000
421  -0.040000
422   0.005000
423   0.030000
424  -0.055000
425   0.080000
426  -0.055000
427   0.040000
428   0.050000
429   0.045000
430   0.025000
431  -0.005000
432  -0.085000
433   0.040000
434  -0.060000
435  -0.010000
436   0.020000
437   0.095000
438   0.060000
439   0.030000
440   0.005000
441  -0.030000
442   0.050000
443   0.010000
444  -0.045000
445  -0.025000
446  -0.060000
447   0.025000
448   0.005000
449   0.035000
450  -0.030000
451  -0.025000
452  -0.025000
453  -0.015000
454   0.030000
455   0.090000
456   0.060000
457   0.065000
458  -0.050000
459  -0.035000
460   0.025000
461   0.005000
462   0.005000
463  -0.030000
464   0.020000
465   0.015000
466   0.015000
467   0.045000
468  -0.045000
469  -0.010000
470  -0.025000
471   0.010000
472   0.000000
473   0.075000
474  -0.050000
475   0.010000
476   0.030000
477   0.040000
478  -0.080000
479  -0.010000
480  -0.010000
481  -0.060000
482   0.000000
483   0.035000
484  -0.015000
485   0.055000
486   0.055000
487   0.115000
488   0.020000
489  -0.130000
490  -0.055000
491   0.020000
492  -0.030000
493   0.000000
494   0.030000
495   0.035000
496  -0.105000
497   0.045000
498   0.095000
499  -0.040000
500  -0.010000
-499   0.025000
-498  -0.025000
-497   0.020000
-496  -0.015000
-495   0.125000
-494  -0.160000
-493   0.025000
-492  -0.005000
-491  -0.025000
-490  -0.015000
-489  -0.005000
-488   0.085000
-487   0.050000
-486  -0.020000
-485   0.005000
-484  -0.075000
-483  -0.015000
-482  -0.025000
-481  -0.050000
-480  -0.025000
-479   0.040000
-478   0.030000
-477   0.020000
-476   0.015000
-475  -0.000000
-474   0.035000
-473   0.010000
-472  -0.070000
-471   0.060000
-470   0.030000
-469  -0.085000
-468  -0.030000
-467  -0.050000
-466   0.010000
-465   0.055000
-464   0.015000
-463   0.000000
-462  -0.055000
-461  -0.030000
-460   0.010000
-459  -0.070000
-458   0.040000
-457   0.020000
-456  -0.010000
-455   0.075000
-454   0.035000
-453  -0.010000
-452  -0.010000
-451   0.010000
-450   0.080000
-449  -0.015000
-448   0.010000
-447   0.010000
-446  -0.010000
-445  -0.030000
-444  -0.040000
-443   0.015000
-442  -0.110000
-441  -0.040000
-440  -0.040000
-439   0.010000
-438   0.020000
-437   0.040000
-436   0.020000
-435   0.105000
-434  -0.030000
-433   0.030000
-432   0.010000
-431   0.045000
-430   0.000000
-429   0.025000
-428   0.050000
-427  -0.005000
-426   0.060000
-425   0.030000
-424   0.060000
-423  -0.050000
-422  -0.040000
-421   0.070000
-420  -0.090000
-419   0.040000
-418  -0.010000
-417   0.025000
-416   0.025000
-415  -0.085000
-414   0.025000
-413  -0.005000
-412   0.055000
-411  -0.010000
-410   0.025000
-409  -0.030000
-408   0.095000
-407  -0.015000
-406   0.055000
-405  -0.110000
-404  -0.095000
-403  -0.040000
-402  -0.120000
-401   0.000000
-400   0.120000
-399   0.045000
-398  -0.020000
-397   0.035000
-396   0.025000
-395   0.055000
-394  -0.015000
-393   0.030000
-392   0.020000
-391   0.005000
-390  -0.020000
-389  -0.065000
-388  -0.010000
-387   0.020000
-386  -0.095000
-385  -0.080000
-384   0.010000
-383   0.050000
-382   0.045000
-381  -0.075000
-380  -0.090000
-379  -0.045000
-378   0.005000
-377   0.070000
-376   0.010000
-375   0.000000
-374   0.005000
-373   0.035000
-372   0.030000
-371  -0.045000
-370  -0.065000
-369   0.005000
-368   0.035000
-367   0.145000
-366   0.000000
-365  -0.000000
-364   0.045000
-363  -0.025000
-362   0.020000
-361   0.020000
-360   0.045000
-359   0.125000
-358   0.015000
-357  -0.025000
-356   0.010000
-355  -0.025000
-354   0.010000
-353   0.015000
-352   0.000000
-351  -0.045000
-350  -0.005000
-349  -0.030000
-348   0.035000
-347   0.045000
-346   0.005000
-345   0.020000
-344   0.010000
-343  -0.020000
-342  -0.035000
-341  -0.030000
-340   0.105000
-339  -0.115000
-338   0.025000
-337   0.040000
-336  -0.045000
-335   0.035000
-334   0.060000
-333   0.045000
-332   0.060000
-331  -0.005000
-330  -0.050000
-329   0.075000
-328   0.050000
-327  -0.055000
-326   0.025000
-325  -0.005000
-324   0.020000
-323  -0.055000
-322  -0.010000
-321   0.075000
-320  -0.025000
-319  -0.005000
-318   0.025000
-317  -0.025000
-316  -0.020000
-315  -0.015000
-314  -0.000000
-313   0.015000
-312  -0.055000
-311   0.070000
-310   0.000000
-309  -0.070000
-308   0.040000
-307  -0.040000
-306   0.050000
-305  -0.110000
-304   0.000000
-303   0.120000
-302   0.035000
-301  -0.015000
-300   0.035000
-299   0.040000
-298   0.020000
-297   0.020000
-296  -0.040000
-295   0.100000
-294  -0.040000
-293  -0.075000
-292   0.015000
-291  -0.015000
-290  -0.045000
-289   0.020000
-288   0.000000
-287   0.020000
-286  -0.020000
-285  -0.055000
-284  -0.070000
-283  -0.025000
-282   0.125000
-281  -0.005000
-280   0.070000
-279  -0.015000
-278   0.010000
-277  -0.005000
-276  -0.015000
-275   0.050000
-274   0.045000
-273   0.080000
-272  -0.080000
-271  -0.000000
-270   0.050000
-269  -0.040000
-268  -0.020000
-267   0.005000
-266  -0.015000
-265   0.005000
-264   0.045000
-263   0.090000
-262   0.020000
-261   0.000000
-260  -0.065000
-259  -0.055000
-258   0.000000
-257   0.000000
-256   0.030000
-255   0.050000
-254  -0.030000
-253   0.035000
-252  -0.025000
-251  -0.080000
-250   0.010000
-249  -0.040000
-248   0.010000
-247  -0.055000
-246   0.035000
-245   0.015000
-244  -0.140000
-243  -0.050000
-242   0.045000
-241  -0.005000
-240  -0.065000
-239  -0.060000
-238  -0.050000
-237  -0.010000
-236   0.030000
-235  -0.005000
-234  -0.060000
-233  -0.025000
-232   0.065000
-231   0.020000
-230   0.020000
-229   0.025000
-228  -0.045000
-227  -0.005000
-226  -0.085000
-225   0.035000
-224  -0.025000
-223  -0.010000
-222  -0.045000
-221  -0.110000
-220   0.020000
-219   0.015000
-218  -0.070000
-217  -0.010000
-216   0.040000
-215   0.050000
-214  -0.030000
-213   0.010000
-212   0.020000
-211   0.020000
-210  -0.010000
-209   0.030000
-208  -0.030000
-207   0.060000
-206   0.035000
-205  -0.045000
-204   0.005000
-203   0.010000
-202   0.075000
-201  -0.080000
-200  -0.015000
-199  -0.045000
-198  -0.040000
-197   0.020000
-196  -0.010000
-195   0.025000
-194  -0.045000
-193   0.000000
-192  -0.015000
-191   0.065000
-190   0.090000
-189  -0.005000
-188   0.025000
-187  -0.105000
-186   0.060000
-185   0.035000
-184   0.075000
-183  -0.015000
-182  -0.030000
-181  -0.020000
-180  -0.030000
-179   0.035000
-178  -0.045000
-177  -0.015000
-176  -0.080000
-175   0.045000
-174   0.030000
-173   0.085000
-172   0.025000
-171  -0.000000
-170   0.005000
-169  -0.120000
-168   0.045000
-167   0.030000
-166  -0.045000
-165   0.055000
-164   0.050000
-163  -0.050000
-162  -0.070000
-161  -0.150000
-160   0.015000
-159  -0.025000
-158  -0.000000
-157   0.070000
-156   0.055000
-155   0.005000
-154   0.055000
-153   0.045000
-152   0.015000
-151   0.065000
-150  -0.110000
-149  -0.010000
-148   0.030000
-147  -0.025000
-146   0.025000
-145   0.050000
-144   0.025000
-143  -0.025000
-142   0.110000
-141  -0.015000
-140   0.030000
-139   0.000000
-138   0.010000
-137  -0.035000
-136   0.025000
-135  -0.015000
-134  -0.020000
-133   0.000000
-132   0.115000
-131  -0.005000
-130   0.100000
-129   0.040000
-128  -0.000000
-127   0.070000
-126  -0.045000
-125  -0.020000
-124  -0.035000
-123   0.010000
-122   0.035000
-121   0.010000
-120   0.105000
-119   0.015000
-118  -0.025000
-117   0.085000
-116  -0.050000
-115  -0.075000
-114  -0.035000
-113  -0.060000
-112  -0.010000
-111   0.040000
-110   0.045000
-109  -0.075000
-108  -0.065000
-107   0.060000
-106   0.045000
-105   0.015000
-104  -0.090000
-103  -0.015000
-102   0.080000
-101   0.050000
-100  -0.005000
-99   0.070000
-98   0.035000
-97   0.080000
-96  -0.010000
-95   0.010000
-94  -0.145000
-93   0.020000
-92  -0.125000
-91  -0.040000
-90  -0.015000
-89   0.070000
-88  -0.005000
-87  -0.005000
-86   0.020000
-85  -0.040000
-84   0.010000
-83   0.030000
-82  -0.030000
-81   0.040000
-80  -0.085000
-79   0.005000
-78   0.070000
-77   0.040000
-76  -0.140000
-75   0.005000
-74  -0.105000
-73  -0.035000
-72  -0.075000
-71   0.030000
-70   0.005000
-69  -0.005000
-68  -0.005000
-67  -0.090000
-66  -0.045000
-65   0.045000
-64   0.075000
-63  -0.015000
-62  -0.070000
-61  -0.030000
-60   0.075000
-59   0.020000
-58   0.015000
-57   0.000000
-56   0.040000
-55   0.015000
-54  -0.010000
-53  -0.055000
-52   0.040000
-51  -0.075000
-50  -0.025000
-49   0.105000
-48  -0.075000
-47  -0.000000
-46   0.065000
-45   0.045000
-44  -0.065000
-43  -0.060000
-42  -0.030000
-41   0.025000
-40  -0.020000
-39   0.050000
-38  -0.020000
-37  -0.050000
-36   0.025000
-35  -0.025000
-34  -0.025000
-33   0.015000
-32   0.035000
-31  -0.035000
-30  -0.120000
-29  -0.030000
-28  -0.065000
-27   0.040000
-26   0.000000
-25   0.010000
-24   0.100000
-23   0.040000
-22   0.030000
-21  -0.045000
-20   0.040000
-19   0.070000
-18  -0.100000
-17  -0.020000
-16   0.025000
-15   0.075000
-14   0.050000
-13   0.025000
-12   0.025000
-11   0.065000
-10   0.005000
-9   0.025000
-8  -0.045000
-7   0.050000
-6   0.025000
-5   0.025000
-4   0.005000
-3   0.025000
-2   0.000000
-1  -0.020000
