0   0.000000
1  -0.005000
2   0.040000
3  -0.050000
4  -0.005000
5  -0.005000
6  -0.080000
7   0.110000
8   0.015000
9   0.000000
10  -0.000000
11   0.025000
12   0.020000
13  -0.015000
14  -0.005000
15   0.035000
16  -0.100000
17  -0.035000
18  -0.075000
19   0.040000
20   0.055000
21   0.035000
22   0.010000
23   0.000000
24  -0.030000
25  -0.070000
26   0.090000
27  -0.030000
28  -0.015000
29   0.020000
30   0.045000
31   0.055000
32  -0.015000
33   0.010000
34  -0.005000
35   0.045000
36  -0.020000
37  -0.060000
38   0.050000
39   0.010000
40   0.040000
41   0.060000
42   0.045000
43  -0.070000
44  -0.050000
45  -0.010000
46   0.035000
47  -0.070000
48  -0.005000
49   0.015000
50  -0.015000
51   0.080000
52  -0.045000
53  -0.025000
54   0.015000
55   0.020000
56  -0.090000
57   0.055000
58   0.040000
59  -0.085000
60  -0.035000
61  -0.075000
62   0.005000
63  -0.050000
64  -0.005000
65   0.035000
66   0.050000
67  -0.025000
68  -0.040000
69  -0.005000
70  -0.020000
71  -0.015000
72   0.045000
73   0.060000
74   0.035000
75  -0.015000
76   0.035000
77  -0.040000
78   0.065000
79   0.055000
80  -0.025000
81  -0.045000
82  -0.015000
83   0.105000
84  -0.030000
85  -0.010000
86   0.055000
87   0.040000
88   0.035000
89   0.015000
90  -0.100000
91  -0.045000
92   0.020000
93   0.005000
94   0.020000
95   0.010000
96   0.000000
97  -0.000000
98  -0.095000
99   0.065000
100  -0.025000
101  -0.065000
102   0.030000
103   0.120000
104   0.045000
105   0.000000
106  -0.010000
107  -0.020000
108  -0.035000
109   0.040000
110   0.010000
111   0.085000
112   0.010000
113  -0.020000
114   0.065000
115  -0.030000
116  -0.025000
117   0.010000
118   0.035000
119   0.020000
120   0.085000
121  -0.040000
122   0.070000
123  -0.015000
124  -0.025000
125  -0.085000
126  -0.000000
127   0.055000
128   0.035000
129   0.005000
130   0.035000
131  -0.000000
132   0.030000
133  -0.015000
134  -0.015000
135  -0.020000
136  -0.025000
137  -0.005000
138   0.095000
139   0.005000
140   0.030000
141   0.070000
142  -0.040000
143   0.055000
144   0.035000
145   0.055000
146  -0.010000
147  -0.010000
148  -0.035000
149   0.085000
150   0.045000
151   0.005000
152  -0.040000
153   0.005000
154  -0.045000
155  -0.040000
156  -0.010000
157  -0.005000
158   0.010000
159   0.055000
160   0.070000
161  -0.020000
162   0.090000
163   0.025000
164  -0.045000
165   0.070000
166  -0.020000
167  -0.015000
168  -0.005000
169   0.050000
170   0.050000
171  -0.025000
172   0.045000
173   0.025000
174  -0.055000
175   0.085000
176  -0.125000
177  -0.000000
178   0.040000
179   0.020000
180   0.070000
181  -0.000000
182  -0.080000
183  -0.020000
184   0.015000
185   0.000000
186   0.015000
187  -0.090000
188  -0.065000
189   0.010000
190  -0.060000
191   0.080000
192  -0.025000
193  -0.040000
194   0.030000
195   0.050000
196  -0.045000
197   0.050000
198   0.015000
199  -0.140000
200  -0.120000
201  -0.065000
202   0.020000
203  -0.060000
204  -0.025000
205  -0.020000
206  -0.015000
207  -0.065000
208  -0.025000
209   0.025000
210   0.025000
211  -0.035000
212  -0.070000
213   0.035000
214   0.035000
215  -0.005000
216  -0.000000
217   0.015000
218  -0.060000
219   0.075000
220  -0.055000
221  -0.030000
222   0.025000
223  -0.030000
224   0.055000
225  -0.040000
226  -0.070000
227   0.045000
228  -0.020000
229  -0.020000
230  -0.045000
231   0.115000
232  -0.040000
233  -0.085000
234  -0.030000
235   0.035000
236  -0.055000
237   0.020000
238  -0.030000
239   0.045000
240   0.050000
241   0.010000
242  -0.000000
243  -0.015000
244  -0.000000
245  -0.110000
246   0.020000
247   0.035000
248  -0.040000
249   0.010000
250   0.040000
251  -0.010000
252  -0.060000
253  -0.010000
254   0.010000
255  -0.035000
256   0.095000
257  -0.050000
258   0.020000
259   0.105000
260   0.025000
261  -0.030000
262   0.045000
263  -0.050000
264   0.035000
265  -0.015000
266  -0.020000
267  -0.055000
268   0.060000
269  -0.015000
270   0.065000
271   0.030000
272  -0.090000
273  -0.045000
274   0.060000
275   0.045000
276  -0.060000
277  -0.045000
278  -0.075000
279   0.030000
280  -0.005000
281  -0.035000
282  -0.035000
283  -0.010000
284  -0.080000
285   0.005000
286  -0.050000
287   0.020000
288   0.005000
289  -0.010000
290   0.075000
291   0.025000
292   0.075000
293  -0.035000
294  -0.005000
295   0.020000
296   0.105000
297  -0.030000
298  -0.055000
299  -0.085000
300   0.115000
301  -0.060000
302   0.050000
303  -0.040000
304  -0.030000
305  -0.120000
306  -0.030000
307   0.010000
308  -0.015000
309   0.005000
310   0.020000
311  -0.030000
312  -0.005000
313   0.095000
314  -0.075000
315   0.015000
316   0.095000
317   0.045000
318  -0.025000
319   0.035000
320  -0.015000
321  -0.120000
322  -0.040000
323  -0.035000
324   0.090000
325   0.045000
326   0.075000
327  -0.025000
328   0.000000
329   0.085000
330  -0.010000
331  -0.015000
332   0.025000
333   0.035000
334  -0.060000
335  -0.065000
336  -0.110000
337   0.015000
338  -0.105000
339  -0.065000
340  -0.020000
341  -0.005000
342   0.060000
343   0.000000
344  -0.090000
345   0.085000
346  -0.010000
347   0.005000
348   0.020000
349   0.025000
350   0.030000
351  -0.030000
352  -0.045000
353   0.010000
354   0.000000
355   0.065000
356   0.045000
357  -0.035000
358   0.005000
359  -0.070000
360   0.010000
361   0.020000
362   0.090000
363   0.085000
364  -0.035000
365  -0.025000
366   0.095000
367  -0.025000
368  -0.040000
369   0.015000
370  -0.050000
371  -0.010000
372  -0.090000
373   0.005000
374   0.050000
375  -0.070000
376   0.020000
377   0.010000
378  -0.065000
379  -0.035000
380   0.035000
381  -0.055000
382  -0.065000
383   0.130000
384  -0.065000
385   0.000000
386   0.010000
387   0.050000
388  -0.070000
389   0.035000
390   0.045000
391   0.085000
392   0.055000
393  -0.070000
394   0.075000
395   0.035000
396  -0.050000
397  -0.030000
398  -0.045000
399  -0.060000
400   0.005000
401   0.075000
402   0.050000
403   0.085000
404   0.030000
405  -0.085000
406   0.005000
407   0.040000
408  -0.120000
409   0.055000
410  -0.015000
411  -0.035000
412   0.055000
413   0.035000
414   0.005000
415   0.015000
416   0.055000
417  -0.010000
418   0.005000
419  -0.010000
420   0.080000
421   0.005000
422  -0.005000
423  -0.015000
424   0.010000
425   0.025000
426  -0.025000
427   0.020000
428  -0.040000
429   0.015000
430  -0.040000
431  -0.015000
432  -0.000000
433   0.035000
434   0.020000
435   0.030000
436   0.040000
437   0.015000
438   0.090000
439   0.035000
440  -0.030000
441  -0.010000
442   0.065000
443  -0.010000
444  -0.070000
445   0.020000
446  -0.005000
447   0.030000
448   0.030000
449   0.015000
450   0.030000
451  -0.050000
452  -0.020000
453   0.125000
454  -0.005000
455   0.035000
456   0.040000
457   0.040000
458  -0.005000
459   0.105000
460  -0.010000
461  -0.050000
462   0.020000
463  -0.005000
464   0.125000
465   0.030000
466   0.060000
467  -0.055000
468  -0.035000
469  -0.010000
470  -0.005000
471   0.030000
472   0.015000
473   0.085000
474   0.035000
475   0.085000
476   0.060000
477   0.060000
478  -0.060000
479   0.050000
480   0.055000
481  -0.075000
482   0.020000
483  -0.095000
484   0.020000
485  -0.105000
486   0.050000
487   0.060000
488  -0.100000
489   0.085000
490   0.040000
491  -0.005000
492  -0.040000
493   0.045000
494   0.000000
495   0.065000
496   0.045000
497   0.035000
498   0.055000
499  -0.015000
500  -0.050000
-499  -0.165000
-498   0.005000
-497   0.045000
-496  -0.030000
-495  -0.120000
-494   0.110000
-493   0.005000
-492  -0.050000
-491  -0.005000
-490   0.020000
-489  -0.050000
-488  -0.020000
-487   0.040000
-486   0.100000
-485  -0.020000
-484   0.020000
-483   0.020000
-482  -0.005000
-481  -0.020000
-480   0.015000
-479   0.015000
-478   0.135000
-477   0.080000
-476  -0.015000
-475  -0.020000
-474   0.020000
-473   0.050000
-472   0.045000
-471   0.005000
-470  -0.005000
-469   0.090000
-468   0.010000
-467  -0.080000
-466  -0.035000
-465   0.025000
-464  -0.010000
-463   0.005000
-462   0.090000
-461  -0.055000
-460  -0.065000
-459   0.010000
-458   0.120000
-457   0.040000
-456   0.065000
-455  -0.055000
-454  -0.025000
-453  -0.065000
-452  -0.075000
-451  -0.080000
-450   0.040000
-449   0.040000
-448   0.000000
-447  -0.065000
-446  -0.025000
-445  -0.020000
-444  -0.015000
-443   0.030000
-442   0.005000
-441   0.020000
-440   0.070000
-439   0.070000
-438   0.075000
-437  -0.060000
-436  -0.020000
-435   0.070000
-434  -0.025000
-433  -0.040000
-432  -0.015000
-431   0.000000
-430  -0.030000
-429   0.020000
-428  -0.100000
-427  -0.025000
-426   0.060000
-425   0.040000
-424   0.010000
-423  -0.050000
-422  -0.110000
-421   0.035000
-420  -0.040000
-419  -0.075000
-418   0.060000
-417   0.065000
-416   0.005000
-415   0.050000
-414  -0.020000
-413   0.040000
-412  -0.040000
-411   0.075000
-410   0.000000
-409   0.050000
-408  -0.015000
-407   0.005000
-406   0.015000
-405   0.035000
-404   0.015000
-403   0.020000
-402  -0.085000
-401   0.020000
-400  -0.035000
-399   0.020000
-398   0.055000
-397   0.090000
-396   0.055000
-395  -0.080000
-394  -0.040000
-393  -0.005000
-392   0.010000
-391   0.005000
-390  -0.035000
-389   0.015000
-388   0.020000
-387  -0.045000
-386  -0.045000
-385   0.100000
-384  -0.035000
-383  -0.095000
-382  -0.035000
-381   0.060000
-380  -0.010000
-379  -0.050000
-378   0.050000
-377  -0.120000
-376   0.105000
-375  -0.050000
-374   0.050000
-373  -0.045000
-372  -0.020000
-371  -0.010000
-370   0.005000
-369   0.035000
-368   0.045000
-367   0.050000
-366  -0.005000
-365   0.045000
-364   0.060000
-363   0.080000
-362  -0.035000
-361  -0.035000
-360   0.010000
-359  -0.005000
-358  -0.110000
-357  -0.005000
-356   0.030000
-355  -0.090000
-354   0.070000
-353   0.055000
-352   0.060000
-351  -0.040000
-350  -0.030000
-349  -0.050000
-348  -0.000000
-347  -0.040000
-346  -0.010000
-345   0.025000
-344  -0.005000
-343  -0.045000
-342   0.005000
-341   0.030000
-340  -0.040000
-339  -0.025000
-338   0.000000
-337   0.010000
-336  -0.050000
-335   0.075000
-334   0.025000
-333   0.055000
-332  -0.135000
-331  -0.020000
-330   0.055000
-329  -0.075000
-328  -0.005000
-327  -0.085000
-326  -0.020000
-325  -0.050000
-324   0.060000
-323  -0.010000
-322   0.065000
-321  -0.025000
-320   0.015000
-319   0.020000
-318  -0.055000
-317   0.050000
-316   0.070000
-315   0.035000
-314   0.020000
-313  -0.010000
-312   0.085000
-311  -0.065000
-310  -0.055000
-309   0.015000
-308   0.125000
-307   0.045000
-306   0.000000
-305  -0.075000
-304   0.025000
-303  -0.020000
-302   0.050000
-301   0.025000
-300   0.055000
-299   0.020000
-298  -0.055000
-297  -0.020000
-296   0.055000
-295  -0.045000
-294  -0.055000
-293  -0.020000
-292   0.055000
-291  -0.070000
-290   0.005000
-289   0.020000
-288   0.010000
-287   0.055000
-286   0.015000
-285  -0.005000
-284  -0.080000
-283   0.005000
-282  -0.065000
-281   0.035000
-280   0.015000
-279   0.035000
-278  -0.040000
-277  -0.095000
-276  -0.005000
-275   0.035000
-274   0.010000
-273  -0.045000
-272   0.075000
-271  -0.095000
-270   0.020000
-269  -0.055000
-268   0.015000
-267  -0.075000
-266   0.020000
-265   0.025000
-264   0.010000
-263   0.015000
-262   0.060000
-261  -0.000000
-260   0.030000
-259  -0.010000
-258   0.055000
-257   0.095000
-256   0.015000
-255  -0.055000
-254  -0.035000
-253  -0.015000
-252   0.010000
-251  -0.100000
-250  -0.045000
-249  -0.045000
-248   0.015000
-247   0.020000
-246   0.030000
-245  -0.030000
-244  -0.015000
-243   0.030000
-242   0.090000
-241  -0.035000
-240   0.005000
-239   0.015000
-238  -0.045000
-237   0.045000
-236   0.005000
-235   0.060000
-234  -0.000000
-233  -0.035000
-232   0.015000
-231   0.080000
-230   0.020000
-229  -0.095000
-228   0.040000
-227  -0.040000
-226  -0.035000
-225   0.005000
-224  -0.030000
-223  -0.005000
-222  -0.090000
-221  -0.010000
-220  -0.005000
-219  -0.050000
-218  -0.090000
-217  -0.085000
-216   0.060000
-215  -0.055000
-214   0.015000
-213  -0.040000
-212   0.055000
-211   0.085000
-210   0.125000
-209   0.110000
-208  -0.080000
-207   0.030000
-206   0.035000
-205  -0.060000
-204   0.005000
-203   0.050000
-202   0.005000
-201   0.045000
-200   0.020000
-199   0.075000
-198  -0.105000
-197  -0.000000
-196  -0.040000
-195  -0.110000
-194  -0.075000
-193  -0.020000
-192   0.020000
-191   0.040000
-190  -0.060000
-189  -0.015000
-188   0.030000
-187  -0.015000
-186   0.005000
-185  -0.050000
-184  -0.045000
-183  -0.075000
-182  -0.070000
-181   0.090000
-180   0.105000
-179   0.045000
-178  -0.040000
-177  -0.040000
-176   0.000000
-175  -0.005000
-174  -0.025000
-173  -0.035000
-172   0.135000
-171  -0.015000
-170  -0.085000
-169   0.020000
-168  -0.045000
-167  -0.085000
-166   0.055000
-165  -0.005000
-164  -0.065000
-163   0.055000
-162  -0.010000
-161  -0.010000
-160   0.060000
-159  -0.110000
-158  -0.010000
-157  -0.005000
-156   0.020000
-155  -0.015000
-154   0.005000
-153  -0.065000
-152  -0.025000
-151  -0.015000
-150   0.070000
-149   0.050000
-148  -0.065000
-147  -0.040000
-146   0.010000
-145   0.045000
-144   0.080000
-143  -0.035000
-142   0.080000
-141   0.005000
-140   0.025000
-139  -0.135000
-138   0.010000
-137   0.010000
-136  -0.040000
-135   0.035000
-134  -0.075000
-133   0.015000
-132  -0.000000
-131   0.020000
-130   0.045000
-129  -0.010000
-128  -0.005000
-127   0.100000
-126   0.010000
-125  -0.040000
-124  -0.080000
-123  -0.055000
-122   0.070000
-121  -0.005000
-120  -0.105000
-119  -0.080000
-118  -0.120000
-117   0.010000
-116   0.035000
-115  -0.040000
-114  -0.065000
-113   0.000000
-112  -0.040000
-111   0.000000
-110  -0.025000
-109   0.020000
-108   0.030000
-107   0.055000
-106  -0.035000
-105  -0.025000
-104   0.065000
-103  -0.015000
-102   0.010000
-101  -0.015000
-100  -0.095000
-99   0.050000
-98  -0.055000
-97  -0.075000
-96  -0.035000
-95   0.080000
-94  -0.035000
-93  -0.060000
-92  -0.015000
-91   0.060000
-90  -0.005000
-89   0.105000
-88  -0.010000
-87  -0.080000
-86   0.080000
-85  -0.085000
-84   0.030000
-83  -0.020000
-82   0.030000
-81   0.010000
-80  -0.070000
-79  -0.040000
-78   0.085000
-77  -0.030000
-76  -0.070000
-75   0.025000
-74   0.010000
-73   0.025000
-72   0.055000
-71  -0.040000
-70  -0.050000
-69  -0.045000
-68   0.065000
-67  -0.030000
-66  -0.060000
-65  -0.040000
-64   0.065000
-63   0.070000
-62   0.015000
-61   0.035000
-60   0.025000
-59   0.105000
-58   0.050000
-57   0.020000
-56   0.035000
-55  -0.055000
-54  -0.060000
-53  -0.015000
-52   0.010000
-51   0.000000
-50  -0.010000
-49   0.010000
-48  -0.055000
-47   0.020000
-46   0.015000
-45  -0.020000
-44   0.090000
-43  -0.060000
-42  -0.115000
-41   0.095000
-40  -0.020000
-39   0.040000
-38   0.005000
-37  -0.035000
-36   0.120000
-35  -0.055000
-34  -0.040000
-33  -0.015000
-32  -0.005000
-31   0.090000
-30   0.035000
-29   0.035000
-28   0.000000
-27  -0.045000
-26   0.005000
-25   0.040000
-24   0.005000
-23  -0.005000
-22   0.015000
-21   0.025000
-20   0.090000
-19  -0.085000
-18   0.010000
-17   0.020000
-16  -0.005000
-15   0.025000
-14  -0.050000
-13   0.070000
-12   0.025000
-11  -0.075000
-10   0.080000
-9   0.015000
-8  -0.005000
-7   0.015000
-6   0.025000
-5  -0.020000
-4  -0.035000
-3  -0.025000
-2  -0.050000
-1  -0.035000
