0   0.040000
1   0.000000
2  -0.010000
3   0.055000
4   0.000000
5   0.005000
6   0.020000
7  -0.015000
8  -0.030000
9   0.015000
10  -0.035000
11  -0.010000
12  -0.070000
13  -0.010000
14  -0.080000
15  -0.035000
16  -0.050000
17   0.060000
18   0.025000
19  -0.025000
20   0.035000
21  -0.005000
22  -0.095000
23  -0.015000
24  -0.030000
25   0.010000
26   0.005000
27  -0.110000
28   0.040000
29  -0.130000
30  -0.070000
31   0.035000
32   0.025000
33   0.045000
34   0.080000
35  -0.075000
36   0.000000
37   0.040000
38   0.020000
39   0.020000
40  -0.010000
41  -0.055000
42  -0.030000
43  -0.110000
44   0.065000
45  -0.005000
46   0.015000
47  -0.025000
48  -0.040000
49  -0.050000
50   0.005000
51   0.020000
52   0.045000
53   0.060000
54  -0.075000
55  -0.065000
56   0.015000
57  -0.015000
58  -0.020000
59  -0.080000
60   0.065000
61   0.045000
62   0.020000
63  -0.005000
64  -0.010000
65  -0.040000
66  -0.020000
67   0.005000
68   0.010000
69   0.035000
70   0.100000
71  -0.070000
72   0.025000
73  -0.070000
74  -0.015000
75  -0.020000
76  -0.025000
77   0.035000
78  -0.040000
79  -0.015000
80  -0.015000
81   0.085000
82  -0.005000
83   0.030000
84   0.090000
85  -0.010000
86   0.070000
87   0.005000
88   0.050000
89  -0.025000
90   0.010000
91   0.065000
92   0.070000
93  -0.055000
94  -0.020000
95   0.010000
96  -0.050000
97  -0.060000
98   0.070000
99  -0.020000
100  -0.015000
101  -0.190000
102  -0.060000
103  -0.005000
104   0.030000
105   0.050000
106  -0.110000
107   0.045000
108  -0.025000
109   0.050000
110   0.020000
111  -0.010000
112  -0.015000
113  -0.045000
114  -0.095000
115  -0.020000
116  -0.035000
117   0.025000
118  -0.025000
119  -0.115000
120   0.040000
121   0.060000
122   0.060000
123  -0.030000
124  -0.020000
125   0.035000
126  -0.010000
127   0.010000
128   0.020000
129   0.020000
130   0.005000
131  -0.050000
132  -0.025000
133   0.050000
134  -0.010000
135   0.135000
136   0.020000
137   0.015000
138  -0.025000
139   0.020000
140   0.040000
141  -0.015000
142   0.055000
143  -0.020000
144   0.055000
145  -0.010000
146  -0.045000
147   0.030000
148   0.060000
149   0.010000
150  -0.065000
151  -0.055000
152  -0.030000
153   0.050000
154   0.035000
155  -0.060000
156  -0.010000
157  -0.020000
158   0.010000
159  -0.015000
160   0.070000
161  -0.045000
162   0.020000
163  -0.035000
164  -0.040000
165   0.110000
166   0.005000
167  -0.010000
168  -0.080000
169   0.040000
170   0.000000
171  -0.010000
172   0.030000
173  -0.010000
174   0.010000
175   0.060000
176   0.060000
177   0.055000
178   0.040000
179  -0.040000
180   0.020000
181  -0.110000
182   0.030000
183   0.075000
184   0.045000
185   0.035000
186  -0.040000
187  -0.020000
188  -0.070000
189  -0.020000
190  -0.085000
191  -0.025000
192  -0.000000
193  -0.035000
194  -0.065000
195   0.000000
196  -0.020000
197  -0.005000
198   0.050000
199   0.035000
200   0.025000
201   0.040000
202   0.075000
203   0.010000
204  -0.035000
205   0.020000
206   0.020000
207   0.035000
208  -0.005000
209  -0.045000
210   0.120000
211  -0.070000
212  -0.035000
213   0.040000
214   0.015000
215  -0.010000
216  -0.050000
217   0.010000
218  -0.095000
219  -0.030000
220   0.075000
221  -0.080000
222  -0.005000
223   0.035000
224  -0.025000
225  -0.060000
226   0.020000
227   0.020000
228   0.045000
229   0.005000
230  -0.035000
231  -0.000000
232   0.015000
233   0.015000
234   0.095000
235  -0.040000
236   0.010000
237  -0.055000
238   0.000000
239   0.030000
240   0.070000
241   0.005000
242   0.010000
243  -0.040000
244  -0.020000
245  -0.005000
246  -0.000000
247   0.065000
248  -0.025000
249   0.065000
250  -0.025000
251   0.015000
252  -0.015000
253  -0.020000
254  -0.015000
255  -0.070000
256   0.035000
257   0.005000
258   0.010000
259   0.020000
260  -0.010000
261   0.020000
262   0.050000
263  -0.010000
264  -0.030000
265   0.065000
266   0.000000
267   0.045000
268  -0.075000
269  -0.000000
270   0.065000
271  -0.035000
272  -0.010000
273   0.070000
274  -0.015000
275  -0.055000
276  -0.020000
277  -0.005000
278   0.030000
279  -0.010000
280  -0.065000
281  -0.040000
282   0.075000
283  -0.020000
284   0.100000
285   0.070000
286  -0.010000
287   0.005000
288  -0.030000
289   0.040000
290   0.020000
291   0.065000
292  -0.025000
293  -0.015000
294  -0.060000
295  -0.050000
296   0.035000
297  -0.020000
298  -0.015000
299   0.095000
300  -0.005000
301  -0.030000
302   0.055000
303   0.045000
304  -0.015000
305   0.160000
306   0.010000
307   0.005000
308   0.020000
309   0.030000
310  -0.040000
311  -0.010000
312  -0.005000
313  -0.015000
314   0.005000
315  -0.050000
316  -0.020000
317  -0.065000
318  -0.010000
319  -0.015000
320  -0.005000
321  -0.030000
322   0.020000
323  -0.105000
324  -0.020000
325   0.035000
326  -0.000000
327   0.065000
328  -0.050000
329  -0.010000
330  -0.070000
331  -0.070000
332  -0.065000
333   0.015000
334   0.080000
335   0.040000
336  -0.075000
337   0.020000
338  -0.025000
339   0.045000
340  -0.020000
341  -0.050000
342   0.120000
343  -0.010000
344  -0.040000
345  -0.040000
346   0.010000
347   0.040000
348  -0.060000
349  -0.005000
350   0.005000
351  -0.015000
352   0.045000
353   0.025000
354  -0.085000
355   0.050000
356  -0.060000
357   0.060000
358  -0.105000
359  -0.090000
360  -0.020000
361   0.095000
362  -0.010000
363  -0.035000
364  -0.025000
365   0.000000
366   0.010000
367   0.040000
368   0.050000
369   0.030000
370  -0.040000
371  -0.040000
372  -0.010000
373   0.050000
374   0.045000
375  -0.015000
376   0.010000
377   0.025000
378  -0.030000
379  -0.035000
380   0.050000
381   0.025000
382   0.010000
383   0.000000
384  -0.015000
385   0.065000
386   0.050000
387   0.070000
388  -0.075000
389  -0.020000
390   0.055000
391   0.050000
392  -0.050000
393   0.015000
394   0.095000
395  -0.035000
396   0.060000
397   0.020000
398   0.025000
399  -0.020000
400   0.060000
401   0.030000
402  -0.030000
403  -0.045000
404   0.080000
405   0.040000
406  -0.065000
407  -0.045000
408  -0.040000
409  -0.030000
410  -0.040000
411   0.045000
412  -0.010000
413  -0.070000
414   0.055000
415   0.010000
416  -0.065000
417  -0.030000
418  -0.015000
419   0.020000
420   0.045000
421   0.030000
422   0.010000
423  -0.035000
424  -0.025000
425   0.065000
426  -0.045000
427   0.005000
428  -0.020000
429  -0.005000
430   0.090000
431  -0.010000
432   0.025000
433  -0.010000
434  -0.005000
435   0.025000
436   0.105000
437   0.035000
438   0.045000
439   0.015000
440  -0.065000
441  -0.065000
442  -0.040000
443  -0.055000
444   0.030000
445   0.010000
446   0.020000
447  -0.145000
448  -0.060000
449   0.065000
450  -0.020000
451   0.000000
452   0.020000
453  -0.045000
454   0.055000
455   0.040000
456   0.045000
457  -0.025000
458   0.075000
459  -0.035000
460  -0.015000
461   0.050000
462  -0.030000
463   0.065000
464  -0.065000
465   0.010000
466  -0.130000
467   0.040000
468   0.065000
469  -0.015000
470   0.075000
471   0.035000
472  -0.110000
473  -0.005000
474  -0.000000
475  -0.050000
476  -0.050000
477   0.050000
478   0.015000
479  -0.030000
480   0.060000
481   0.060000
482   0.025000
483  -0.030000
484   0.005000
485  -0.075000
486  -0.070000
487  -0.070000
488  -0.010000
489   0.035000
490  -0.020000
491   0.045000
492  -0.015000
493  -0.010000
494  -0.050000
495   0.035000
496   0.040000
497  -0.030000
498  -0.040000
499   0.030000
500   0.070000
-499   0.090000
-498  -0.010000
-497  -0.030000
-496  -0.030000
-495   0.065000
-494  -0.010000
-493  -0.035000
-492  -0.010000
-491  -0.000000
-490  -0.000000
-489   0.005000
-488  -0.020000
-487  -0.015000
-486   0.035000
-485   0.020000
-484  -0.005000
-483  -0.045000
-482  -0.015000
-481  -0.060000
-480   0.145000
-479   0.030000
-478   0.085000
-477   0.005000
-476   0.005000
-475  -0.040000
-474   0.000000
-473   0.030000
-472   0.060000
-471  -0.065000
-470  -0.005000
-469  -0.025000
-468  -0.050000
-467  -0.080000
-466   0.000000
-465  -0.015000
-464   0.000000
-463  -0.055000
-462   0.080000
-461  -0.075000
-460   0.070000
-459   0.020000
-458   0.000000
-457   0.085000
-456   0.050000
-455  -0.075000
-454   0.030000
-453   0.020000
-452   0.015000
-451  -0.015000
-450   0.100000
-449   0.060000
-448  -0.070000
-447   0.060000
-446  -0.005000
-445  -0.050000
-444   0.060000
-443  -0.060000
-442  -0.020000
-441  -0.025000
-440  -0.020000
-439   0.030000
-438  -0.010000
-437   0.040000
-436   0.010000
-435   0.025000
-434  -0.025000
-433   0.025000
-432  -0.060000
-431  -0.015000
-430  -0.050000
-429   0.020000
-428   0.035000
-427  -0.035000
-426   0.115000
-425   0.055000
-424  -0.035000
-423   0.060000
-422   0.015000
-421   0.050000
-420   0.030000
-419   0.005000
-418   0.015000
-417   0.005000
-416   0.040000
-415   0.070000
-414   0.055000
-413   0.010000
-412   0.040000
-411  -0.080000
-410   0.075000
-409   0.020000
-408   0.000000
-407  -0.035000
-406   0.055000
-405   0.035000
-404  -0.040000
-403   0.045000
-402   0.035000
-401   0.040000
-400  -0.000000
-399  -0.080000
-398   0.020000
-397  -0.060000
-396   0.030000
-395   0.015000
-394   0.055000
-393   0.025000
-392   0.020000
-391   0.020000
-390  -0.005000
-389  -0.050000
-388  -0.080000
-387   0.120000
-386   0.020000
-385  -0.045000
-384   0.020000
-383  -0.045000
-382   0.080000
-381   0.015000
-380   0.015000
-379   0.080000
-378  -0.045000
-377   0.010000
-376  -0.010000
-375   0.050000
-374   0.035000
-373  -0.060000
-372   0.000000
-371   0.075000
-370  -0.045000
-369   0.020000
-368   0.080000
-367  -0.035000
-366   0.005000
-365  -0.045000
-364   0.030000
-363  -0.015000
-362   0.035000
-361   0.065000
-360  -0.010000
-359   0.020000
-358  -0.060000
-357   0.055000
-356  -0.100000
-355   0.015000
-354  -0.025000
-353   0.020000
-352  -0.030000
-351  -0.010000
-350   0.005000
-349  -0.050000
-348  -0.085000
-347  -0.060000
-346  -0.010000
-345  -0.030000
-344   0.110000
-343  -0.100000
-342   0.015000
-341   0.105000
-340   0.110000
-339  -0.010000
-338  -0.005000
-337   0.040000
-336  -0.030000
-335   0.020000
-334   0.060000
-333   0.025000
-332  -0.045000
-331   0.080000
-330   0.095000
-329   0.135000
-328   0.015000
-327  -0.030000
-326  -0.050000
-325  -0.070000
-324   0.055000
-323  -0.075000
-322   0.080000
-321  -0.055000
-320   0.010000
-319   0.020000
-318  -0.025000
-317  -0.090000
-316   0.095000
-315   0.025000
-314  -0.060000
-313  -0.000000
-312   0.020000
-311   0.000000
-310  -0.010000
-309   0.035000
-308  -0.025000
-307  -0.020000
-306  -0.060000
-305  -0.010000
-304   0.040000
-303   0.085000
-302  -0.080000
-301  -0.020000
-300   0.020000
-299  -0.005000
-298  -0.060000
-297   0.100000
-296   0.005000
-295   0.055000
-294  -0.010000
-293   0.060000
-292   0.040000
-291   0.045000
-290   0.030000
-289   0.035000
-288  -0.020000
-287   0.005000
-286  -0.005000
-285   0.040000
-284  -0.045000
-283   0.030000
-282   0.075000
-281  -0.080000
-280  -0.005000
-279   0.100000
-278  -0.015000
-277  -0.020000
-276  -0.030000
-275   0.030000
-274  -0.105000
-273  -0.100000
-272  -0.025000
-271  -0.025000
-270  -0.070000
-269   0.075000
-268   0.045000
-267   0.070000
-266   0.105000
-265  -0.025000
-264   0.050000
-263  -0.050000
-262   0.020000
-261  -0.055000
-260  -0.100000
-259   0.090000
-258  -0.015000
-257  -0.050000
-256  -0.020000
-255   0.020000
-254   0.020000
-253   0.005000
-252  -0.055000
-251   0.105000
-250  -0.105000
-249  -0.040000
-248   0.030000
-247  -0.015000
-246   0.090000
-245  -0.035000
-244  -0.030000
-243   0.070000
-242  -0.010000
-241   0.035000
-240   0.000000
-239   0.010000
-238  -0.040000
-237  -0.030000
-236  -0.035000
-235  -0.100000
-234  -0.035000
-233  -0.090000
-232   0.015000
-231  -0.000000
-230   0.035000
-229  -0.060000
-228  -0.095000
-227   0.040000
-226   0.010000
-225   0.010000
-224   0.050000
-223   0.040000
-222   0.020000
-221  -0.010000
-220  -0.055000
-219   0.045000
-218  -0.020000
-217  -0.010000
-216  -0.045000
-215  -0.055000
-214   0.010000
-213  -0.035000
-212   0.020000
-211  -0.030000
-210  -0.030000
-209   0.120000
-208  -0.035000
-207   0.125000
-206  -0.055000
-205   0.020000
-204  -0.010000
-203  -0.025000
-202   0.125000
-201  -0.050000
-200   0.020000
-199   0.005000
-198  -0.035000
-197   0.100000
-196   0.010000
-195   0.010000
-194   0.015000
-193   0.080000
-192  -0.020000
-191  -0.065000
-190  -0.065000
-189  -0.020000
-188  -0.035000
-187   0.065000
-186  -0.080000
-185  -0.055000
-184   0.070000
-183  -0.020000
-182  -0.030000
-181  -0.020000
-180  -0.045000
-179  -0.010000
-178   0.000000
-177  -0.065000
-176  -0.040000
-175  -0.045000
-174  -0.040000
-173  -0.015000
-172  -0.015000
-171  -0.040000
-170  -0.035000
-169   0.045000
-168  -0.030000
-167  -0.010000
-166   0.045000
-165   0.055000
-164  -0.050000
-163  -0.010000
-162   0.035000
-161  -0.040000
-160  -0.015000
-159  -0.080000
-158  -0.015000
-157  -0.020000
-156  -0.025000
-155  -0.005000
-154  -0.045000
-153  -0.020000
-152  -0.060000
-151   0.100000
-150  -0.010000
-149  -0.035000
-148   0.010000
-147  -0.030000
-146   0.015000
-145  -0.020000
-144   0.075000
-143  -0.010000
-142  -0.010000
-141  -0.080000
-140  -0.015000
-139   0.015000
-138   0.090000
-137  -0.050000
-136  -0.025000
-135   0.095000
-134   0.055000
-133  -0.005000
-132  -0.005000
-131  -0.025000
-130  -0.025000
-129   0.035000
-128  -0.020000
-127  -0.000000
-126  -0.030000
-125   0.065000
-124  -0.005000
-123   0.010000
-122   0.010000
-121  -0.045000
-120  -0.050000
-119   0.065000
-118  -0.040000
-117  -0.010000
-116   0.015000
-115   0.025000
-114   0.005000
-113   0.055000
-112   0.005000
-111   0.010000
-110   0.000000
-109   0.025000
-108   0.070000
-107  -0.015000
-106   0.020000
-105   0.020000
-104  -0.005000
-103   0.035000
-102  -0.020000
-101   0.065000
-100   0.050000
-99  -0.020000
-98  -0.060000
-97  -0.050000
-96   0.060000
-95  -0.005000
-94  -0.005000
-93   0.040000
-92  -0.030000
-91  -0.025000
-90  -0.050000
-89  -0.045000
-88  -0.060000
-87   0.010000
-86   0.035000
-85   0.030000
-84   0.095000
-83   0.005000
-82  -0.040000
-81  -0.025000
-80  -0.000000
-79   0.045000
-78  -0.165000
-77   0.110000
-76   0.015000
-75  -0.060000
-74   0.005000
-73   0.000000
-72  -0.015000
-71   0.095000
-70  -0.020000
-69  -0.045000
-68  -0.070000
-67  -0.000000
-66  -0.000000
-65   0.000000
-64   0.025000
-63  -0.015000
-62  -0.035000
-61   0.035000
-60  -0.055000
-59  -0.065000
-58  -0.040000
-57   0.020000
-56  -0.065000
-55   0.030000
-54   0.010000
-53  -0.085000
-52  -0.095000
-51  -0.060000
-50  -0.025000
-49   0.035000
-48   0.065000
-47   0.060000
-46   0.065000
-45   0.010000
-44   0.045000
-43   0.005000
-42   0.060000
-41   0.035000
-40  -0.020000
-39  -0.045000
-38   0.025000
-37   0.040000
-36   0.085000
-35   0.010000
-34   0.030000
-33  -0.055000
-32  -0.070000
-31   0.035000
-30  -0.020000
-29  -0.030000
-28  -0.035000
-27   0.055000
-26  -0.025000
-25  -0.030000
-24   0.080000
-23   0.030000
-22  -0.010000
-21  -0.005000
-20   0.050000
-19  -0.060000
-18   0.015000
-17   0.030000
-16  -0.040000
-15  -0.025000
-14   0.005000
-13   0.000000
-12  -0.025000
-11   0.035000
-10  -0.045000
-9   0.000000
-8   0.030000
-7   0.080000
-6  -0.020000
-5   0.015000
-4  -0.090000
-3  -0.005000
-2   0.010000
-1  -0.025000
