0   0.100000
1  -0.015000
2  -0.075000
3  -0.000000
4  -0.015000
5   0.020000
6   0.095000
7  -0.070000
8   0.065000
9  -0.020000
10   0.010000
11   0.015000
12   0.155000
13  -0.055000
14  -0.090000
15  -0.000000
16  -0.090000
17   0.025000
18  -0.035000
19   0.015000
20  -0.015000
21   0.010000
22  -0.010000
23   0.030000
24  -0.010000
25  -0.010000
26   0.150000
27   0.020000
28  -0.050000
29   0.055000
30  -0.085000
31   0.025000
32  -0.055000
33  -0.030000
34  -0.050000
35  -0.080000
36   0.020000
37  -0.075000
38  -0.010000
39   0.060000
40   0.015000
41   0.010000
42  -0.105000
43   0.045000
44  -0.005000
45   0.000000
46   0.005000
47   0.055000
48  -0.010000
49  -0.060000
50   0.035000
51   0.035000
52   0.095000
53   0.000000
54   0.055000
55   0.015000
56  -0.105000
57  -0.025000
58  -0.085000
59   0.005000
60  -0.055000
61  -0.035000
62  -0.040000
63  -0.140000
64   0.115000
65   0.025000
66   0.070000
67   0.020000
68  -0.095000
69  -0.005000
70  -0.060000
71  -0.075000
72   0.055000
73  -0.050000
74  -0.010000
75   0.015000
76   0.000000
77  -0.015000
78  -0.080000
79  -0.045000
80   0.025000
81   0.020000
82   0.020000
83   0.020000
84  -0.065000
85   0.015000
86  -0.070000
87  -0.070000
88   0.020000
89   0.000000
90   0.040000
91  -0.035000
92  -0.010000
93   0.095000
94   0.065000
95   0.045000
96   0.020000
97  -0.035000
98  -0.010000
99   0.005000
100   0.100000
101  -0.005000
102  -0.025000
103   0.070000
104  -0.020000
105   0.045000
106  -0.055000
107  -0.070000
108   0.045000
109   0.015000
110  -0.005000
111  -0.025000
112   0.030000
113   0.105000
114  -0.045000
115  -0.035000
116   0.010000
117  -0.010000
118  -0.055000
119   0.005000
120  -0.075000
121   0.020000
122   0.050000
123   0.000000
124  -0.045000
125   0.035000
126  -0.055000
127   0.005000
128   0.010000
129   0.115000
130   0.060000
131  -0.100000
132   0.055000
133  -0.030000
134   0.085000
135   0.025000
136  -0.010000
137   0.020000
138   0.000000
139   0.065000
140  -0.000000
141  -0.090000
142   0.045000
143  -0.050000
144  -0.070000
145   0.085000
146   0.050000
147  -0.030000
148  -0.090000
149  -0.035000
150  -0.005000
151   0.040000
152   0.050000
153   0.035000
154   0.010000
155   0.020000
156  -0.005000
157  -0.005000
158  -0.010000
159   0.025000
160  -0.020000
161   0.010000
162  -0.030000
163  -0.010000
164  -0.060000
165   0.010000
166  -0.080000
167   0.005000
168  -0.045000
169   0.070000
170   0.095000
171  -0.025000
172   0.040000
173   0.030000
174   0.000000
175  -0.060000
176   0.045000
177  -0.045000
178  -0.020000
179  -0.015000
180   0.000000
181  -0.010000
182  -0.010000
183  -0.015000
184  -0.000000
185   0.010000
186  -0.030000
187  -0.005000
188  -0.035000
189   0.045000
190   0.040000
191  -0.035000
192   0.055000
193  -0.085000
194   0.035000
195   0.000000
196  -0.060000
197  -0.045000
198  -0.060000
199   0.060000
200  -0.005000
201   0.020000
202   0.075000
203   0.075000
204   0.010000
205  -0.030000
206   0.095000
207   0.000000
208  -0.070000
209  -0.015000
210   0.035000
211  -0.005000
212   0.025000
213  -0.060000
214   0.020000
215  -0.100000
216  -0.010000
217   0.000000
218  -0.020000
219   0.090000
220   0.020000
221   0.000000
222  -0.025000
223   0.030000
224  -0.005000
225   0.065000
226   0.005000
227   0.040000
228   0.020000
229   0.085000
230  -0.115000
231   0.005000
232  -0.030000
233   0.075000
234  -0.050000
235  -0.025000
236  -0.025000
237   0.010000
238  -0.005000
239  -0.025000
240  -0.040000
241  -0.115000
242   0.065000
243  -0.095000
244   0.040000
245  -0.000000
246  -0.040000
247  -0.075000
248  -0.005000
249  -0.080000
250   0.010000
251   0.045000
252  -0.015000
253  -0.025000
254  -0.040000
255   0.015000
256  -0.030000
257   0.010000
258  -0.065000
259  -0.015000
260  -0.065000
261  -0.045000
262   0.020000
263   0.055000
264   0.000000
265   0.060000
266   0.050000
267  -0.095000
268  -0.095000
269  -0.040000
270   0.090000
271   0.005000
272  -0.035000
273  -0.060000
274  -0.065000
275  -0.035000
276   0.045000
277  -0.005000
278  -0.000000
279  -0.020000
280  -0.035000
281   0.015000
282  -0.075000
283  -0.010000
284   0.090000
285  -0.015000
286   0.000000
287   0.030000
288   0.065000
289   0.080000
290   0.075000
291  -0.005000
292  -0.060000
293  -0.025000
294   0.035000
295   0.050000
296   0.015000
297  -0.020000
298   0.090000
299  -0.040000
300   0.000000
301  -0.135000
302  -0.035000
303  -0.010000
304  -0.015000
305  -0.055000
306   0.025000
307   0.000000
308   0.000000
309  -0.055000
310  -0.015000
311  -0.055000
312  -0.010000
313   0.005000
314   0.025000
315   0.040000
316  -0.015000
317   0.000000
318   0.055000
319   0.045000
320   0.045000
321  -0.085000
322   0.015000
323  -0.055000
324   0.070000
325   0.070000
326   0.025000
327   0.025000
328  -0.000000
329  -0.025000
330   0.005000
331   0.115000
332  -0.030000
333   0.095000
334   0.010000
335   0.040000
336   0.015000
337   0.065000
338   0.025000
339   0.005000
340  -0.020000
341   0.105000
342  -0.035000
343   0.090000
344   0.010000
345  -0.035000
346   0.105000
347   0.005000
348   0.050000
349   0.070000
350  -0.030000
351   0.065000
352   0.025000
353  -0.010000
354   0.015000
355   0.035000
356  -0.025000
357   0.070000
358   0.030000
359   0.010000
360  -0.010000
361   0.020000
362  -0.005000
363  -0.025000
364  -0.035000
365  -0.020000
366  -0.005000
367  -0.015000
368   0.005000
369   0.030000
370   0.040000
371   0.050000
372   0.015000
373  -0.060000
374  -0.005000
375  -0.015000
376   0.065000
377  -0.095000
378  -0.015000
379  -0.085000
380  -0.030000
381  -0.025000
382   0.010000
383   0.105000
384   0.075000
385  -0.010000
386  -0.050000
387   0.015000
388   0.030000
389   0.020000
390   0.025000
391  -0.005000
392   0.070000
393   0.035000
394   0.005000
395  -0.040000
396  -0.100000
397   0.030000
398   0.025000
399  -0.010000
400   0.060000
401   0.065000
402   0.040000
403   0.025000
404   0.015000
405  -0.050000
406   0.000000
407  -0.000000
408   0.080000
409  -0.025000
410  -0.075000
411   0.005000
412   0.085000
413   0.025000
414  -0.030000
415  -0.090000
416   0.090000
417   0.035000
418   0.040000
419  -0.055000
420   0.090000
421   0.060000
422   0.055000
423   0.030000
424  -0.025000
425  -0.020000
426   0.020000
427   0.170000
428   0.050000
429   0.055000
430  -0.045000
431  -0.040000
432  -0.070000
433   0.130000
434  -0.050000
435   0.045000
436   0.070000
437   0.065000
438   0.015000
439   0.015000
440  -0.015000
441   0.040000
442  -0.015000
443  -0.015000
444   0.015000
445  -0.060000
446   0.085000
447   0.120000
448  -0.065000
449   0.015000
450   0.030000
451   0.020000
452   0.005000
453  -0.005000
454   0.045000
455  -0.040000
456   0.065000
457  -0.035000
458  -0.015000
459   0.000000
460   0.085000
461  -0.085000
462  -0.060000
463  -0.010000
464   0.005000
465  -0.050000
466   0.020000
467   0.035000
468   0.065000
469   0.035000
470   0.050000
471  -0.080000
472  -0.045000
473  -0.000000
474  -0.005000
475   0.055000
476   0.065000
477  -0.000000
478  -0.030000
479  -0.005000
480   0.030000
481  -0.050000
482   0.105000
483  -0.005000
484  -0.020000
485  -0.035000
486  -0.100000
487  -0.030000
488   0.095000
489   0.010000
490  -0.030000
491  -0.045000
492   0.035000
493   0.005000
494  -0.130000
495  -0.030000
496  -0.055000
497  -0.035000
498  -0.040000
499  -0.015000
500  -0.065000
-499  -0.005000
-498   0.040000
-497  -0.035000
-496   0.030000
-495  -0.035000
-494   0.095000
-493   0.020000
-492  -0.035000
-491   0.005000
-490   0.060000
-489  -0.040000
-488   0.050000
-487   0.055000
-486   0.000000
-485   0.040000
-484   0.120000
-483   0.020000
-482   0.025000
-481   0.060000
-480  -0.050000
-479  -0.065000
-478   0.020000
-477  -0.085000
-476  -0.050000
-475   0.035000
-474   0.025000
-473  -0.045000
-472  -0.015000
-471  -0.010000
-470   0.095000
-469  -0.075000
-468  -0.020000
-467  -0.045000
-466   0.105000
-465  -0.000000
-464   0.015000
-463   0.040000
-462  -0.030000
-461  -0.030000
-460  -0.020000
-459   0.035000
-458   0.010000
-457  -0.010000
-456  -0.025000
-455  -0.005000
-454   0.000000
-453   0.085000
-452   0.005000
-451   0.035000
-450   0.015000
-449  -0.030000
-448  -0.045000
-447  -0.020000
-446   0.040000
-445  -0.030000
-444  -0.070000
-443  -0.055000
-442  -0.020000
-441  -0.030000
-440  -0.005000
-439   0.020000
-438   0.020000
-437  -0.085000
-436   0.015000
-435  -0.010000
-434   0.035000
-433   0.075000
-432  -0.060000
-431  -0.005000
-430  -0.010000
-429   0.090000
-428  -0.030000
-427   0.050000
-426  -0.000000
-425  -0.090000
-424   0.040000
-423   0.010000
-422   0.080000
-421   0.040000
-420  -0.020000
-419   0.000000
-418  -0.020000
-417  -0.010000
-416  -0.070000
-415   0.065000
-414   0.070000
-413   0.140000
-412  -0.020000
-411   0.025000
-410   0.080000
-409   0.025000
-408  -0.060000
-407   0.045000
-406  -0.020000
-405   0.010000
-404  -0.010000
-403   0.040000
-402   0.040000
-401   0.015000
-400  -0.090000
-399   0.070000
-398   0.100000
-397  -0.030000
-396  -0.005000
-395  -0.125000
-394  -0.090000
-393  -0.015000
-392  -0.035000
-391   0.075000
-390   0.000000
-389   0.070000
-388   0.070000
-387   0.020000
-386   0.005000
-385   0.005000
-384  -0.040000
-383   0.025000
-382  -0.030000
-381  -0.025000
-380   0.030000
-379   0.010000
-378  -0.020000
-377   0.010000
-376   0.045000
-375  -0.035000
-374  -0.035000
-373  -0.040000
-372   0.065000
-371  -0.020000
-370   0.030000
-369   0.045000
-368  -0.015000
-367  -0.120000
-366   0.055000
-365   0.030000
-364  -0.020000
-363  -0.005000
-362  -0.005000
-361  -0.075000
-360   0.025000
-359   0.015000
-358   0.125000
-357   0.005000
-356   0.010000
-355  -0.055000
-354  -0.015000
-353   0.075000
-352  -0.010000
-351   0.025000
-350   0.060000
-349   0.035000
-348  -0.035000
-347   0.045000
-346  -0.025000
-345  -0.040000
-344   0.035000
-343  -0.095000
-342  -0.060000
-341   0.035000
-340   0.005000
-339   0.000000
-338  -0.000000
-337   0.010000
-336   0.055000
-335  -0.105000
-334   0.060000
-333   0.030000
-332   0.050000
-331   0.055000
-330   0.090000
-329  -0.005000
-328  -0.010000
-327  -0.050000
-326   0.040000
-325   0.055000
-324   0.020000
-323  -0.045000
-322   0.025000
-321  -0.020000
-320  -0.050000
-319  -0.090000
-318   0.055000
-317   0.020000
-316  -0.045000
-315  -0.060000
-314   0.035000
-313  -0.010000
-312  -0.025000
-311  -0.025000
-310   0.060000
-309  -0.040000
-308   0.010000
-307   0.025000
-306  -0.055000
-305  -0.055000
-304   0.025000
-303   0.035000
-302  -0.045000
-301   0.005000
-300   0.005000
-299  -0.045000
-298   0.030000
-297  -0.025000
-296   0.010000
-295  -0.005000
-294   0.040000
-293   0.070000
-292   0.115000
-291  -0.080000
-290  -0.100000
-289   0.055000
-288  -0.065000
-287   0.005000
-286  -0.075000
-285   0.030000
-284  -0.055000
-283   0.030000
-282   0.020000
-281   0.055000
-280  -0.050000
-279   0.065000
-278   0.065000
-277  -0.055000
-276   0.035000
-275   0.035000
-274   0.100000
-273  -0.080000
-272  -0.010000
-271   0.055000
-270  -0.020000
-269   0.145000
-268   0.035000
-267  -0.030000
-266  -0.015000
-265  -0.025000
-264   0.000000
-263  -0.155000
-262  -0.005000
-261   0.050000
-260   0.050000
-259  -0.055000
-258  -0.140000
-257   0.045000
-256   0.005000
-255   0.040000
-254  -0.045000
-253   0.025000
-252  -0.100000
-251   0.070000
-250  -0.060000
-249  -0.025000
-248  -0.040000
-247   0.030000
-246  -0.015000
-245  -0.015000
-244   0.020000
-243   0.035000
-242  -0.025000
-241  -0.075000
-240  -0.015000
-239   0.125000
-238   0.030000
-237  -0.080000
-236  -0.040000
-235  -0.085000
-234   0.070000
-233   0.025000
-232   0.050000
-231  -0.010000
-230   0.065000
-229  -0.075000
-228   0.035000
-227   0.070000
-226  -0.065000
-225   0.005000
-224  -0.050000
-223  -0.025000
-222   0.035000
-221  -0.080000
-220  -0.015000
-219  -0.035000
-218   0.005000
-217   0.010000
-216  -0.055000
-215  -0.065000
-214  -0.050000
-213  -0.025000
-212  -0.055000
-211   0.040000
-210   0.040000
-209  -0.055000
-208  -0.005000
-207  -0.030000
-206  -0.045000
-205   0.000000
-204  -0.010000
-203  -0.010000
-202   0.045000
-201   0.055000
-200   0.020000
-199  -0.040000
-198  -0.055000
-197   0.060000
-196  -0.010000
-195  -0.015000
-194   0.095000
-193   0.025000
-192   0.065000
-191  -0.030000
-190  -0.045000
-189   0.040000
-188  -0.045000
-187   0.000000
-186  -0.035000
-185   0.030000
-184  -0.045000
-183   0.045000
-182   0.060000
-181   0.030000
-180  -0.035000
-179   0.095000
-178   0.055000
-177  -0.110000
-176  -0.015000
-175   0.020000
-174  -0.000000
-173  -0.080000
-172   0.080000
-171  -0.020000
-170   0.045000
-169   0.045000
-168  -0.015000
-167   0.065000
-166   0.040000
-165   0.100000
-164   0.030000
-163  -0.075000
-162  -0.065000
-161  -0.005000
-160   0.015000
-159   0.025000
-158   0.000000
-157   0.035000
-156  -0.060000
-155   0.030000
-154   0.035000
-153   0.025000
-152   0.020000
-151   0.055000
-150  -0.020000
-149   0.050000
-148   0.060000
-147   0.010000
-146   0.040000
-145   0.015000
-144  -0.080000
-143   0.035000
-142   0.075000
-141  -0.040000
-140   0.000000
-139  -0.055000
-138  -0.050000
-137  -0.075000
-136  -0.005000
-135  -0.095000
-134  -0.140000
-133  -0.030000
-132  -0.065000
-131   0.010000
-130  -0.035000
-129   0.075000
-128   0.005000
-127   0.030000
-126  -0.045000
-125  -0.070000
-124   0.020000
-123  -0.005000
-122   0.035000
-121   0.080000
-120  -0.035000
-119   0.010000
-118   0.050000
-117   0.130000
-116   0.020000
-115   0.025000
-114  -0.025000
-113  -0.040000
-112  -0.010000
-111   0.030000
-110  -0.015000
-109  -0.085000
-108  -0.020000
-107  -0.110000
-106  -0.070000
-105  -0.035000
-104   0.020000
-103  -0.000000
-102  -0.050000
-101   0.100000
-100   0.010000
-99   0.035000
-98  -0.030000
-97  -0.025000
-96   0.050000
-95  -0.020000
-94  -0.010000
-93   0.060000
-92  -0.055000
-91   0.070000
-90   0.040000
-89  -0.020000
-88   0.050000
-87  -0.060000
-86  -0.025000
-85   0.075000
-84  -0.000000
-83   0.060000
-82   0.055000
-81   0.030000
-80  -0.010000
-79  -0.045000
-78  -0.025000
-77   0.005000
-76   0.075000
-75   0.045000
-74  -0.060000
-73  -0.080000
-72  -0.025000
-71  -0.025000
-70   0.035000
-69   0.010000
-68  -0.010000
-67   0.015000
-66  -0.070000
-65  -0.100000
-64   0.035000
-63   0.005000
-62  -0.005000
-61   0.055000
-60   0.055000
-59   0.005000
-58  -0.065000
-57  -0.115000
-56   0.075000
-55  -0.065000
-54   0.090000
-53   0.030000
-52  -0.065000
-51   0.045000
-50   0.025000
-49   0.045000
-48  -0.020000
-47   0.025000
-46   0.010000
-45   0.065000
-44   0.060000
-43   0.005000
-42  -0.025000
-41   0.005000
-40  -0.005000
-39  -0.020000
-38  -0.030000
-37  -0.070000
-36  -0.095000
-35  -0.035000
-34  -0.015000
-33  -0.010000
-32   0.040000
-31   0.020000
-30   0.055000
-29   0.055000
-28  -0.000000
-27  -0.065000
-26  -0.030000
-25  -0.005000
-24  -0.025000
-23   0.035000
-22   0.020000
-21  -0.010000
-20  -0.020000
-19  -0.010000
-18   0.035000
-17   0.035000
-16  -0.075000
-15   0.005000
-14  -0.010000
-13   0.045000
-12  -0.010000
-11  -0.085000
-10   0.000000
-9  -0.050000
-8  -0.010000
-7  -0.165000
-6   0.035000
-5   0.030000
-4   0.020000
-3   0.035000
-2   0.020000
-1   0.020000
