0  -0.045000
1   0.025000
2   0.080000
3  -0.045000
4   0.035000
5   0.055000
6  -0.050000
7   0.020000
8   0.020000
9   0.015000
10  -0.050000
11  -0.015000
12   0.040000
13   0.005000
14  -0.085000
15  -0.025000
16   0.050000
17   0.085000
18  -0.030000
19   0.070000
20   0.015000
21  -0.075000
22   0.010000
23  -0.045000
24  -0.025000
25   0.025000
26   0.060000
27   0.025000
28   0.075000
29  -0.005000
30   0.010000
31   0.015000
32   0.015000
33   0.015000
34   0.040000
35  -0.030000
36  -0.080000
37  -0.035000
38   0.050000
39  -0.020000
40   0.015000
41  -0.165000
42   0.000000
43  -0.020000
44  -0.035000
45  -0.000000
46  -0.005000
47   0.025000
48   0.000000
49   0.020000
50   0.045000
51  -0.045000
52  -0.065000
53   0.005000
54   0.065000
55  -0.000000
56  -0.160000
57   0.095000
58   0.020000
59  -0.070000
60  -0.110000
61   0.025000
62  -0.085000
63  -0.025000
64  -0.010000
65  -0.035000
66   0.010000
67  -0.030000
68   0.105000
69   0.035000
70   0.065000
71  -0.030000
72   0.020000
73  -0.030000
74  -0.015000
75  -0.035000
76   0.035000
77   0.060000
78   0.015000
79   0.020000
80   0.020000
81  -0.075000
82   0.030000
83  -0.055000
84  -0.015000
85  -0.090000
86  -0.035000
87  -0.030000
88  -0.020000
89   0.075000
90  -0.040000
91  -0.125000
92   0.040000
93  -0.035000
94   0.015000
95   0.010000
96  -0.050000
97  -0.030000
98  -0.010000
99   0.005000
100   0.025000
101   0.060000
102   0.045000
103  -0.050000
104   0.035000
105  -0.015000
106  -0.120000
107   0.000000
108  -0.045000
109   0.035000
110  -0.025000
111  -0.035000
112  -0.040000
113  -0.015000
114  -0.020000
115  -0.015000
116   0.055000
117  -0.035000
118  -0.030000
119   0.020000
120   0.080000
121  -0.050000
122   0.015000
123  -0.055000
124   0.055000
125  -0.040000
126   0.015000
127  -0.050000
128   0.060000
129   0.110000
130   0.055000
131  -0.055000
132   0.040000
133   0.060000
134   0.130000
135   0.005000
136  -0.080000
137   0.020000
138   0.055000
139   0.010000
140   0.070000
141   0.015000
142   0.065000
143   0.025000
144   0.010000
145   0.000000
146  -0.010000
147  -0.045000
148  -0.045000
149  -0.035000
150  -0.025000
151  -0.085000
152   0.020000
153   0.045000
154   0.030000
155   0.040000
156  -0.060000
157  -0.080000
158  -0.005000
159   0.020000
160   0.050000
161   0.025000
162   0.075000
163   0.055000
164   0.045000
165  -0.030000
166   0.005000
167  -0.005000
168   0.005000
169  -0.025000
170  -0.025000
171  -0.065000
172  -0.040000
173   0.035000
174   0.005000
175   0.020000
176  -0.050000
177  -0.045000
178   0.030000
179  -0.015000
180   0.020000
181  -0.060000
182   0.020000
183   0.020000
184  -0.055000
185  -0.050000
186   0.090000
187   0.025000
188   0.085000
189  -0.085000
190  -0.030000
191  -0.015000
192   0.085000
193   0.005000
194   0.005000
195  -0.005000
196   0.025000
197  -0.085000
198  -0.025000
199   0.035000
200   0.050000
201  -0.015000
202  -0.065000
203   0.130000
204  -0.045000
205   0.015000
206  -0.050000
207  -0.005000
208   0.065000
209  -0.005000
210   0.010000
211  -0.025000
212  -0.020000
213   0.050000
214  -0.010000
215   0.070000
216   0.060000
217  -0.005000
218   0.090000
219   0.005000
220   0.105000
221  -0.005000
222   0.005000
223   0.040000
224   0.005000
225  -0.000000
226   0.045000
227   0.050000
228  -0.000000
229  -0.025000
230   0.000000
231   0.040000
232   0.005000
233  -0.085000
234  -0.025000
235  -0.030000
236   0.000000
237   0.025000
238  -0.055000
239   0.160000
240  -0.010000
241  -0.080000
242   0.045000
243  -0.095000
244  -0.035000
245   0.015000
246  -0.015000
247  -0.050000
248   0.030000
249  -0.025000
250   0.015000
251  -0.060000
252   0.095000
253   0.025000
254  -0.030000
255  -0.050000
256   0.050000
257   0.085000
258  -0.135000
259  -0.040000
260   0.115000
261   0.065000
262  -0.055000
263  -0.060000
264  -0.100000
265  -0.010000
266   0.020000
267  -0.100000
268  -0.020000
269   0.055000
270   0.005000
271  -0.020000
272   0.030000
273   0.070000
274  -0.015000
275  -0.030000
276  -0.035000
277   0.070000
278   0.025000
279  -0.010000
280  -0.000000
281  -0.060000
282   0.110000
283  -0.055000
284   0.050000
285  -0.115000
286  -0.005000
287  -0.025000
288  -0.125000
289   0.075000
290   0.040000
291   0.105000
292   0.005000
293   0.010000
294  -0.010000
295  -0.015000
296   0.035000
297   0.000000
298  -0.030000
299   0.070000
300   0.030000
301   0.005000
302   0.055000
303   0.050000
304  -0.005000
305   0.100000
306  -0.055000
307   0.035000
308   0.005000
309  -0.055000
310   0.035000
311   0.000000
312  -0.030000
313   0.105000
314  -0.055000
315   0.005000
316  -0.130000
317  -0.055000
318  -0.035000
319  -0.035000
320   0.035000
321  -0.065000
322   0.005000
323  -0.005000
324  -0.060000
325  -0.035000
326   0.075000
327  -0.045000
328  -0.005000
329  -0.025000
330  -0.050000
331   0.030000
332  -0.055000
333  -0.125000
334  -0.030000
335  -0.010000
336  -0.010000
337  -0.065000
338  -0.080000
339  -0.060000
340  -0.060000
341   0.040000
342   0.025000
343  -0.010000
344  -0.020000
345  -0.060000
346  -0.030000
347   0.020000
348  -0.045000
349  -0.035000
350   0.010000
351  -0.035000
352   0.050000
353   0.135000
354   0.040000
355  -0.040000
356   0.070000
357  -0.030000
358  -0.000000
359   0.060000
360   0.020000
361  -0.045000
362   0.015000
363   0.125000
364   0.070000
365  -0.060000
366   0.010000
367  -0.005000
368  -0.030000
369   0.010000
370   0.055000
371   0.035000
372   0.020000
373  -0.020000
374  -0.065000
375   0.040000
376   0.010000
377  -0.010000
378  -0.010000
379   0.000000
380   0.060000
381   0.050000
382   0.005000
383   0.035000
384   0.100000
385   0.075000
386   0.015000
387   0.035000
388  -0.095000
389   0.150000
390  -0.015000
391   0.135000
392   0.035000
393  -0.060000
394   0.070000
395   0.015000
396   0.100000
397   0.075000
398  -0.035000
399   0.010000
400   0.030000
401  -0.020000
402   0.065000
403  -0.035000
404   0.055000
405  -0.005000
406   0.070000
407  -0.035000
408  -0.030000
409  -0.020000
410   0.025000
411   0.075000
412   0.050000
413  -0.040000
414  -0.015000
415   0.015000
416   0.010000
417   0.060000
418  -0.045000
419  -0.050000
420  -0.080000
421  -0.030000
422   0.040000
423   0.010000
424  -0.000000
425   0.010000
426   0.045000
427   0.010000
428   0.075000
429   0.000000
430   0.000000
431   0.005000
432   0.015000
433   0.055000
434  -0.000000
435  -0.005000
436  -0.010000
437   0.060000
438   0.020000
439   0.065000
440  -0.085000
441  -0.105000
442  -0.020000
443  -0.055000
444  -0.035000
445  -0.075000
446   0.090000
447  -0.065000
448   0.010000
449  -0.020000
450  -0.030000
451  -0.055000
452  -0.045000
453  -0.010000
454   0.010000
455  -0.075000
456   0.055000
457   0.040000
458   0.020000
459  -0.060000
460   0.040000
461  -0.020000
462   0.060000
463   0.090000
464  -0.080000
465  -0.020000
466   0.060000
467  -0.145000
468   0.005000
469  -0.100000
470   0.035000
471  -0.030000
472  -0.120000
473   0.050000
474   0.010000
475   0.130000
476   0.010000
477   0.110000
478  -0.035000
479   0.020000
480   0.015000
481  -0.035000
482  -0.015000
483   0.020000
484  -0.070000
485   0.030000
486   0.090000
487  -0.005000
488   0.010000
489   0.040000
490  -0.035000
491  -0.040000
492   0.065000
493   0.015000
494  -0.065000
495  -0.045000
496  -0.060000
497   0.030000
498   0.035000
499   0.030000
500  -0.055000
-499   0.005000
-498  -0.045000
-497  -0.020000
-496   0.010000
-495  -0.010000
-494  -0.060000
-493   0.055000
-492  -0.050000
-491  -0.010000
-490  -0.010000
-489   0.060000
-488   0.005000
-487  -0.005000
-486   0.035000
-485  -0.025000
-484  -0.055000
-483  -0.065000
-482  -0.080000
-481   0.040000
-480   0.020000
-479  -0.030000
-478  -0.015000
-477  -0.035000
-476  -0.000000
-475  -0.010000
-474  -0.060000
-473   0.010000
-472   0.045000
-471  -0.030000
-470   0.020000
-469  -0.065000
-468  -0.070000
-467   0.095000
-466   0.025000
-465   0.005000
-464  -0.025000
-463  -0.020000
-462   0.055000
-461   0.020000
-460   0.010000
-459   0.050000
-458  -0.025000
-457   0.035000
-456  -0.070000
-455  -0.010000
-454  -0.005000
-453   0.035000
-452  -0.010000
-451  -0.085000
-450   0.030000
-449   0.025000
-448   0.015000
-447   0.035000
-446  -0.035000
-445   0.055000
-444  -0.090000
-443   0.030000
-442   0.005000
-441   0.035000
-440  -0.010000
-439  -0.035000
-438   0.025000
-437   0.015000
-436   0.095000
-435  -0.050000
-434   0.045000
-433   0.015000
-432   0.055000
-431  -0.045000
-430   0.030000
-429   0.050000
-428  -0.075000
-427  -0.025000
-426  -0.020000
-425   0.025000
-424   0.005000
-423  -0.020000
-422   0.025000
-421   0.000000
-420  -0.065000
-419  -0.110000
-418  -0.010000
-417  -0.005000
-416   0.045000
-415  -0.030000
-414   0.000000
-413  -0.045000
-412  -0.020000
-411  -0.040000
-410   0.045000
-409  -0.040000
-408  -0.035000
-407  -0.065000
-406  -0.075000
-405   0.005000
-404  -0.065000
-403   0.015000
-402   0.025000
-401   0.025000
-400  -0.025000
-399  -0.055000
-398   0.045000
-397   0.015000
-396  -0.010000
-395   0.055000
-394   0.015000
-393   0.105000
-392   0.025000
-391  -0.070000
-390  -0.005000
-389   0.070000
-388  -0.100000
-387  -0.070000
-386  -0.070000
-385  -0.070000
-384   0.005000
-383   0.000000
-382   0.020000
-381  -0.005000
-380   0.060000
-379   0.055000
-378   0.030000
-377  -0.010000
-376  -0.155000
-375  -0.045000
-374   0.015000
-373   0.070000
-372  -0.030000
-371   0.035000
-370   0.135000
-369   0.005000
-368  -0.080000
-367  -0.025000
-366   0.025000
-365  -0.035000
-364   0.010000
-363   0.045000
-362  -0.055000
-361  -0.015000
-360  -0.045000
-359  -0.025000
-358  -0.000000
-357  -0.075000
-356  -0.065000
-355   0.010000
-354   0.035000
-353   0.040000
-352   0.005000
-351   0.040000
-350  -0.060000
-349  -0.070000
-348  -0.010000
-347   0.055000
-346   0.005000
-345  -0.015000
-344   0.030000
-343  -0.035000
-342   0.010000
-341  -0.000000
-340  -0.020000
-339  -0.030000
-338  -0.030000
-337  -0.050000
-336  -0.020000
-335   0.055000
-334  -0.050000
-333   0.065000
-332   0.025000
-331   0.015000
-330  -0.050000
-329   0.050000
-328  -0.010000
-327  -0.015000
-326  -0.020000
-325   0.005000
-324  -0.030000
-323   0.040000
-322   0.020000
-321  -0.005000
-320  -0.060000
-319   0.035000
-318  -0.015000
-317  -0.025000
-316  -0.035000
-315  -0.060000
-314   0.010000
-313  -0.020000
-312  -0.050000
-311   0.040000
-310   0.060000
-309  -0.015000
-308   0.010000
-307  -0.000000
-306   0.020000
-305  -0.015000
-304  -0.055000
-303   0.025000
-302   0.065000
-301  -0.020000
-300   0.125000
-299   0.045000
-298   0.050000
-297   0.015000
-296  -0.105000
-295   0.000000
-294   0.010000
-293   0.065000
-292  -0.010000
-291  -0.015000
-290   0.000000
-289   0.070000
-288  -0.025000
-287  -0.080000
-286   0.000000
-285  -0.080000
-284   0.025000
-283   0.030000
-282  -0.020000
-281   0.005000
-280  -0.010000
-279   0.025000
-278   0.000000
-277  -0.030000
-276   0.015000
-275  -0.035000
-274  -0.105000
-273   0.100000
-272  -0.045000
-271   0.010000
-270  -0.030000
-269  -0.030000
-268  -0.030000
-267  -0.040000
-266   0.030000
-265   0.035000
-264   0.010000
-263   0.035000
-262   0.000000
-261   0.035000
-260   0.060000
-259  -0.010000
-258   0.020000
-257  -0.035000
-256  -0.075000
-255   0.025000
-254  -0.015000
-253   0.005000
-252   0.055000
-251   0.045000
-250   0.045000
-249  -0.040000
-248   0.030000
-247  -0.050000
-246  -0.040000
-245   0.060000
-244  -0.020000
-243  -0.060000
-242   0.095000
-241  -0.020000
-240   0.005000
-239  -0.070000
-238   0.050000
-237   0.005000
-236  -0.105000
-235  -0.055000
-234   0.060000
-233  -0.155000
-232  -0.065000
-231   0.045000
-230   0.040000
-229  -0.005000
-228   0.010000
-227   0.005000
-226   0.035000
-225   0.055000
-224   0.005000
-223   0.085000
-222  -0.030000
-221  -0.090000
-220   0.035000
-219  -0.075000
-218   0.065000
-217   0.020000
-216   0.045000
-215  -0.065000
-214   0.080000
-213   0.060000
-212  -0.025000
-211   0.045000
-210   0.000000
-209   0.025000
-208   0.025000
-207  -0.095000
-206  -0.065000
-205  -0.055000
-204   0.010000
-203  -0.055000
-202  -0.090000
-201  -0.100000
-200  -0.020000
-199   0.055000
-198   0.015000
-197   0.045000
-196  -0.015000
-195   0.010000
-194   0.110000
-193  -0.035000
-192  -0.080000
-191  -0.020000
-190  -0.020000
-189   0.045000
-188   0.005000
-187  -0.025000
-186  -0.055000
-185  -0.025000
-184   0.025000
-183  -0.025000
-182  -0.120000
-181   0.010000
-180   0.015000
-179  -0.010000
-178   0.035000
-177  -0.105000
-176   0.095000
-175  -0.030000
-174   0.015000
-173  -0.030000
-172  -0.010000
-171  -0.015000
-170  -0.010000
-169   0.060000
-168  -0.065000
-167   0.030000
-166   0.015000
-165  -0.055000
-164   0.020000
-163   0.015000
-162  -0.045000
-161  -0.015000
-160  -0.075000
-159  -0.035000
-158  -0.030000
-157  -0.030000
-156  -0.030000
-155  -0.000000
-154  -0.045000
-153  -0.010000
-152   0.135000
-151   0.020000
-150  -0.010000
-149   0.010000
-148  -0.135000
-147   0.040000
-146   0.030000
-145  -0.000000
-144   0.055000
-143  -0.055000
-142  -0.025000
-141  -0.030000
-140   0.035000
-139   0.035000
-138   0.050000
-137  -0.025000
-136   0.025000
-135  -0.035000
-134  -0.055000
-133   0.050000
-132  -0.040000
-131  -0.015000
-130   0.035000
-129   0.010000
-128   0.025000
-127   0.015000
-126   0.025000
-125  -0.055000
-124  -0.040000
-123  -0.005000
-122  -0.025000
-121  -0.015000
-120   0.035000
-119  -0.015000
-118  -0.025000
-117  -0.035000
-116   0.055000
-115  -0.060000
-114   0.045000
-113   0.050000
-112  -0.020000
-111  -0.045000
-110   0.035000
-109  -0.015000
-108  -0.060000
-107  -0.020000
-106  -0.030000
-105  -0.065000
-104  -0.130000
-103   0.060000
-102   0.015000
-101  -0.040000
-100   0.050000
-99  -0.035000
-98  -0.050000
-97  -0.070000
-96  -0.005000
-95  -0.010000
-94  -0.005000
-93  -0.020000
-92  -0.060000
-91   0.005000
-90   0.055000
-89   0.025000
-88   0.080000
-87  -0.005000
-86  -0.015000
-85  -0.045000
-84   0.045000
-83  -0.010000
-82  -0.100000
-81   0.010000
-80   0.035000
-79   0.005000
-78  -0.065000
-77   0.005000
-76  -0.015000
-75   0.010000
-74   0.095000
-73   0.030000
-72  -0.050000
-71   0.055000
-70  -0.010000
-69   0.040000
-68   0.040000
-67   0.025000
-66   0.095000
-65   0.055000
-64   0.085000
-63  -0.030000
-62  -0.020000
-61   0.110000
-60  -0.015000
-59  -0.040000
-58   0.010000
-57   0.025000
-56  -0.055000
-55  -0.015000
-54   0.035000
-53   0.020000
-52   0.055000
-51   0.005000
-50  -0.065000
-49  -0.085000
-48  -0.015000
-47  -0.030000
-46   0.040000
-45   0.035000
-44   0.090000
-43  -0.015000
-42   0.010000
-41   0.040000
-40  -0.105000
-39   0.005000
-38   0.025000
-37  -0.035000
-36  -0.055000
-35   0.000000
-34  -0.100000
-33   0.035000
-32   0.075000
-31  -0.040000
-30  -0.040000
-29  -0.100000
-28   0.000000
-27   0.125000
-26  -0.040000
-25  -0.030000
-24   0.010000
-23   0.045000
-22  -0.010000
-21   0.040000
-20   0.035000
-19   0.005000
-18  -0.040000
-17   0.005000
-16   0.095000
-15  -0.180000
-14   0.050000
-13   0.040000
-12   0.030000
-11   0.080000
-10  -0.060000
-9   0.025000
-8   0.060000
-7   0.010000
-6  -0.020000
-5  -0.025000
-4   0.020000
-3   0.060000
-2  -0.050000
-1  -0.015000
