0   0.015000
1  -0.025000
2  -0.060000
3  -0.070000
4   0.010000
5   0.050000
6   0.030000
7  -0.015000
8   0.045000
9  -0.000000
10  -0.010000
11  -0.040000
12   0.075000
13  -0.050000
14  -0.085000
15  -0.005000
16  -0.005000
17   0.015000
18   0.025000
19   0.010000
20  -0.015000
21   0.035000
22   0.015000
23  -0.025000
24  -0.045000
25  -0.030000
26   0.115000
27  -0.015000
28  -0.090000
29   0.060000
30   0.050000
31   0.040000
32  -0.070000
33  -0.030000
34   0.015000
35   0.025000
36  -0.010000
37  -0.030000
38  -0.045000
39   0.090000
40   0.050000
41  -0.025000
42  -0.060000
43  -0.025000
44   0.015000
45   0.075000
46   0.120000
47   0.000000
48  -0.030000
49  -0.015000
50  -0.015000
51  -0.025000
52  -0.020000
53  -0.045000
54   0.045000
55   0.000000
56  -0.075000
57   0.035000
58  -0.045000
59   0.020000
60  -0.005000
61  -0.015000
62  -0.025000
63  -0.030000
64   0.060000
65  -0.055000
66   0.110000
67  -0.030000
68  -0.105000
69  -0.060000
70   0.055000
71  -0.030000
72   0.030000
73   0.005000
74  -0.025000
75   0.045000
76  -0.060000
77  -0.055000
78  -0.060000
79   0.060000
80   0.015000
81   0.010000
82  -0.045000
83   0.015000
84  -0.035000
85   0.050000
86   0.095000
87  -0.080000
88   0.065000
89   0.015000
90   0.030000
91   0.030000
92   0.015000
93   0.080000
94   0.050000
95   0.035000
96  -0.095000
97  -0.010000
98  -0.015000
99  -0.040000
100   0.090000
101   0.020000
102  -0.055000
103   0.085000
104   0.015000
105   0.070000
106  -0.070000
107  -0.080000
108  -0.080000
109   0.050000
110  -0.045000
111  -0.065000
112   0.055000
113  -0.070000
114  -0.025000
115  -0.055000
116   0.065000
117  -0.030000
118   0.025000
119  -0.040000
120  -0.025000
121  -0.040000
122  -0.055000
123   0.030000
124   0.050000
125   0.085000
126  -0.105000
127  -0.010000
128  -0.040000
129   0.095000
130  -0.025000
131  -0.055000
132   0.005000
133  -0.025000
134   0.025000
135   0.005000
136  -0.005000
137   0.010000
138  -0.090000
139   0.045000
140  -0.000000
141  -0.065000
142   0.120000
143   0.085000
144  -0.055000
145  -0.030000
146   0.100000
147  -0.070000
148  -0.040000
149  -0.065000
150   0.015000
151   0.040000
152   0.030000
153   0.055000
154  -0.020000
155  -0.000000
156   0.005000
157  -0.140000
158   0.020000
159  -0.020000
160   0.000000
161  -0.060000
162  -0.045000
163   0.005000
164   0.040000
165   0.050000
166  -0.030000
167  -0.035000
168  -0.060000
169   0.065000
170   0.110000
171  -0.005000
172  -0.045000
173  -0.030000
174  -0.015000
175   0.050000
176   0.010000
177  -0.080000
178   0.020000
179  -0.030000
180   0.055000
181   0.005000
182   0.010000
183   0.030000
184   0.060000
185  -0.025000
186   0.085000
187  -0.070000
188  -0.070000
189  -0.015000
190  -0.020000
191  -0.010000
192   0.140000
193   0.005000
194   0.030000
195  -0.030000
196   0.000000
197  -0.025000
198  -0.150000
199  -0.020000
200   0.060000
201  -0.055000
202   0.035000
203   0.100000
204  -0.050000
205  -0.065000
206   0.050000
207   0.025000
208  -0.075000
209  -0.045000
210  -0.020000
211   0.060000
212   0.035000
213  -0.050000
214   0.045000
215   0.055000
216  -0.095000
217   0.035000
218  -0.050000
219   0.035000
220  -0.025000
221  -0.050000
222   0.015000
223   0.010000
224  -0.030000
225   0.045000
226   0.035000
227   0.085000
228   0.075000
229   0.035000
230  -0.055000
231   0.035000
232   0.035000
233   0.100000
234   0.045000
235   0.015000
236   0.015000
237  -0.075000
238  -0.035000
239  -0.040000
240  -0.005000
241  -0.090000
242   0.030000
243  -0.085000
244  -0.005000
245  -0.065000
246  -0.055000
247   0.000000
248  -0.070000
249  -0.050000
250  -0.015000
251  -0.010000
252  -0.015000
253   0.020000
254  -0.080000
255   0.020000
256   0.080000
257   0.005000
258  -0.015000
259   0.015000
260  -0.050000
261   0.040000
262  -0.010000
263   0.065000
264  -0.030000
265   0.050000
266   0.030000
267  -0.075000
268  -0.045000
269   0.005000
270   0.050000
271  -0.020000
272  -0.035000
273   0.045000
274  -0.090000
275   0.035000
276  -0.035000
277  -0.015000
278  -0.000000
279  -0.010000
280  -0.045000
281  -0.020000
282  -0.080000
283   0.025000
284  -0.015000
285   0.100000
286   0.065000
287  -0.000000
288   0.005000
289  -0.000000
290  -0.025000
291   0.055000
292  -0.140000
293  -0.060000
294  -0.025000
295   0.055000
296  -0.065000
297  -0.040000
298   0.070000
299   0.030000
300   0.000000
301  -0.105000
302  -0.075000
303  -0.000000
304  -0.070000
305   0.030000
306  -0.005000
307   0.005000
308   0.040000
309  -0.045000
310   0.025000
311  -0.015000
312  -0.080000
313   0.020000
314   0.025000
315   0.045000
316  -0.010000
317  -0.005000
318   0.015000
319  -0.040000
320  -0.050000
321   0.035000
322  -0.005000
323  -0.085000
324   0.090000
325   0.030000
326   0.085000
327  -0.010000
328  -0.125000
329  -0.045000
330  -0.070000
331   0.060000
332  -0.045000
333  -0.035000
334  -0.010000
335  -0.050000
336  -0.070000
337   0.050000
338  -0.035000
339  -0.065000
340  -0.040000
341   0.015000
342  -0.060000
343   0.025000
344  -0.055000
345  -0.005000
346   0.035000
347   0.075000
348   0.010000
349   0.010000
350   0.050000
351  -0.015000
352  -0.010000
353  -0.010000
354   0.025000
355   0.030000
356   0.090000
357  -0.055000
358   0.025000
359  -0.030000
360   0.010000
361   0.005000
362   0.015000
363  -0.030000
364  -0.025000
365   0.000000
366  -0.060000
367   0.085000
368   0.055000
369   0.050000
370   0.005000
371  -0.010000
372   0.000000
373  -0.040000
374   0.065000
375  -0.025000
376   0.050000
377  -0.030000
378  -0.030000
379  -0.080000
380  -0.045000
381  -0.080000
382   0.055000
383   0.075000
384  -0.010000
385   0.075000
386  -0.010000
387   0.015000
388   0.050000
389   0.030000
390  -0.010000
391  -0.025000
392   0.065000
393   0.050000
394   0.015000
395  -0.020000
396  -0.055000
397  -0.050000
398  -0.015000
399  -0.040000
400   0.045000
401   0.035000
402   0.045000
403   0.085000
404   0.015000
405  -0.105000
406   0.030000
407  -0.005000
408   0.070000
409  -0.070000
410   0.035000
411   0.010000
412   0.085000
413   0.045000
414  -0.005000
415  -0.070000
416  -0.010000
417   0.035000
418  -0.030000
419  -0.025000
420   0.030000
421   0.020000
422  -0.025000
423   0.020000
424   0.070000
425  -0.055000
426  -0.120000
427   0.060000
428  -0.025000
429   0.040000
430  -0.005000
431  -0.090000
432   0.010000
433  -0.015000
434  -0.105000
435  -0.010000
436   0.055000
437  -0.040000
438   0.030000
439  -0.035000
440   0.005000
441  -0.045000
442  -0.010000
443   0.025000
444  -0.040000
445  -0.060000
446   0.045000
447  -0.055000
448  -0.020000
449   0.020000
450   0.105000
451  -0.085000
452  -0.035000
453  -0.090000
454  -0.015000
455  -0.060000
456  -0.005000
457   0.040000
458  -0.015000
459  -0.000000
460   0.070000
461   0.045000
462   0.010000
463   0.065000
464   0.020000
465   0.035000
466   0.015000
467   0.010000
468   0.075000
469  -0.010000
470   0.000000
471  -0.070000
472  -0.070000
473  -0.030000
474  -0.005000
475   0.005000
476   0.030000
477  -0.105000
478   0.065000
479   0.025000
480   0.035000
481   0.015000
482   0.040000
483   0.095000
484  -0.045000
485  -0.010000
486  -0.070000
487   0.035000
488   0.025000
489   0.065000
490   0.025000
491  -0.025000
492  -0.065000
493   0.075000
494  -0.085000
495  -0.000000
496   0.015000
497  -0.055000
498  -0.035000
499   0.020000
500  -0.030000
-499  -0.065000
-498   0.040000
-497   0.030000
-496   0.000000
-495   0.030000
-494   0.050000
-493   0.035000
-492   0.020000
-491   0.000000
-490   0.005000
-489  -0.015000
-488   0.050000
-487  -0.045000
-486  -0.030000
-485  -0.045000
-484   0.085000
-483  -0.055000
-482  -0.045000
-481   0.075000
-480  -0.060000
-479   0.010000
-478   0.075000
-477  -0.020000
-476  -0.025000
-475  -0.040000
-474   0.165000
-473  -0.075000
-472   0.065000
-471   0.055000
-470   0.070000
-469  -0.110000
-468  -0.015000
-467  -0.025000
-466   0.030000
-465  -0.030000
-464   0.000000
-463   0.010000
-462  -0.025000
-461  -0.040000
-460   0.010000
-459  -0.010000
-458  -0.070000
-457  -0.030000
-456  -0.045000
-455   0.035000
-454  -0.040000
-453   0.065000
-452  -0.000000
-451   0.085000
-450   0.065000
-449   0.065000
-448  -0.035000
-447  -0.040000
-446   0.075000
-445  -0.075000
-444  -0.055000
-443  -0.055000
-442  -0.030000
-441  -0.040000
-440   0.055000
-439  -0.040000
-438   0.040000
-437  -0.065000
-436   0.035000
-435  -0.045000
-434  -0.000000
-433   0.055000
-432  -0.025000
-431  -0.000000
-430   0.015000
-429   0.010000
-428  -0.080000
-427   0.015000
-426  -0.055000
-425  -0.010000
-424   0.005000
-423  -0.005000
-422  -0.005000
-421   0.010000
-420  -0.125000
-419   0.060000
-418   0.030000
-417  -0.025000
-416  -0.070000
-415   0.010000
-414  -0.035000
-413   0.085000
-412  -0.005000
-411  -0.015000
-410   0.045000
-409  -0.145000
-408  -0.110000
-407   0.040000
-406   0.045000
-405   0.040000
-404  -0.005000
-403   0.055000
-402  -0.055000
-401  -0.050000
-400  -0.040000
-399   0.025000
-398   0.010000
-397  -0.030000
-396   0.025000
-395  -0.025000
-394   0.010000
-393  -0.110000
-392  -0.115000
-391   0.005000
-390  -0.050000
-389  -0.030000
-388   0.065000
-387  -0.025000
-386   0.010000
-385  -0.010000
-384  -0.015000
-383  -0.015000
-382  -0.030000
-381  -0.035000
-380  -0.050000
-379   0.010000
-378  -0.120000
-377   0.060000
-376   0.030000
-375   0.000000
-374  -0.085000
-373  -0.020000
-372  -0.035000
-371  -0.075000
-370   0.005000
-369   0.040000
-368  -0.050000
-367  -0.015000
-366   0.075000
-365   0.035000
-364   0.055000
-363   0.035000
-362   0.070000
-361   0.025000
-360   0.005000
-359  -0.000000
-358  -0.035000
-357   0.005000
-356  -0.045000
-355  -0.060000
-354  -0.045000
-353   0.035000
-352  -0.150000
-351   0.030000
-350  -0.025000
-349   0.090000
-348  -0.040000
-347   0.050000
-346   0.010000
-345  -0.005000
-344   0.085000
-343   0.065000
-342  -0.055000
-341  -0.015000
-340  -0.010000
-339  -0.030000
-338  -0.020000
-337   0.040000
-336   0.025000
-335  -0.040000
-334  -0.025000
-333  -0.030000
-332  -0.015000
-331   0.010000
-330   0.080000
-329  -0.100000
-328  -0.075000
-327  -0.050000
-326   0.040000
-325   0.030000
-324  -0.025000
-323  -0.025000
-322  -0.055000
-321  -0.055000
-320  -0.095000
-319  -0.040000
-318   0.050000
-317  -0.015000
-316   0.015000
-315  -0.005000
-314   0.155000
-313   0.035000
-312  -0.025000
-311  -0.020000
-310   0.060000
-309   0.010000
-308  -0.095000
-307   0.090000
-306   0.000000
-305  -0.005000
-304   0.025000
-303  -0.015000
-302  -0.010000
-301  -0.085000
-300   0.025000
-299   0.000000
-298   0.050000
-297   0.050000
-296  -0.030000
-295   0.070000
-294  -0.005000
-293   0.040000
-292   0.030000
-291   0.035000
-290  -0.030000
-289   0.060000
-288  -0.095000
-287   0.060000
-286   0.000000
-285   0.070000
-284  -0.015000
-283  -0.010000
-282  -0.015000
-281  -0.040000
-280   0.020000
-279  -0.025000
-278   0.050000
-277  -0.010000
-276   0.050000
-275   0.005000
-274   0.020000
-273   0.100000
-272   0.060000
-271   0.040000
-270   0.075000
-269   0.080000
-268   0.065000
-267   0.015000
-266   0.045000
-265  -0.030000
-264  -0.030000
-263  -0.040000
-262  -0.075000
-261   0.090000
-260   0.115000
-259   0.025000
-258  -0.000000
-257  -0.070000
-256  -0.005000
-255   0.010000
-254  -0.030000
-253  -0.025000
-252  -0.030000
-251   0.050000
-250  -0.050000
-249  -0.040000
-248  -0.055000
-247  -0.005000
-246   0.020000
-245   0.010000
-244  -0.020000
-243   0.000000
-242  -0.015000
-241  -0.000000
-240  -0.030000
-239   0.140000
-238   0.020000
-237  -0.060000
-236  -0.020000
-235   0.025000
-234   0.030000
-233  -0.090000
-232   0.005000
-231   0.060000
-230  -0.035000
-229  -0.015000
-228  -0.000000
-227   0.030000
-226   0.045000
-225  -0.020000
-224  -0.040000
-223   0.020000
-222   0.065000
-221   0.030000
-220   0.000000
-219  -0.030000
-218  -0.020000
-217   0.065000
-216   0.050000
-215   0.015000
-214  -0.025000
-213   0.035000
-212   0.025000
-211   0.020000
-210  -0.005000
-209  -0.005000
-208   0.045000
-207  -0.040000
-206  -0.020000
-205  -0.020000
-204   0.005000
-203  -0.045000
-202   0.015000
-201  -0.000000
-200   0.055000
-199  -0.000000
-198  -0.040000
-197  -0.055000
-196   0.010000
-195  -0.020000
-194  -0.005000
-193  -0.030000
-192   0.130000
-191   0.000000
-190   0.010000
-189   0.070000
-188  -0.090000
-187  -0.060000
-186  -0.025000
-185   0.035000
-184   0.005000
-183  -0.060000
-182  -0.010000
-181   0.020000
-180   0.005000
-179   0.110000
-178   0.020000
-177  -0.025000
-176  -0.010000
-175  -0.035000
-174  -0.010000
-173  -0.070000
-172   0.105000
-171  -0.045000
-170  -0.015000
-169   0.020000
-168  -0.070000
-167   0.030000
-166  -0.055000
-165   0.040000
-164   0.010000
-163   0.015000
-162   0.045000
-161   0.010000
-160   0.035000
-159   0.035000
-158   0.060000
-157   0.110000
-156  -0.090000
-155   0.010000
-154  -0.040000
-153  -0.065000
-152  -0.010000
-151   0.070000
-150  -0.035000
-149   0.045000
-148  -0.015000
-147   0.045000
-146   0.045000
-145  -0.070000
-144  -0.090000
-143   0.075000
-142   0.005000
-141   0.010000
-140  -0.050000
-139  -0.120000
-138  -0.110000
-137  -0.115000
-136  -0.005000
-135  -0.030000
-134  -0.010000
-133  -0.035000
-132  -0.020000
-131  -0.030000
-130  -0.005000
-129   0.030000
-128   0.010000
-127   0.120000
-126   0.015000
-125  -0.025000
-124   0.040000
-123   0.035000
-122  -0.010000
-121   0.045000
-120  -0.005000
-119   0.045000
-118   0.030000
-117   0.005000
-116   0.030000
-115   0.040000
-114   0.035000
-113  -0.025000
-112  -0.035000
-111  -0.015000
-110  -0.015000
-109  -0.005000
-108   0.010000
-107  -0.100000
-106  -0.035000
-105  -0.030000
-104  -0.000000
-103   0.020000
-102  -0.000000
-101   0.025000
-100   0.050000
-99  -0.050000
-98  -0.035000
-97  -0.090000
-96  -0.040000
-95   0.045000
-94   0.045000
-93   0.035000
-92  -0.010000
-91   0.040000
-90   0.015000
-89  -0.040000
-88   0.065000
-87  -0.065000
-86  -0.120000
-85   0.095000
-84  -0.035000
-83   0.080000
-82   0.015000
-81   0.020000
-80  -0.015000
-79  -0.030000
-78   0.035000
-77  -0.050000
-76   0.030000
-75   0.070000
-74  -0.075000
-73  -0.070000
-72  -0.030000
-71   0.075000
-70  -0.015000
-69  -0.065000
-68  -0.005000
-67  -0.035000
-66   0.010000
-65  -0.010000
-64  -0.040000
-63   0.055000
-62   0.030000
-61   0.005000
-60   0.030000
-59   0.025000
-58  -0.075000
-57  -0.075000
-56   0.060000
-55   0.045000
-54   0.015000
-53   0.010000
-52   0.015000
-51  -0.000000
-50   0.080000
-49   0.065000
-48  -0.070000
-47  -0.015000
-46   0.015000
-45   0.165000
-44   0.035000
-43  -0.030000
-42  -0.045000
-41  -0.015000
-40  -0.050000
-39   0.025000
-38   0.015000
-37  -0.100000
-36  -0.040000
-35   0.030000
-34  -0.030000
-33  -0.045000
-32  -0.030000
-31   0.015000
-30   0.030000
-29   0.095000
-28   0.050000
-27   0.025000
-26   0.010000
-25   0.025000
-24   0.015000
-23  -0.005000
-22   0.060000
-21  -0.000000
-20  -0.020000
-19  -0.055000
-18  -0.005000
-17  -0.005000
-16   0.120000
-15   0.005000
-14  -0.070000
-13   0.045000
-12   0.035000
-11  -0.020000
-10  -0.030000
-9  -0.080000
-8   0.025000
-7  -0.065000
-6  -0.010000
-5   0.055000
-4   0.005000
-3   0.015000
-2  -0.055000
-1  -0.045000
