0  -0.055000
1  -0.015000
2   0.015000
3  -0.030000
4  -0.005000
5   0.040000
6  -0.000000
7  -0.030000
8   0.040000
9   0.045000
10   0.105000
11   0.020000
12   0.085000
13  -0.005000
14   0.105000
15   0.085000
16   0.045000
17  -0.020000
18  -0.035000
19  -0.020000
20  -0.080000
21   0.030000
22  -0.025000
23   0.015000
24   0.040000
25  -0.025000
26  -0.060000
27  -0.030000
28  -0.010000
29   0.020000
30   0.060000
31   0.080000
32  -0.000000
33  -0.010000
34  -0.040000
35   0.015000
36   0.015000
37   0.045000
38   0.045000
39  -0.020000
40   0.035000
41  -0.040000
42   0.075000
43   0.075000
44  -0.005000
45  -0.010000
46  -0.105000
47   0.035000
48   0.055000
49  -0.015000
50  -0.010000
51  -0.015000
52  -0.020000
53   0.015000
54   0.100000
55  -0.010000
56   0.000000
57   0.020000
58  -0.095000
59   0.040000
60   0.045000
61   0.035000
62   0.075000
63   0.050000
64   0.045000
65   0.045000
66   0.030000
67   0.040000
68   0.035000
69  -0.120000
70  -0.060000
71  -0.105000
72   0.055000
73   0.000000
74   0.090000
75   0.010000
76  -0.010000
77   0.035000
78   0.080000
79   0.015000
80   0.100000
81   0.055000
82   0.000000
83  -0.060000
84  -0.010000
85  -0.010000
86   0.050000
87  -0.080000
88  -0.005000
89   0.025000
90   0.025000
91   0.070000
92   0.040000
93  -0.015000
94   0.075000
95   0.025000
96  -0.090000
97  -0.005000
98  -0.065000
99   0.030000
100   0.050000
101   0.010000
102   0.015000
103  -0.030000
104   0.025000
105  -0.015000
106   0.090000
107   0.030000
108  -0.075000
109  -0.005000
110   0.030000
111   0.040000
112  -0.065000
113   0.010000
114   0.120000
115  -0.030000
116  -0.030000
117  -0.020000
118   0.005000
119   0.015000
120  -0.105000
121   0.045000
122  -0.020000
123  -0.010000
124   0.035000
125  -0.010000
126  -0.025000
127   0.030000
128  -0.075000
129  -0.035000
130   0.080000
131   0.040000
132  -0.035000
133   0.015000
134   0.030000
135  -0.045000
136  -0.065000
137   0.055000
138   0.010000
139  -0.010000
140  -0.020000
141   0.095000
142   0.080000
143   0.005000
144   0.060000
145   0.020000
146   0.020000
147  -0.010000
148  -0.005000
149   0.055000
150   0.055000
151  -0.005000
152  -0.050000
153   0.025000
154  -0.045000
155   0.000000
156  -0.000000
157   0.005000
158  -0.005000
159  -0.050000
160   0.005000
161  -0.015000
162   0.035000
163   0.040000
164  -0.080000
165  -0.020000
166  -0.030000
167  -0.115000
168   0.090000
169   0.005000
170  -0.065000
171  -0.095000
172  -0.000000
173  -0.070000
174   0.005000
175  -0.070000
176   0.005000
177   0.045000
178  -0.020000
179  -0.040000
180  -0.080000
181  -0.005000
182  -0.020000
183  -0.025000
184   0.005000
185   0.015000
186   0.020000
187   0.040000
188   0.020000
189  -0.030000
190  -0.035000
191   0.090000
192   0.000000
193  -0.040000
194   0.000000
195   0.000000
196  -0.015000
197  -0.035000
198   0.100000
199   0.065000
200  -0.065000
201   0.035000
202  -0.020000
203   0.035000
204   0.025000
205  -0.015000
206  -0.090000
207  -0.005000
208  -0.030000
209  -0.015000
210  -0.015000
211   0.055000
212   0.025000
213  -0.065000
214   0.050000
215   0.030000
216  -0.005000
217   0.025000
218   0.015000
219   0.005000
220   0.065000
221   0.020000
222  -0.125000
223   0.040000
224  -0.030000
225   0.050000
226  -0.120000
227  -0.040000
228   0.035000
229  -0.095000
230   0.015000
231   0.060000
232  -0.010000
233   0.010000
234   0.025000
235  -0.025000
236  -0.095000
237   0.010000
238  -0.050000
239   0.115000
240   0.040000
241   0.005000
242  -0.055000
243  -0.025000
244   0.045000
245  -0.025000
246   0.025000
247  -0.045000
248  -0.050000
249   0.050000
250  -0.040000
251   0.065000
252  -0.050000
253   0.000000
254  -0.045000
255  -0.030000
256  -0.025000
257   0.035000
258   0.040000
259   0.030000
260   0.045000
261   0.035000
262   0.060000
263  -0.015000
264   0.065000
265   0.020000
266   0.035000
267  -0.060000
268  -0.025000
269  -0.065000
270   0.080000
271  -0.030000
272  -0.045000
273   0.025000
274  -0.025000
275  -0.060000
276   0.040000
277  -0.025000
278   0.060000
279   0.015000
280  -0.010000
281  -0.015000
282  -0.010000
283   0.015000
284   0.005000
285   0.015000
286  -0.105000
287  -0.065000
288  -0.015000
289   0.010000
290  -0.050000
291  -0.045000
292   0.010000
293   0.080000
294   0.010000
295   0.015000
296  -0.025000
297  -0.015000
298   0.010000
299   0.030000
300  -0.035000
301  -0.035000
302  -0.055000
303  -0.005000
304  -0.005000
305   0.020000
306   0.050000
307   0.085000
308   0.100000
309   0.115000
310  -0.035000
311  -0.070000
312  -0.000000
313  -0.070000
314  -0.035000
315   0.110000
316   0.040000
317   0.020000
318  -0.065000
319  -0.030000
320   0.035000
321  -0.055000
322   0.010000
323  -0.085000
324  -0.025000
325   0.015000
326   0.060000
327  -0.045000
328   0.085000
329  -0.000000
330  -0.025000
331   0.060000
332  -0.005000
333   0.000000
334   0.015000
335  -0.020000
336  -0.020000
337  -0.000000
338  -0.065000
339  -0.005000
340  -0.005000
341   0.040000
342   0.045000
343  -0.030000
344  -0.015000
345  -0.010000
346   0.050000
347  -0.000000
348   0.020000
349   0.000000
350  -0.030000
351   0.065000
352   0.010000
353   0.100000
354   0.030000
355  -0.005000
356  -0.050000
357   0.100000
358   0.010000
359   0.025000
360  -0.085000
361  -0.020000
362   0.015000
363   0.130000
364  -0.045000
365   0.035000
366   0.030000
367   0.005000
368   0.010000
369  -0.005000
370  -0.010000
371  -0.095000
372   0.040000
373  -0.005000
374  -0.000000
375   0.025000
376   0.050000
377  -0.055000
378   0.025000
379   0.035000
380  -0.010000
381   0.045000
382  -0.165000
383  -0.045000
384  -0.005000
385   0.055000
386  -0.015000
387   0.005000
388  -0.035000
389  -0.010000
390   0.020000
391   0.055000
392  -0.030000
393  -0.015000
394   0.010000
395  -0.050000
396   0.015000
397   0.080000
398  -0.070000
399  -0.010000
400   0.045000
401   0.150000
402  -0.010000
403  -0.085000
404   0.015000
405  -0.100000
406  -0.005000
407   0.035000
408  -0.020000
409  -0.020000
410  -0.065000
411  -0.045000
412  -0.035000
413   0.035000
414   0.080000
415  -0.015000
416   0.035000
417  -0.025000
418  -0.055000
419   0.010000
420   0.010000
421   0.025000
422   0.005000
423   0.005000
424  -0.010000
425  -0.025000
426  -0.045000
427   0.010000
428   0.070000
429  -0.055000
430  -0.010000
431   0.030000
432  -0.065000
433   0.005000
434  -0.050000
435  -0.000000
436   0.005000
437   0.005000
438  -0.010000
439  -0.005000
440  -0.030000
441   0.020000
442   0.085000
443  -0.100000
444  -0.015000
445   0.050000
446  -0.040000
447  -0.015000
448  -0.030000
449   0.000000
450  -0.005000
451  -0.075000
452  -0.125000
453   0.015000
454   0.075000
455  -0.075000
456   0.040000
457  -0.045000
458   0.025000
459   0.035000
460  -0.040000
461   0.005000
462   0.045000
463   0.000000
464  -0.055000
465   0.010000
466   0.115000
467   0.020000
468  -0.035000
469  -0.085000
470   0.005000
471   0.025000
472   0.010000
473   0.030000
474  -0.115000
475   0.020000
476   0.000000
477   0.025000
478   0.060000
479   0.020000
480  -0.040000
481   0.030000
482   0.005000
483   0.005000
484   0.045000
485   0.065000
486  -0.040000
487   0.015000
488   0.055000
489   0.000000
490   0.020000
491  -0.045000
492  -0.080000
493   0.060000
494   0.055000
495   0.110000
496   0.050000
497  -0.075000
498   0.095000
499  -0.055000
500   0.070000
-499   0.010000
-498  -0.085000
-497   0.100000
-496   0.035000
-495   0.020000
-494  -0.065000
-493   0.015000
-492  -0.005000
-491   0.060000
-490   0.030000
-489  -0.065000
-488  -0.025000
-487   0.025000
-486   0.040000
-485  -0.040000
-484   0.010000
-483  -0.025000
-482   0.040000
-481   0.045000
-480   0.035000
-479   0.045000
-478  -0.075000
-477   0.015000
-476  -0.085000
-475  -0.015000
-474  -0.025000
-473  -0.040000
-472   0.035000
-471  -0.040000
-470   0.025000
-469   0.035000
-468  -0.095000
-467   0.025000
-466   0.135000
-465   0.015000
-464   0.040000
-463   0.055000
-462  -0.075000
-461   0.120000
-460   0.030000
-459   0.010000
-458   0.025000
-457   0.035000
-456   0.020000
-455  -0.050000
-454   0.030000
-453  -0.015000
-452  -0.075000
-451   0.020000
-450  -0.060000
-449   0.020000
-448   0.040000
-447  -0.025000
-446  -0.050000
-445   0.005000
-444   0.100000
-443   0.060000
-442  -0.005000
-441   0.095000
-440  -0.045000
-439  -0.075000
-438   0.080000
-437   0.085000
-436   0.080000
-435   0.035000
-434  -0.015000
-433   0.060000
-432  -0.025000
-431  -0.015000
-430  -0.015000
-429   0.020000
-428   0.010000
-427   0.000000
-426   0.045000
-425   0.005000
-424  -0.005000
-423   0.035000
-422   0.025000
-421   0.040000
-420   0.010000
-419   0.070000
-418  -0.080000
-417   0.125000
-416   0.095000
-415  -0.035000
-414  -0.075000
-413  -0.025000
-412   0.055000
-411   0.090000
-410   0.035000
-409  -0.030000
-408   0.005000
-407   0.020000
-406  -0.040000
-405  -0.045000
-404  -0.025000
-403  -0.045000
-402   0.020000
-401   0.050000
-400   0.010000
-399  -0.030000
-398  -0.020000
-397   0.045000
-396  -0.010000
-395   0.025000
-394   0.065000
-393  -0.035000
-392  -0.030000
-391   0.010000
-390  -0.045000
-389   0.030000
-388  -0.015000
-387  -0.085000
-386   0.025000
-385  -0.070000
-384   0.030000
-383  -0.085000
-382   0.030000
-381  -0.010000
-380  -0.030000
-379  -0.050000
-378  -0.020000
-377   0.060000
-376  -0.010000
-375  -0.070000
-374  -0.040000
-373  -0.010000
-372  -0.005000
-371  -0.005000
-370   0.065000
-369   0.035000
-368   0.035000
-367  -0.025000
-366  -0.020000
-365   0.025000
-364  -0.005000
-363   0.020000
-362  -0.050000
-361  -0.025000
-360   0.100000
-359  -0.050000
-358   0.005000
-357   0.005000
-356  -0.010000
-355  -0.020000
-354   0.025000
-353   0.030000
-352  -0.070000
-351  -0.050000
-350   0.110000
-349   0.065000
-348  -0.020000
-347  -0.030000
-346  -0.035000
-345  -0.020000
-344  -0.010000
-343  -0.020000
-342  -0.040000
-341  -0.010000
-340   0.020000
-339   0.020000
-338  -0.030000
-337  -0.035000
-336  -0.015000
-335  -0.030000
-334  -0.035000
-333  -0.060000
-332   0.010000
-331   0.065000
-330   0.085000
-329   0.015000
-328   0.090000
-327   0.095000
-326   0.080000
-325   0.080000
-324  -0.010000
-323   0.050000
-322   0.010000
-321   0.025000
-320  -0.045000
-319  -0.065000
-318   0.090000
-317  -0.040000
-316   0.025000
-315  -0.075000
-314  -0.070000
-313   0.025000
-312  -0.005000
-311   0.050000
-310   0.040000
-309   0.020000
-308  -0.100000
-307  -0.020000
-306  -0.055000
-305  -0.010000
-304   0.035000
-303  -0.010000
-302   0.010000
-301  -0.055000
-300  -0.060000
-299  -0.045000
-298   0.075000
-297  -0.035000
-296  -0.025000
-295  -0.005000
-294   0.020000
-293   0.020000
-292   0.010000
-291  -0.010000
-290  -0.020000
-289   0.050000
-288   0.035000
-287   0.005000
-286   0.030000
-285   0.045000
-284   0.025000
-283  -0.010000
-282   0.005000
-281   0.040000
-280   0.030000
-279   0.015000
-278  -0.050000
-277  -0.035000
-276  -0.075000
-275  -0.085000
-274   0.000000
-273   0.050000
-272   0.060000
-271   0.060000
-270   0.095000
-269  -0.025000
-268  -0.010000
-267   0.015000
-266  -0.020000
-265  -0.010000
-264  -0.035000
-263   0.005000
-262  -0.045000
-261   0.030000
-260  -0.005000
-259  -0.060000
-258   0.050000
-257   0.030000
-256   0.040000
-255   0.125000
-254  -0.080000
-253   0.020000
-252   0.035000
-251   0.025000
-250  -0.040000
-249  -0.015000
-248  -0.090000
-247  -0.035000
-246  -0.035000
-245   0.040000
-244  -0.035000
-243   0.010000
-242   0.035000
-241   0.000000
-240   0.020000
-239   0.070000
-238  -0.010000
-237  -0.040000
-236   0.070000
-235   0.095000
-234   0.035000
-233  -0.085000
-232  -0.035000
-231   0.025000
-230   0.005000
-229   0.015000
-228  -0.185000
-227   0.000000
-226   0.050000
-225   0.075000
-224   0.005000
-223   0.010000
-222  -0.010000
-221  -0.035000
-220  -0.020000
-219   0.000000
-218  -0.080000
-217   0.050000
-216  -0.015000
-215   0.020000
-214   0.030000
-213  -0.065000
-212   0.015000
-211  -0.015000
-210   0.035000
-209   0.025000
-208   0.020000
-207  -0.020000
-206  -0.070000
-205   0.010000
-204  -0.125000
-203  -0.005000
-202  -0.070000
-201  -0.170000
-200  -0.010000
-199  -0.010000
-198   0.030000
-197  -0.055000
-196   0.025000
-195   0.020000
-194  -0.010000
-193   0.020000
-192  -0.005000
-191   0.065000
-190   0.035000
-189   0.000000
-188  -0.005000
-187  -0.135000
-186  -0.005000
-185  -0.015000
-184  -0.050000
-183   0.045000
-182   0.005000
-181   0.010000
-180  -0.065000
-179  -0.045000
-178   0.105000
-177  -0.100000
-176  -0.020000
-175  -0.050000
-174   0.020000
-173   0.080000
-172   0.015000
-171   0.040000
-170   0.045000
-169   0.015000
-168   0.010000
-167  -0.055000
-166  -0.045000
-165   0.005000
-164  -0.080000
-163   0.060000
-162   0.050000
-161   0.015000
-160  -0.020000
-159   0.010000
-158  -0.060000
-157   0.005000
-156   0.090000
-155  -0.025000
-154  -0.035000
-153  -0.005000
-152  -0.005000
-151   0.000000
-150  -0.010000
-149   0.045000
-148  -0.035000
-147  -0.025000
-146  -0.020000
-145   0.020000
-144   0.025000
-143  -0.025000
-142  -0.065000
-141   0.045000
-140   0.035000
-139  -0.060000
-138   0.040000
-137   0.035000
-136   0.000000
-135   0.000000
-134  -0.010000
-133  -0.075000
-132   0.015000
-131   0.055000
-130  -0.100000
-129   0.025000
-128   0.105000
-127   0.015000
-126  -0.020000
-125  -0.020000
-124   0.020000
-123   0.035000
-122   0.005000
-121  -0.060000
-120   0.020000
-119  -0.015000
-118  -0.055000
-117  -0.035000
-116   0.010000
-115   0.085000
-114   0.010000
-113  -0.015000
-112  -0.030000
-111   0.015000
-110   0.005000
-109   0.035000
-108  -0.020000
-107   0.020000
-106  -0.085000
-105  -0.045000
-104  -0.010000
-103   0.020000
-102  -0.020000
-101  -0.010000
-100  -0.035000
-99  -0.045000
-98  -0.010000
-97  -0.010000
-96   0.015000
-95  -0.010000
-94  -0.015000
-93  -0.055000
-92  -0.095000
-91   0.055000
-90  -0.025000
-89  -0.105000
-88   0.030000
-87   0.010000
-86   0.005000
-85  -0.015000
-84   0.055000
-83  -0.020000
-82  -0.000000
-81  -0.015000
-80   0.065000
-79   0.020000
-78  -0.025000
-77   0.010000
-76   0.005000
-75   0.045000
-74  -0.015000
-73   0.040000
-72  -0.030000
-71   0.055000
-70  -0.025000
-69   0.040000
-68   0.000000
-67  -0.040000
-66  -0.065000
-65  -0.060000
-64  -0.080000
-63   0.030000
-62  -0.000000
-61  -0.020000
-60  -0.025000
-59   0.000000
-58   0.050000
-57   0.005000
-56   0.045000
-55   0.070000
-54   0.045000
-53  -0.040000
-52  -0.090000
-51   0.050000
-50  -0.015000
-49  -0.015000
-48   0.035000
-47   0.010000
-46   0.060000
-45  -0.070000
-44   0.030000
-43   0.040000
-42   0.000000
-41   0.025000
-40   0.005000
-39   0.080000
-38   0.030000
-37   0.065000
-36   0.060000
-35   0.065000
-34  -0.025000
-33   0.025000
-32   0.010000
-31   0.060000
-30  -0.020000
-29  -0.055000
-28  -0.025000
-27   0.020000
-26  -0.030000
-25   0.015000
-24  -0.010000
-23   0.040000
-22   0.010000
-21   0.045000
-20  -0.050000
-19  -0.065000
-18   0.045000
-17   0.085000
-16  -0.090000
-15  -0.005000
-14   0.035000
-13   0.065000
-12   0.035000
-11  -0.040000
-10   0.040000
-9   0.010000
-8   0.035000
-7  -0.025000
-6  -0.035000
-5  -0.010000
-4   0.035000
-3  -0.020000
-2  -0.095000
-1   0.020000
