0   0.065000
1   0.000000
2   0.045000
3  -0.090000
4   0.005000
5  -0.010000
6  -0.000000
7   0.080000
8  -0.015000
9  -0.005000
10   0.070000
11   0.010000
12  -0.005000
13  -0.010000
14   0.065000
15   0.025000
16  -0.030000
17  -0.030000
18  -0.015000
19  -0.010000
20  -0.065000
21  -0.045000
22  -0.040000
23   0.050000
24  -0.005000
25   0.060000
26   0.000000
27  -0.035000
28  -0.025000
29   0.010000
30   0.075000
31  -0.015000
32  -0.100000
33  -0.080000
34   0.035000
35   0.090000
36  -0.100000
37  -0.040000
38  -0.050000
39  -0.100000
40   0.005000
41  -0.090000
42  -0.045000
43   0.005000
44   0.075000
45  -0.025000
46   0.080000
47   0.065000
48  -0.000000
49   0.050000
50   0.040000
51   0.025000
52   0.070000
53  -0.030000
54  -0.035000
55   0.060000
56   0.020000
57   0.065000
58  -0.045000
59  -0.070000
60   0.035000
61   0.035000
62   0.050000
63   0.025000
64   0.020000
65  -0.025000
66  -0.025000
67   0.045000
68   0.050000
69   0.010000
70  -0.045000
71   0.035000
72   0.040000
73   0.070000
74   0.030000
75  -0.025000
76  -0.055000
77   0.135000
78   0.030000
79   0.005000
80  -0.060000
81  -0.050000
82   0.050000
83   0.035000
84   0.050000
85   0.015000
86   0.000000
87  -0.045000
88  -0.065000
89  -0.080000
90   0.055000
91   0.075000
92   0.015000
93   0.035000
94  -0.025000
95  -0.000000
96   0.085000
97  -0.015000
98  -0.055000
99  -0.040000
100   0.030000
101  -0.050000
102  -0.010000
103  -0.010000
104   0.020000
105   0.065000
106  -0.040000
107  -0.005000
108   0.065000
109  -0.020000
110   0.085000
111  -0.100000
112   0.025000
113  -0.050000
114  -0.030000
115   0.005000
116  -0.020000
117   0.090000
118  -0.040000
119  -0.050000
120   0.000000
121  -0.005000
122  -0.075000
123   0.020000
124   0.015000
125   0.030000
126   0.050000
127   0.020000
128   0.015000
129   0.025000
130  -0.010000
131  -0.005000
132  -0.095000
133  -0.060000
134  -0.005000
135  -0.005000
136  -0.070000
137   0.055000
138   0.065000
139   0.070000
140  -0.010000
141  -0.095000
142  -0.050000
143  -0.005000
144   0.010000
145  -0.045000
146   0.035000
147   0.045000
148   0.055000
149   0.035000
150  -0.050000
151  -0.020000
152   0.040000
153  -0.055000
154   0.045000
155  -0.025000
156   0.040000
157  -0.055000
158   0.045000
159   0.025000
160  -0.025000
161  -0.030000
162   0.020000
163  -0.010000
164   0.050000
165   0.025000
166  -0.080000
167   0.055000
168  -0.050000
169  -0.085000
170   0.030000
171   0.040000
172   0.035000
173  -0.040000
174   0.045000
175  -0.085000
176   0.085000
177   0.030000
178  -0.045000
179  -0.080000
180   0.055000
181  -0.055000
182   0.060000
183  -0.025000
184  -0.020000
185   0.065000
186  -0.015000
187  -0.105000
188  -0.085000
189   0.020000
190  -0.020000
191   0.055000
192   0.025000
193  -0.015000
194   0.055000
195   0.025000
196  -0.020000
197  -0.000000
198   0.010000
199   0.050000
200  -0.075000
201  -0.030000
202  -0.155000
203   0.025000
204   0.020000
205   0.025000
206   0.060000
207   0.010000
208   0.065000
209   0.060000
210   0.030000
211   0.030000
212   0.010000
213  -0.020000
214   0.085000
215   0.070000
216   0.005000
217   0.020000
218   0.055000
219  -0.005000
220  -0.050000
221   0.060000
222   0.060000
223   0.015000
224  -0.065000
225   0.035000
226  -0.010000
227  -0.040000
228   0.070000
229   0.025000
230   0.030000
231   0.005000
232  -0.040000
233   0.010000
234   0.105000
235  -0.080000
236   0.040000
237   0.070000
238  -0.055000
239   0.015000
240  -0.075000
241   0.005000
242  -0.015000
243  -0.035000
244   0.065000
245  -0.060000
246  -0.010000
247   0.060000
248  -0.070000
249  -0.015000
250  -0.025000
251   0.015000
252   0.020000
253  -0.020000
254  -0.070000
255   0.020000
256  -0.000000
257   0.065000
258   0.000000
259   0.080000
260   0.000000
261  -0.045000
262   0.025000
263  -0.000000
264  -0.030000
265   0.100000
266   0.010000
267  -0.005000
268  -0.030000
269   0.025000
270  -0.025000
271  -0.075000
272   0.000000
273   0.005000
274  -0.015000
275  -0.005000
276   0.030000
277   0.040000
278  -0.045000
279   0.020000
280  -0.015000
281  -0.010000
282   0.015000
283   0.070000
284  -0.015000
285  -0.025000
286   0.000000
287   0.055000
288   0.025000
289  -0.045000
290  -0.040000
291   0.055000
292   0.000000
293   0.045000
294  -0.015000
295  -0.010000
296   0.045000
297   0.050000
298  -0.030000
299   0.070000
300  -0.010000
301  -0.010000
302   0.060000
303   0.075000
304   0.005000
305   0.040000
306  -0.065000
307   0.015000
308   0.010000
309  -0.050000
310  -0.045000
311  -0.095000
312   0.055000
313  -0.035000
314   0.045000
315   0.045000
316   0.010000
317  -0.010000
318   0.015000
319   0.070000
320  -0.080000
321  -0.010000
322  -0.060000
323  -0.010000
324   0.010000
325   0.060000
326  -0.095000
327  -0.000000
328  -0.025000
329  -0.040000
330   0.060000
331   0.070000
332   0.015000
333   0.070000
334   0.010000
335   0.050000
336   0.095000
337   0.045000
338  -0.015000
339   0.110000
340   0.005000
341  -0.015000
342  -0.000000
343   0.015000
344   0.015000
345   0.040000
346  -0.050000
347   0.040000
348  -0.050000
349  -0.025000
350   0.010000
351  -0.005000
352  -0.010000
353   0.015000
354  -0.000000
355   0.065000
356  -0.040000
357   0.055000
358   0.065000
359  -0.020000
360  -0.040000
361   0.040000
362  -0.010000
363   0.005000
364  -0.015000
365   0.020000
366   0.065000
367  -0.045000
368  -0.005000
369  -0.000000
370  -0.055000
371   0.005000
372   0.105000
373  -0.015000
374  -0.075000
375   0.005000
376  -0.060000
377   0.020000
378   0.045000
379  -0.020000
380  -0.040000
381  -0.090000
382   0.035000
383   0.060000
384  -0.035000
385   0.035000
386  -0.020000
387   0.005000
388  -0.010000
389  -0.090000
390  -0.040000
391  -0.020000
392   0.050000
393   0.000000
394  -0.040000
395   0.020000
396  -0.070000
397   0.035000
398   0.060000
399  -0.120000
400   0.025000
401  -0.075000
402   0.050000
403   0.010000
404  -0.020000
405  -0.025000
406   0.025000
407   0.075000
408  -0.040000
409   0.045000
410  -0.035000
411   0.030000
412  -0.020000
413  -0.015000
414   0.040000
415  -0.010000
416  -0.040000
417   0.015000
418  -0.035000
419  -0.005000
420  -0.020000
421  -0.005000
422   0.020000
423  -0.040000
424   0.035000
425  -0.030000
426  -0.005000
427  -0.010000
428  -0.030000
429   0.065000
430   0.015000
431  -0.035000
432   0.020000
433   0.055000
434   0.030000
435   0.050000
436  -0.020000
437  -0.045000
438   0.025000
439  -0.090000
440   0.000000
441   0.070000
442   0.025000
443   0.055000
444  -0.025000
445  -0.010000
446  -0.010000
447  -0.005000
448   0.060000
449  -0.130000
450  -0.015000
451   0.025000
452  -0.035000
453  -0.035000
454   0.090000
455   0.000000
456   0.050000
457  -0.020000
458  -0.045000
459   0.010000
460   0.020000
461   0.030000
462   0.040000
463   0.015000
464  -0.010000
465   0.005000
466  -0.005000
467   0.050000
468   0.005000
469   0.060000
470   0.045000
471   0.070000
472  -0.005000
473   0.005000
474  -0.035000
475  -0.040000
476  -0.010000
477  -0.025000
478  -0.045000
479  -0.025000
480   0.000000
481  -0.015000
482  -0.050000
483  -0.010000
484  -0.035000
485   0.080000
486   0.050000
487  -0.040000
488  -0.030000
489   0.010000
490  -0.050000
491  -0.030000
492   0.070000
493   0.040000
494   0.070000
495  -0.005000
496   0.015000
497   0.040000
498  -0.055000
499   0.000000
500  -0.060000
-499  -0.030000
-498   0.065000
-497  -0.035000
-496  -0.020000
-495   0.025000
-494  -0.045000
-493   0.020000
-492  -0.020000
-491  -0.075000
-490  -0.045000
-489   0.015000
-488  -0.025000
-487  -0.020000
-486   0.075000
-485  -0.025000
-484   0.030000
-483  -0.015000
-482  -0.035000
-481   0.080000
-480  -0.035000
-479   0.070000
-478  -0.010000
-477   0.015000
-476   0.015000
-475  -0.045000
-474   0.020000
-473   0.060000
-472  -0.005000
-471  -0.080000
-470  -0.085000
-469   0.005000
-468  -0.015000
-467  -0.075000
-466  -0.040000
-465  -0.030000
-464   0.005000
-463  -0.050000
-462  -0.045000
-461  -0.110000
-460   0.035000
-459   0.010000
-458  -0.060000
-457   0.115000
-456  -0.045000
-455  -0.015000
-454   0.010000
-453   0.010000
-452  -0.005000
-451   0.075000
-450  -0.090000
-449  -0.010000
-448  -0.005000
-447  -0.080000
-446   0.040000
-445   0.010000
-444  -0.025000
-443  -0.030000
-442   0.120000
-441   0.065000
-440   0.025000
-439  -0.110000
-438  -0.005000
-437  -0.020000
-436  -0.090000
-435   0.035000
-434   0.080000
-433  -0.020000
-432  -0.025000
-431   0.060000
-430   0.145000
-429  -0.065000
-428  -0.035000
-427  -0.055000
-426   0.050000
-425  -0.145000
-424  -0.070000
-423  -0.010000
-422  -0.050000
-421  -0.060000
-420  -0.055000
-419   0.050000
-418  -0.080000
-417   0.050000
-416  -0.010000
-415  -0.025000
-414   0.040000
-413   0.070000
-412   0.090000
-411   0.000000
-410   0.055000
-409   0.070000
-408   0.010000
-407   0.050000
-406   0.040000
-405  -0.025000
-404  -0.020000
-403  -0.015000
-402  -0.035000
-401   0.055000
-400  -0.060000
-399  -0.110000
-398  -0.080000
-397  -0.040000
-396  -0.015000
-395  -0.080000
-394   0.000000
-393   0.030000
-392  -0.005000
-391   0.015000
-390  -0.005000
-389  -0.035000
-388   0.005000
-387   0.015000
-386  -0.120000
-385  -0.025000
-384  -0.010000
-383  -0.065000
-382  -0.085000
-381  -0.025000
-380  -0.010000
-379  -0.085000
-378   0.020000
-377   0.105000
-376  -0.055000
-375  -0.015000
-374   0.025000
-373   0.045000
-372   0.045000
-371   0.020000
-370   0.030000
-369   0.045000
-368  -0.035000
-367  -0.050000
-366  -0.005000
-365  -0.020000
-364  -0.020000
-363  -0.005000
-362  -0.025000
-361   0.050000
-360  -0.070000
-359  -0.005000
-358   0.070000
-357   0.090000
-356  -0.070000
-355   0.065000
-354   0.005000
-353   0.005000
-352   0.005000
-351   0.020000
-350   0.040000
-349  -0.025000
-348   0.020000
-347   0.065000
-346  -0.015000
-345  -0.010000
-344   0.025000
-343  -0.010000
-342  -0.065000
-341   0.100000
-340   0.005000
-339   0.015000
-338   0.030000
-337  -0.040000
-336  -0.030000
-335  -0.060000
-334  -0.015000
-333  -0.075000
-332   0.045000
-331  -0.005000
-330   0.040000
-329   0.130000
-328  -0.035000
-327   0.020000
-326   0.020000
-325   0.045000
-324   0.010000
-323  -0.010000
-322  -0.030000
-321  -0.055000
-320  -0.005000
-319   0.050000
-318  -0.085000
-317  -0.125000
-316  -0.010000
-315   0.010000
-314   0.005000
-313   0.000000
-312  -0.015000
-311  -0.005000
-310   0.020000
-309   0.005000
-308  -0.060000
-307   0.005000
-306   0.030000
-305  -0.045000
-304  -0.065000
-303   0.010000
-302   0.040000
-301  -0.050000
-300   0.010000
-299  -0.045000
-298  -0.050000
-297   0.025000
-296   0.000000
-295   0.100000
-294   0.060000
-293   0.030000
-292   0.070000
-291   0.000000
-290  -0.065000
-289  -0.020000
-288  -0.015000
-287   0.070000
-286  -0.035000
-285   0.095000
-284   0.030000
-283  -0.065000
-282  -0.080000
-281   0.055000
-280  -0.060000
-279  -0.060000
-278   0.000000
-277   0.075000
-276  -0.020000
-275  -0.045000
-274  -0.010000
-273   0.035000
-272   0.015000
-271  -0.155000
-270  -0.020000
-269   0.035000
-268  -0.070000
-267  -0.030000
-266   0.020000
-265   0.105000
-264  -0.045000
-263  -0.015000
-262  -0.010000
-261  -0.065000
-260   0.005000
-259  -0.150000
-258  -0.025000
-257   0.005000
-256  -0.015000
-255  -0.055000
-254   0.030000
-253   0.060000
-252  -0.115000
-251  -0.030000
-250   0.090000
-249   0.030000
-248  -0.070000
-247   0.005000
-246   0.015000
-245  -0.050000
-244   0.045000
-243  -0.005000
-242  -0.010000
-241   0.035000
-240  -0.005000
-239   0.085000
-238   0.010000
-237   0.110000
-236  -0.070000
-235   0.095000
-234  -0.025000
-233  -0.045000
-232   0.060000
-231   0.060000
-230  -0.045000
-229  -0.030000
-228   0.035000
-227  -0.010000
-226  -0.025000
-225   0.005000
-224   0.045000
-223   0.000000
-222   0.115000
-221   0.010000
-220   0.015000
-219  -0.010000
-218  -0.045000
-217  -0.075000
-216  -0.015000
-215  -0.000000
-214  -0.020000
-213   0.025000
-212  -0.030000
-211  -0.005000
-210   0.030000
-209  -0.080000
-208  -0.060000
-207  -0.115000
-206   0.125000
-205  -0.010000
-204   0.075000
-203   0.020000
-202  -0.020000
-201  -0.085000
-200   0.125000
-199  -0.015000
-198   0.025000
-197  -0.075000
-196   0.025000
-195  -0.055000
-194   0.150000
-193  -0.100000
-192  -0.035000
-191   0.075000
-190  -0.015000
-189   0.115000
-188   0.040000
-187  -0.030000
-186   0.035000
-185   0.025000
-184  -0.060000
-183  -0.010000
-182   0.005000
-181  -0.010000
-180  -0.055000
-179  -0.010000
-178  -0.090000
-177   0.090000
-176  -0.100000
-175   0.005000
-174   0.040000
-173  -0.100000
-172   0.020000
-171  -0.075000
-170  -0.015000
-169   0.120000
-168   0.030000
-167   0.020000
-166   0.060000
-165   0.030000
-164  -0.020000
-163  -0.055000
-162   0.040000
-161   0.020000
-160   0.010000
-159   0.055000
-158  -0.020000
-157   0.030000
-156  -0.100000
-155   0.005000
-154   0.045000
-153  -0.065000
-152  -0.075000
-151  -0.065000
-150  -0.000000
-149   0.050000
-148  -0.010000
-147   0.080000
-146  -0.020000
-145  -0.000000
-144  -0.035000
-143   0.010000
-142   0.025000
-141   0.035000
-140  -0.010000
-139   0.015000
-138  -0.050000
-137  -0.040000
-136  -0.030000
-135   0.050000
-134   0.025000
-133  -0.025000
-132  -0.050000
-131  -0.040000
-130   0.075000
-129  -0.040000
-128  -0.010000
-127   0.080000
-126   0.000000
-125  -0.010000
-124  -0.060000
-123   0.005000
-122   0.010000
-121  -0.100000
-120  -0.005000
-119  -0.030000
-118  -0.015000
-117   0.030000
-116  -0.020000
-115   0.040000
-114   0.095000
-113  -0.015000
-112   0.060000
-111  -0.010000
-110  -0.035000
-109   0.050000
-108  -0.015000
-107   0.040000
-106  -0.015000
-105  -0.005000
-104   0.045000
-103  -0.040000
-102  -0.010000
-101  -0.075000
-100   0.010000
-99   0.015000
-98   0.010000
-97   0.060000
-96  -0.025000
-95   0.045000
-94  -0.055000
-93   0.020000
-92   0.015000
-91   0.015000
-90  -0.005000
-89  -0.005000
-88   0.020000
-87  -0.020000
-86  -0.080000
-85  -0.010000
-84  -0.020000
-83  -0.010000
-82   0.050000
-81   0.060000
-80   0.075000
-79   0.030000
-78   0.010000
-77   0.045000
-76   0.015000
-75  -0.015000
-74   0.015000
-73   0.005000
-72   0.070000
-71   0.030000
-70  -0.005000
-69   0.060000
-68  -0.005000
-67   0.050000
-66  -0.090000
-65   0.050000
-64   0.035000
-63   0.020000
-62   0.025000
-61   0.020000
-60   0.000000
-59   0.045000
-58  -0.035000
-57  -0.005000
-56   0.115000
-55   0.010000
-54   0.020000
-53   0.040000
-52   0.045000
-51  -0.070000
-50  -0.035000
-49  -0.025000
-48  -0.020000
-47  -0.005000
-46   0.010000
-45  -0.025000
-44   0.000000
-43   0.055000
-42   0.050000
-41  -0.025000
-40  -0.000000
-39  -0.035000
-38   0.030000
-37  -0.090000
-36  -0.025000
-35  -0.025000
-34  -0.005000
-33  -0.025000
-32  -0.010000
-31  -0.085000
-30  -0.070000
-29   0.030000
-28  -0.080000
-27  -0.100000
-26   0.020000
-25  -0.100000
-24  -0.020000
-23  -0.025000
-22  -0.005000
-21   0.005000
-20  -0.010000
-19  -0.015000
-18  -0.010000
-17  -0.035000
-16  -0.010000
-15  -0.030000
-14  -0.030000
-13  -0.110000
-12  -0.010000
-11   0.045000
-10  -0.005000
-9  -0.015000
-8   0.050000
-7  -0.000000
-6   0.065000
-5  -0.050000
-4  -0.000000
-3  -0.055000
-2  -0.085000
-1   0.045000
