0   0.080000
1   0.055000
2   0.070000
3   0.045000
4  -0.060000
5  -0.010000
6   0.020000
7  -0.085000
8   0.020000
9   0.000000
10   0.040000
11  -0.125000
12   0.055000
13  -0.020000
14  -0.025000
15   0.000000
16   0.040000
17   0.150000
18   0.010000
19  -0.140000
20  -0.040000
21  -0.060000
22  -0.015000
23  -0.025000
24  -0.085000
25   0.075000
26   0.045000
27   0.020000
28   0.010000
29   0.090000
30   0.015000
31   0.030000
32   0.065000
33  -0.010000
34  -0.070000
35  -0.010000
36  -0.000000
37  -0.070000
38  -0.095000
39  -0.045000
40  -0.025000
41   0.055000
42  -0.075000
43  -0.050000
44  -0.020000
45  -0.015000
46   0.025000
47   0.035000
48   0.000000
49   0.000000
50  -0.055000
51   0.015000
52   0.070000
53   0.090000
54  -0.015000
55   0.095000
56  -0.045000
57  -0.020000
58   0.005000
59   0.090000
60  -0.115000
61  -0.025000
62   0.050000
63  -0.065000
64   0.010000
65  -0.080000
66   0.075000
67   0.050000
68  -0.120000
69   0.015000
70  -0.080000
71  -0.090000
72  -0.020000
73   0.025000
74   0.025000
75  -0.040000
76   0.045000
77  -0.060000
78  -0.010000
79   0.015000
80  -0.035000
81   0.020000
82   0.000000
83   0.035000
84  -0.015000
85  -0.015000
86   0.020000
87   0.020000
88   0.040000
89  -0.085000
90  -0.010000
91   0.065000
92   0.005000
93   0.000000
94  -0.030000
95  -0.085000
96  -0.035000
97   0.025000
98  -0.005000
99  -0.025000
100   0.025000
101   0.005000
102  -0.015000
103   0.035000
104  -0.030000
105  -0.035000
106  -0.030000
107   0.070000
108  -0.060000
109  -0.070000
110   0.000000
111   0.005000
112   0.075000
113  -0.020000
114   0.010000
115   0.035000
116   0.090000
117  -0.030000
118  -0.030000
119  -0.060000
120  -0.060000
121  -0.005000
122   0.020000
123   0.005000
124   0.005000
125  -0.010000
126   0.025000
127   0.030000
128  -0.065000
129  -0.015000
130  -0.075000
131   0.010000
132   0.020000
133  -0.000000
134   0.055000
135  -0.030000
136   0.065000
137   0.075000
138  -0.010000
139   0.060000
140  -0.060000
141  -0.050000
142  -0.020000
143  -0.065000
144  -0.015000
145  -0.090000
146   0.020000
147  -0.040000
148  -0.020000
149   0.065000
150   0.075000
151   0.055000
152  -0.020000
153   0.045000
154   0.010000
155   0.005000
156  -0.010000
157   0.055000
158   0.045000
159  -0.010000
160  -0.015000
161  -0.025000
162  -0.040000
163   0.085000
164  -0.065000
165  -0.015000
166   0.025000
167   0.020000
168  -0.005000
169  -0.030000
170   0.020000
171  -0.035000
172  -0.050000
173   0.070000
174   0.030000
175  -0.005000
176   0.085000
177   0.025000
178  -0.050000
179   0.055000
180   0.000000
181  -0.055000
182   0.090000
183  -0.100000
184   0.080000
185  -0.025000
186   0.000000
187  -0.050000
188   0.025000
189   0.025000
190  -0.000000
191   0.085000
192  -0.080000
193   0.025000
194  -0.015000
195   0.040000
196  -0.105000
197  -0.100000
198  -0.035000
199  -0.005000
200   0.005000
201   0.020000
202   0.025000
203  -0.035000
204   0.040000
205   0.070000
206  -0.085000
207  -0.015000
208  -0.100000
209   0.040000
210  -0.045000
211   0.040000
212   0.160000
213  -0.100000
214  -0.035000
215  -0.005000
216   0.035000
217  -0.090000
218   0.080000
219  -0.040000
220   0.040000
221   0.010000
222  -0.060000
223  -0.035000
224   0.035000
225  -0.140000
226  -0.035000
227  -0.030000
228  -0.010000
229   0.010000
230  -0.060000
231   0.030000
232   0.035000
233   0.000000
234  -0.130000
235   0.060000
236  -0.060000
237   0.035000
238  -0.070000
239  -0.035000
240   0.020000
241   0.005000
242   0.140000
243  -0.010000
244   0.035000
245  -0.015000
246   0.055000
247   0.045000
248   0.035000
249   0.005000
250  -0.025000
251   0.100000
252   0.045000
253   0.025000
254  -0.040000
255   0.000000
256   0.030000
257   0.035000
258   0.000000
259   0.070000
260  -0.090000
261   0.010000
262  -0.030000
263  -0.040000
264  -0.045000
265  -0.005000
266   0.150000
267  -0.015000
268   0.040000
269   0.030000
270  -0.010000
271   0.050000
272  -0.010000
273   0.045000
274  -0.020000
275  -0.020000
276  -0.005000
277   0.045000
278  -0.045000
279  -0.005000
280  -0.090000
281  -0.080000
282   0.010000
283  -0.060000
284   0.035000
285  -0.075000
286   0.010000
287  -0.015000
288  -0.015000
289   0.035000
290   0.035000
291  -0.055000
292  -0.015000
293   0.050000
294  -0.005000
295  -0.010000
296   0.105000
297  -0.040000
298  -0.040000
299  -0.040000
300   0.045000
301  -0.030000
302   0.025000
303  -0.020000
304  -0.025000
305  -0.015000
306   0.035000
307  -0.015000
308   0.050000
309  -0.000000
310  -0.005000
311  -0.005000
312  -0.085000
313   0.045000
314   0.015000
315   0.050000
316   0.045000
317  -0.005000
318  -0.075000
319   0.005000
320   0.010000
321  -0.040000
322  -0.005000
323  -0.035000
324  -0.060000
325   0.080000
326   0.065000
327  -0.090000
328   0.040000
329   0.005000
330   0.015000
331   0.005000
332  -0.085000
333   0.000000
334  -0.060000
335   0.095000
336  -0.090000
337  -0.035000
338  -0.035000
339   0.035000
340  -0.045000
341   0.065000
342   0.065000
343   0.035000
344  -0.005000
345   0.025000
346  -0.000000
347   0.020000
348  -0.015000
349   0.030000
350  -0.040000
351  -0.080000
352  -0.005000
353  -0.040000
354  -0.090000
355   0.005000
356   0.035000
357   0.065000
358  -0.030000
359   0.065000
360  -0.010000
361   0.075000
362  -0.025000
363  -0.055000
364   0.005000
365  -0.055000
366   0.015000
367  -0.020000
368  -0.030000
369  -0.015000
370  -0.030000
371  -0.030000
372   0.075000
373   0.000000
374  -0.050000
375   0.005000
376   0.095000
377  -0.015000
378  -0.005000
379   0.060000
380   0.020000
381   0.020000
382   0.045000
383   0.010000
384  -0.005000
385   0.015000
386  -0.065000
387   0.035000
388   0.050000
389  -0.050000
390  -0.085000
391   0.010000
392  -0.005000
393   0.015000
394  -0.000000
395  -0.010000
396  -0.035000
397   0.020000
398  -0.020000
399   0.015000
400   0.080000
401  -0.045000
402  -0.075000
403   0.020000
404  -0.070000
405  -0.010000
406  -0.010000
407  -0.030000
408  -0.000000
409  -0.005000
410   0.000000
411  -0.115000
412  -0.105000
413   0.035000
414  -0.010000
415  -0.020000
416   0.075000
417  -0.040000
418   0.055000
419  -0.060000
420  -0.050000
421  -0.035000
422  -0.105000
423  -0.030000
424   0.005000
425  -0.055000
426  -0.025000
427   0.055000
428   0.010000
429   0.045000
430  -0.020000
431   0.020000
432  -0.020000
433   0.015000
434   0.010000
435   0.035000
436  -0.010000
437  -0.040000
438   0.005000
439   0.015000
440  -0.015000
441   0.050000
442  -0.115000
443  -0.015000
444  -0.010000
445  -0.035000
446  -0.010000
447   0.005000
448   0.090000
449  -0.020000
450  -0.080000
451   0.070000
452  -0.045000
453   0.025000
454   0.025000
455  -0.030000
456   0.030000
457   0.035000
458  -0.030000
459   0.055000
460   0.030000
461  -0.000000
462   0.025000
463  -0.075000
464   0.025000
465  -0.030000
466  -0.005000
467   0.000000
468  -0.015000
469  -0.005000
470  -0.025000
471  -0.040000
472  -0.040000
473  -0.110000
474   0.030000
475  -0.000000
476   0.010000
477  -0.055000
478   0.080000
479  -0.025000
480   0.060000
481  -0.010000
482  -0.040000
483  -0.030000
484  -0.020000
485  -0.015000
486   0.080000
487   0.010000
488  -0.035000
489   0.075000
490  -0.045000
491  -0.020000
492   0.110000
493  -0.070000
494   0.060000
495   0.080000
496  -0.025000
497  -0.015000
498  -0.020000
499  -0.000000
500   0.000000
-499  -0.035000
-498  -0.075000
-497  -0.020000
-496   0.070000
-495   0.085000
-494  -0.010000
-493  -0.060000
-492  -0.055000
-491   0.025000
-490   0.035000
-489   0.005000
-488   0.050000
-487  -0.045000
-486  -0.005000
-485  -0.055000
-484   0.005000
-483   0.020000
-482  -0.030000
-481   0.065000
-480   0.060000
-479  -0.005000
-478  -0.000000
-477  -0.025000
-476  -0.050000
-475   0.005000
-474   0.065000
-473  -0.005000
-472   0.030000
-471   0.020000
-470  -0.020000
-469   0.010000
-468  -0.070000
-467   0.030000
-466   0.035000
-465  -0.050000
-464  -0.075000
-463  -0.015000
-462   0.105000
-461  -0.060000
-460  -0.065000
-459  -0.035000
-458  -0.055000
-457   0.005000
-456  -0.045000
-455   0.050000
-454   0.055000
-453  -0.025000
-452  -0.035000
-451  -0.095000
-450  -0.030000
-449  -0.000000
-448  -0.080000
-447  -0.055000
-446  -0.025000
-445  -0.025000
-444   0.015000
-443   0.085000
-442   0.055000
-441  -0.025000
-440  -0.020000
-439   0.050000
-438   0.020000
-437   0.075000
-436  -0.025000
-435   0.010000
-434   0.015000
-433  -0.005000
-432   0.015000
-431   0.015000
-430  -0.075000
-429  -0.050000
-428  -0.000000
-427   0.015000
-426  -0.040000
-425  -0.030000
-424  -0.020000
-423  -0.035000
-422   0.015000
-421  -0.010000
-420   0.050000
-419   0.015000
-418  -0.020000
-417   0.060000
-416  -0.015000
-415   0.045000
-414  -0.055000
-413  -0.010000
-412   0.000000
-411  -0.050000
-410   0.020000
-409   0.055000
-408   0.005000
-407  -0.085000
-406   0.060000
-405  -0.030000
-404   0.060000
-403  -0.015000
-402  -0.035000
-401  -0.035000
-400  -0.025000
-399  -0.015000
-398   0.075000
-397   0.030000
-396  -0.000000
-395  -0.030000
-394   0.005000
-393  -0.005000
-392   0.015000
-391  -0.050000
-390   0.020000
-389  -0.005000
-388  -0.055000
-387   0.005000
-386   0.060000
-385   0.010000
-384  -0.025000
-383   0.020000
-382  -0.110000
-381  -0.010000
-380  -0.005000
-379  -0.115000
-378  -0.020000
-377   0.015000
-376   0.005000
-375   0.070000
-374  -0.135000
-373   0.040000
-372   0.025000
-371  -0.015000
-370  -0.095000
-369  -0.060000
-368  -0.015000
-367  -0.045000
-366  -0.035000
-365   0.050000
-364   0.005000
-363   0.065000
-362  -0.000000
-361   0.030000
-360  -0.035000
-359  -0.040000
-358   0.030000
-357   0.035000
-356  -0.015000
-355  -0.075000
-354   0.035000
-353   0.020000
-352  -0.000000
-351   0.025000
-350   0.090000
-349  -0.055000
-348  -0.005000
-347  -0.090000
-346   0.000000
-345   0.015000
-344  -0.020000
-343  -0.105000
-342   0.085000
-341   0.040000
-340  -0.010000
-339  -0.040000
-338   0.025000
-337   0.040000
-336  -0.005000
-335   0.005000
-334  -0.060000
-333  -0.015000
-332   0.000000
-331   0.025000
-330  -0.015000
-329  -0.045000
-328  -0.065000
-327  -0.005000
-326  -0.010000
-325  -0.030000
-324  -0.085000
-323  -0.075000
-322   0.055000
-321  -0.005000
-320   0.020000
-319  -0.000000
-318   0.090000
-317   0.085000
-316  -0.045000
-315  -0.025000
-314  -0.010000
-313   0.040000
-312   0.000000
-311   0.010000
-310  -0.015000
-309  -0.045000
-308   0.005000
-307   0.000000
-306  -0.020000
-305  -0.030000
-304  -0.015000
-303   0.050000
-302  -0.040000
-301  -0.025000
-300  -0.050000
-299  -0.065000
-298   0.100000
-297   0.055000
-296   0.035000
-295  -0.005000
-294  -0.020000
-293   0.035000
-292  -0.025000
-291   0.000000
-290  -0.020000
-289  -0.015000
-288   0.020000
-287   0.040000
-286  -0.020000
-285  -0.095000
-284  -0.050000
-283  -0.040000
-282   0.020000
-281   0.065000
-280   0.060000
-279  -0.020000
-278   0.045000
-277  -0.030000
-276  -0.015000
-275   0.050000
-274  -0.065000
-273  -0.040000
-272  -0.030000
-271  -0.015000
-270  -0.025000
-269  -0.015000
-268   0.010000
-267  -0.025000
-266   0.005000
-265  -0.015000
-264  -0.010000
-263  -0.040000
-262   0.000000
-261  -0.005000
-260   0.025000
-259   0.060000
-258  -0.010000
-257   0.010000
-256   0.020000
-255  -0.065000
-254  -0.010000
-253   0.015000
-252  -0.065000
-251   0.070000
-250   0.015000
-249   0.040000
-248   0.050000
-247  -0.070000
-246   0.100000
-245  -0.005000
-244  -0.015000
-243  -0.085000
-242  -0.015000
-241  -0.025000
-240  -0.005000
-239   0.030000
-238   0.000000
-237  -0.030000
-236   0.015000
-235  -0.005000
-234  -0.095000
-233   0.010000
-232  -0.050000
-231   0.050000
-230   0.105000
-229   0.045000
-228   0.020000
-227   0.045000
-226   0.030000
-225  -0.020000
-224   0.020000
-223  -0.035000
-222   0.040000
-221  -0.040000
-220   0.000000
-219   0.015000
-218   0.025000
-217   0.035000
-216   0.030000
-215  -0.020000
-214   0.015000
-213  -0.065000
-212  -0.040000
-211  -0.115000
-210  -0.015000
-209   0.030000
-208   0.085000
-207   0.100000
-206  -0.035000
-205  -0.000000
-204  -0.030000
-203  -0.020000
-202  -0.005000
-201  -0.005000
-200  -0.085000
-199  -0.005000
-198  -0.080000
-197  -0.025000
-196   0.075000
-195   0.130000
-194  -0.105000
-193  -0.080000
-192  -0.070000
-191   0.035000
-190   0.070000
-189   0.000000
-188  -0.040000
-187  -0.055000
-186   0.045000
-185  -0.035000
-184  -0.005000
-183  -0.020000
-182  -0.045000
-181   0.005000
-180   0.035000
-179  -0.090000
-178   0.010000
-177  -0.005000
-176   0.040000
-175   0.085000
-174  -0.085000
-173  -0.040000
-172  -0.030000
-171   0.005000
-170   0.060000
-169  -0.060000
-168   0.020000
-167   0.015000
-166  -0.025000
-165   0.040000
-164   0.010000
-163   0.005000
-162   0.085000
-161   0.025000
-160   0.040000
-159  -0.025000
-158  -0.000000
-157  -0.100000
-156   0.040000
-155  -0.015000
-154   0.005000
-153   0.090000
-152  -0.020000
-151   0.080000
-150   0.005000
-149  -0.060000
-148   0.050000
-147   0.015000
-146   0.070000
-145   0.075000
-144   0.005000
-143   0.055000
-142  -0.070000
-141   0.015000
-140  -0.030000
-139  -0.025000
-138  -0.070000
-137   0.085000
-136  -0.055000
-135  -0.090000
-134  -0.065000
-133   0.065000
-132  -0.030000
-131   0.005000
-130  -0.025000
-129   0.015000
-128   0.015000
-127  -0.040000
-126   0.010000
-125   0.115000
-124   0.025000
-123   0.020000
-122  -0.030000
-121  -0.025000
-120   0.070000
-119   0.025000
-118  -0.025000
-117  -0.085000
-116   0.015000
-115   0.010000
-114   0.020000
-113   0.075000
-112  -0.015000
-111   0.000000
-110   0.020000
-109   0.010000
-108   0.035000
-107   0.005000
-106   0.055000
-105   0.010000
-104  -0.050000
-103  -0.030000
-102  -0.015000
-101   0.065000
-100  -0.020000
-99   0.105000
-98   0.030000
-97   0.015000
-96  -0.075000
-95   0.020000
-94   0.060000
-93   0.020000
-92   0.035000
-91  -0.050000
-90  -0.010000
-89  -0.040000
-88   0.050000
-87   0.025000
-86   0.010000
-85   0.000000
-84  -0.045000
-83  -0.015000
-82  -0.035000
-81   0.095000
-80   0.015000
-79   0.025000
-78  -0.020000
-77  -0.025000
-76  -0.025000
-75   0.060000
-74  -0.100000
-73   0.055000
-72   0.010000
-71   0.040000
-70  -0.040000
-69  -0.030000
-68   0.085000
-67  -0.045000
-66  -0.020000
-65   0.045000
-64  -0.060000
-63  -0.000000
-62   0.015000
-61   0.085000
-60   0.025000
-59   0.050000
-58  -0.045000
-57   0.035000
-56   0.015000
-55  -0.065000
-54   0.060000
-53  -0.095000
-52   0.005000
-51   0.020000
-50  -0.115000
-49   0.065000
-48  -0.005000
-47   0.010000
-46  -0.070000
-45  -0.045000
-44  -0.010000
-43  -0.005000
-42  -0.010000
-41  -0.020000
-40   0.010000
-39   0.000000
-38   0.075000
-37   0.050000
-36  -0.015000
-35  -0.045000
-34  -0.035000
-33  -0.055000
-32  -0.060000
-31  -0.015000
-30  -0.070000
-29  -0.010000
-28  -0.060000
-27   0.055000
-26  -0.025000
-25   0.015000
-24  -0.035000
-23   0.075000
-22  -0.030000
-21  -0.035000
-20  -0.035000
-19   0.045000
-18  -0.055000
-17  -0.050000
-16  -0.045000
-15   0.090000
-14   0.055000
-13   0.065000
-12   0.030000
-11  -0.030000
-10   0.030000
-9  -0.010000
-8  -0.090000
-7   0.010000
-6  -0.015000
-5  -0.080000
-4  -0.115000
-3   0.005000
-2  -0.065000
-1   0.025000
