0  -0.055000
1  -0.025000
2  -0.030000
3  -0.010000
4  -0.115000
5  -0.035000
6  -0.040000
7  -0.030000
8   0.070000
9   0.010000
10  -0.035000
11  -0.070000
12  -0.010000
13  -0.000000
14   0.020000
15  -0.015000
16  -0.055000
17  -0.105000
18  -0.020000
19  -0.005000
20   0.055000
21  -0.025000
22  -0.040000
23   0.020000
24   0.055000
25  -0.035000
26   0.010000
27  -0.070000
28   0.085000
29  -0.010000
30   0.065000
31  -0.090000
32  -0.010000
33   0.010000
34  -0.015000
35  -0.015000
36  -0.055000
37  -0.000000
38  -0.025000
39   0.020000
40  -0.010000
41  -0.045000
42  -0.120000
43   0.030000
44   0.075000
45   0.015000
46  -0.000000
47   0.010000
48  -0.005000
49   0.025000
50   0.095000
51   0.005000
52   0.045000
53  -0.020000
54   0.090000
55   0.085000
56  -0.040000
57   0.085000
58   0.020000
59   0.020000
60  -0.060000
61  -0.035000
62   0.030000
63  -0.030000
64  -0.030000
65   0.045000
66   0.050000
67   0.015000
68   0.055000
69   0.030000
70  -0.025000
71   0.040000
72   0.010000
73   0.060000
74  -0.040000
75  -0.030000
76   0.025000
77  -0.010000
78  -0.010000
79   0.040000
80  -0.065000
81  -0.050000
82   0.000000
83   0.020000
84   0.075000
85  -0.015000
86   0.005000
87  -0.010000
88  -0.075000
89  -0.010000
90  -0.010000
91  -0.060000
92  -0.030000
93   0.035000
94  -0.040000
95  -0.010000
96  -0.045000
97  -0.080000
98   0.055000
99   0.050000
100  -0.055000
101  -0.065000
102  -0.000000
103  -0.045000
104  -0.020000
105  -0.040000
106  -0.100000
107  -0.010000
108  -0.035000
109  -0.075000
110  -0.000000
111  -0.015000
112   0.050000
113  -0.070000
114  -0.125000
115  -0.045000
116   0.125000
117   0.010000
118   0.010000
119  -0.040000
120  -0.005000
121   0.040000
122  -0.005000
123   0.060000
124   0.070000
125  -0.070000
126  -0.005000
127   0.015000
128  -0.035000
129   0.045000
130   0.080000
131   0.030000
132   0.010000
133  -0.065000
134   0.040000
135  -0.050000
136  -0.050000
137  -0.080000
138   0.030000
139   0.045000
140  -0.005000
141  -0.115000
142   0.005000
143  -0.010000
144  -0.050000
145  -0.080000
146   0.025000
147   0.020000
148   0.050000
149  -0.050000
150   0.015000
151   0.025000
152   0.120000
153  -0.015000
154   0.000000
155  -0.040000
156  -0.070000
157  -0.040000
158   0.005000
159  -0.060000
160  -0.025000
161   0.035000
162   0.030000
163   0.095000
164  -0.065000
165  -0.015000
166  -0.010000
167  -0.025000
168  -0.010000
169  -0.020000
170  -0.020000
171  -0.010000
172   0.030000
173  -0.035000
174   0.055000
175   0.035000
176  -0.035000
177   0.010000
178   0.010000
179   0.035000
180   0.090000
181  -0.045000
182   0.030000
183   0.070000
184   0.035000
185  -0.025000
186   0.045000
187  -0.000000
188  -0.075000
189  -0.005000
190   0.035000
191   0.015000
192   0.010000
193   0.050000
194   0.010000
195   0.010000
196  -0.075000
197  -0.040000
198  -0.030000
199  -0.070000
200  -0.080000
201   0.015000
202   0.025000
203  -0.030000
204   0.095000
205   0.035000
206  -0.010000
207   0.020000
208   0.010000
209   0.105000
210  -0.140000
211  -0.040000
212  -0.065000
213   0.025000
214   0.050000
215   0.010000
216   0.005000
217  -0.030000
218   0.095000
219  -0.070000
220  -0.005000
221  -0.045000
222   0.135000
223  -0.025000
224  -0.035000
225   0.015000
226  -0.010000
227   0.010000
228   0.080000
229   0.025000
230   0.030000
231   0.000000
232   0.035000
233  -0.030000
234   0.005000
235  -0.045000
236  -0.040000
237   0.005000
238  -0.065000
239  -0.025000
240  -0.020000
241  -0.005000
242   0.120000
243  -0.030000
244   0.020000
245   0.040000
246   0.000000
247  -0.030000
248  -0.050000
249   0.070000
250  -0.010000
251  -0.015000
252  -0.070000
253   0.015000
254   0.025000
255  -0.045000
256   0.005000
257   0.020000
258  -0.035000
259   0.045000
260   0.025000
261   0.060000
262  -0.025000
263  -0.040000
264   0.070000
265   0.010000
266   0.015000
267  -0.005000
268   0.015000
269  -0.060000
270   0.015000
271  -0.015000
272  -0.035000
273  -0.005000
274   0.005000
275   0.060000
276   0.095000
277   0.075000
278   0.085000
279  -0.025000
280   0.035000
281  -0.010000
282   0.025000
283   0.030000
284   0.020000
285  -0.010000
286   0.055000
287  -0.040000
288  -0.050000
289  -0.015000
290  -0.060000
291  -0.055000
292  -0.090000
293  -0.055000
294   0.020000
295   0.055000
296  -0.005000
297   0.030000
298  -0.030000
299   0.030000
300   0.010000
301  -0.030000
302   0.010000
303  -0.030000
304  -0.075000
305   0.030000
306  -0.025000
307   0.055000
308   0.010000
309  -0.040000
310  -0.055000
311   0.005000
312  -0.025000
313  -0.035000
314  -0.080000
315   0.075000
316   0.025000
317   0.040000
318  -0.010000
319   0.045000
320  -0.005000
321   0.010000
322  -0.010000
323  -0.125000
324  -0.020000
325   0.070000
326   0.055000
327   0.080000
328  -0.005000
329   0.030000
330   0.050000
331   0.085000
332   0.010000
333   0.025000
334   0.030000
335   0.025000
336   0.020000
337  -0.070000
338   0.100000
339   0.030000
340   0.020000
341  -0.010000
342   0.070000
343   0.040000
344   0.000000
345  -0.010000
346   0.025000
347  -0.020000
348   0.040000
349  -0.020000
350  -0.025000
351   0.035000
352   0.005000
353   0.005000
354   0.030000
355   0.015000
356   0.065000
357  -0.020000
358   0.030000
359   0.020000
360   0.035000
361   0.025000
362  -0.005000
363  -0.035000
364   0.015000
365  -0.030000
366   0.030000
367  -0.015000
368  -0.010000
369   0.025000
370  -0.070000
371  -0.010000
372  -0.045000
373   0.010000
374  -0.010000
375  -0.015000
376   0.030000
377   0.030000
378  -0.055000
379   0.025000
380   0.040000
381  -0.125000
382  -0.050000
383   0.015000
384  -0.140000
385  -0.030000
386  -0.050000
387   0.055000
388  -0.005000
389  -0.070000
390   0.050000
391   0.005000
392  -0.045000
393  -0.065000
394  -0.025000
395  -0.075000
396  -0.065000
397   0.040000
398   0.020000
399   0.045000
400  -0.035000
401   0.035000
402  -0.010000
403  -0.005000
404   0.010000
405   0.000000
406   0.000000
407   0.030000
408  -0.055000
409  -0.085000
410  -0.055000
411   0.030000
412   0.065000
413   0.020000
414  -0.035000
415   0.090000
416  -0.080000
417  -0.080000
418  -0.030000
419  -0.065000
420  -0.025000
421  -0.065000
422  -0.010000
423  -0.025000
424   0.015000
425   0.000000
426   0.040000
427  -0.045000
428  -0.000000
429   0.100000
430  -0.035000
431   0.025000
432   0.090000
433  -0.010000
434  -0.005000
435  -0.030000
436   0.010000
437   0.005000
438  -0.030000
439  -0.090000
440   0.050000
441  -0.040000
442  -0.015000
443   0.035000
444   0.045000
445   0.020000
446  -0.025000
447  -0.005000
448  -0.040000
449   0.020000
450   0.015000
451  -0.010000
452  -0.020000
453  -0.125000
454  -0.035000
455  -0.040000
456   0.030000
457  -0.075000
458  -0.035000
459   0.030000
460   0.010000
461   0.015000
462   0.035000
463  -0.045000
464   0.010000
465   0.010000
466   0.050000
467  -0.025000
468  -0.055000
469  -0.070000
470  -0.020000
471  -0.055000
472   0.015000
473   0.000000
474   0.125000
475   0.015000
476   0.010000
477   0.005000
478  -0.010000
479  -0.025000
480  -0.020000
481  -0.005000
482   0.090000
483  -0.010000
484   0.030000
485   0.090000
486   0.065000
487   0.075000
488  -0.015000
489  -0.060000
490   0.005000
491  -0.005000
492   0.095000
493   0.080000
494   0.040000
495   0.050000
496   0.040000
497   0.010000
498   0.075000
499   0.060000
500   0.060000
-499  -0.010000
-498  -0.030000
-497  -0.020000
-496  -0.010000
-495  -0.025000
-494   0.085000
-493   0.035000
-492   0.035000
-491  -0.085000
-490  -0.065000
-489  -0.105000
-488   0.025000
-487   0.025000
-486  -0.035000
-485  -0.030000
-484   0.010000
-483   0.045000
-482  -0.015000
-481  -0.095000
-480   0.080000
-479   0.005000
-478  -0.015000
-477  -0.030000
-476   0.015000
-475  -0.025000
-474   0.065000
-473   0.015000
-472   0.025000
-471  -0.025000
-470  -0.010000
-469   0.085000
-468   0.050000
-467   0.030000
-466   0.085000
-465  -0.035000
-464  -0.020000
-463  -0.025000
-462   0.020000
-461   0.055000
-460  -0.030000
-459  -0.050000
-458   0.025000
-457   0.030000
-456   0.025000
-455  -0.005000
-454  -0.005000
-453   0.020000
-452  -0.025000
-451   0.100000
-450  -0.110000
-449   0.005000
-448   0.010000
-447   0.060000
-446   0.005000
-445   0.050000
-444  -0.010000
-443  -0.075000
-442   0.070000
-441   0.040000
-440   0.065000
-439  -0.025000
-438   0.050000
-437   0.030000
-436  -0.040000
-435  -0.070000
-434   0.010000
-433   0.000000
-432  -0.040000
-431   0.050000
-430  -0.010000
-429   0.025000
-428   0.005000
-427  -0.035000
-426  -0.045000
-425   0.040000
-424  -0.035000
-423   0.085000
-422  -0.115000
-421  -0.055000
-420   0.040000
-419  -0.050000
-418   0.060000
-417   0.020000
-416   0.040000
-415   0.070000
-414  -0.045000
-413  -0.045000
-412  -0.070000
-411  -0.025000
-410   0.035000
-409  -0.005000
-408   0.110000
-407  -0.030000
-406   0.125000
-405  -0.015000
-404   0.005000
-403  -0.030000
-402  -0.055000
-401   0.040000
-400  -0.075000
-399   0.115000
-398   0.025000
-397  -0.030000
-396   0.040000
-395  -0.015000
-394  -0.010000
-393  -0.040000
-392  -0.030000
-391   0.030000
-390   0.005000
-389   0.005000
-388   0.005000
-387  -0.070000
-386  -0.025000
-385  -0.075000
-384   0.115000
-383   0.025000
-382  -0.040000
-381  -0.045000
-380  -0.070000
-379   0.080000
-378   0.015000
-377  -0.025000
-376  -0.020000
-375   0.075000
-374  -0.005000
-373   0.015000
-372  -0.050000
-371  -0.040000
-370  -0.005000
-369   0.045000
-368   0.050000
-367   0.115000
-366  -0.040000
-365   0.030000
-364  -0.065000
-363   0.010000
-362   0.000000
-361  -0.015000
-360  -0.015000
-359  -0.125000
-358   0.035000
-357   0.000000
-356  -0.005000
-355  -0.035000
-354  -0.070000
-353  -0.020000
-352  -0.045000
-351  -0.050000
-350  -0.015000
-349  -0.055000
-348  -0.030000
-347   0.030000
-346   0.005000
-345  -0.045000
-344   0.060000
-343   0.025000
-342  -0.045000
-341  -0.140000
-340  -0.065000
-339   0.035000
-338  -0.025000
-337   0.180000
-336  -0.075000
-335   0.010000
-334   0.045000
-333  -0.080000
-332  -0.025000
-331   0.030000
-330   0.040000
-329  -0.005000
-328  -0.075000
-327  -0.045000
-326  -0.020000
-325   0.005000
-324   0.060000
-323  -0.045000
-322   0.050000
-321   0.040000
-320  -0.055000
-319  -0.065000
-318   0.045000
-317  -0.060000
-316  -0.000000
-315  -0.010000
-314   0.065000
-313   0.030000
-312  -0.020000
-311   0.070000
-310   0.015000
-309  -0.025000
-308   0.010000
-307   0.035000
-306   0.030000
-305   0.080000
-304   0.035000
-303   0.035000
-302  -0.055000
-301  -0.020000
-300  -0.115000
-299   0.000000
-298  -0.040000
-297   0.005000
-296   0.035000
-295  -0.030000
-294   0.005000
-293  -0.005000
-292  -0.055000
-291  -0.010000
-290   0.050000
-289   0.075000
-288  -0.010000
-287  -0.005000
-286  -0.060000
-285   0.080000
-284  -0.055000
-283   0.000000
-282   0.005000
-281  -0.150000
-280   0.005000
-279   0.095000
-278   0.055000
-277  -0.015000
-276   0.005000
-275  -0.015000
-274   0.025000
-273  -0.015000
-272  -0.005000
-271  -0.045000
-270  -0.100000
-269   0.005000
-268   0.055000
-267  -0.065000
-266  -0.040000
-265  -0.025000
-264  -0.035000
-263   0.000000
-262  -0.100000
-261   0.035000
-260  -0.060000
-259  -0.075000
-258   0.005000
-257   0.010000
-256   0.160000
-255  -0.010000
-254  -0.025000
-253  -0.050000
-252  -0.025000
-251  -0.020000
-250   0.045000
-249  -0.080000
-248  -0.045000
-247  -0.005000
-246  -0.010000
-245   0.035000
-244   0.030000
-243   0.045000
-242   0.000000
-241  -0.080000
-240  -0.035000
-239   0.010000
-238   0.055000
-237   0.025000
-236  -0.050000
-235   0.040000
-234   0.005000
-233   0.090000
-232  -0.050000
-231  -0.050000
-230   0.110000
-229   0.050000
-228  -0.075000
-227   0.000000
-226  -0.090000
-225  -0.090000
-224  -0.015000
-223   0.100000
-222   0.030000
-221   0.015000
-220  -0.110000
-219  -0.065000
-218  -0.050000
-217   0.010000
-216  -0.050000
-215   0.025000
-214   0.000000
-213  -0.020000
-212   0.025000
-211  -0.025000
-210   0.025000
-209   0.005000
-208  -0.035000
-207   0.040000
-206  -0.005000
-205   0.065000
-204   0.055000
-203  -0.075000
-202   0.020000
-201   0.050000
-200   0.045000
-199   0.020000
-198   0.035000
-197   0.025000
-196   0.020000
-195   0.050000
-194  -0.035000
-193   0.065000
-192   0.065000
-191   0.095000
-190  -0.000000
-189  -0.080000
-188  -0.010000
-187  -0.085000
-186   0.060000
-185  -0.010000
-184  -0.115000
-183  -0.075000
-182   0.110000
-181   0.000000
-180  -0.035000
-179  -0.040000
-178   0.095000
-177   0.025000
-176   0.000000
-175  -0.080000
-174  -0.010000
-173   0.030000
-172   0.050000
-171  -0.035000
-170  -0.055000
-169   0.040000
-168  -0.030000
-167   0.100000
-166  -0.080000
-165  -0.110000
-164  -0.035000
-163   0.040000
-162  -0.035000
-161  -0.010000
-160   0.075000
-159  -0.030000
-158  -0.120000
-157  -0.065000
-156   0.015000
-155   0.060000
-154   0.015000
-153   0.065000
-152   0.020000
-151  -0.025000
-150   0.045000
-149  -0.040000
-148  -0.125000
-147   0.060000
-146  -0.005000
-145   0.035000
-144   0.045000
-143   0.025000
-142  -0.005000
-141  -0.040000
-140   0.070000
-139  -0.025000
-138  -0.025000
-137   0.030000
-136   0.065000
-135  -0.065000
-134  -0.030000
-133  -0.060000
-132   0.005000
-131   0.040000
-130  -0.000000
-129   0.035000
-128  -0.055000
-127  -0.010000
-126  -0.015000
-125   0.005000
-124  -0.025000
-123   0.025000
-122   0.095000
-121   0.085000
-120  -0.030000
-119   0.005000
-118  -0.115000
-117   0.040000
-116   0.065000
-115  -0.005000
-114  -0.005000
-113  -0.025000
-112  -0.085000
-111  -0.110000
-110   0.090000
-109  -0.060000
-108   0.070000
-107   0.105000
-106   0.070000
-105  -0.025000
-104   0.015000
-103  -0.100000
-102   0.040000
-101   0.035000
-100  -0.040000
-99  -0.030000
-98   0.045000
-97   0.030000
-96  -0.105000
-95   0.035000
-94   0.075000
-93  -0.065000
-92   0.020000
-91   0.175000
-90   0.005000
-89  -0.010000
-88   0.000000
-87   0.065000
-86  -0.025000
-85  -0.070000
-84   0.110000
-83  -0.040000
-82   0.060000
-81   0.045000
-80  -0.025000
-79  -0.020000
-78   0.020000
-77   0.055000
-76  -0.040000
-75  -0.070000
-74  -0.070000
-73   0.105000
-72  -0.030000
-71  -0.050000
-70  -0.080000
-69  -0.045000
-68   0.030000
-67   0.055000
-66   0.045000
-65  -0.175000
-64   0.020000
-63  -0.045000
-62   0.035000
-61  -0.010000
-60   0.020000
-59  -0.015000
-58   0.035000
-57   0.020000
-56  -0.035000
-55  -0.095000
-54  -0.055000
-53  -0.060000
-52   0.010000
-51   0.040000
-50  -0.015000
-49   0.110000
-48  -0.110000
-47  -0.015000
-46   0.000000
-45   0.050000
-44  -0.080000
-43   0.030000
-42   0.055000
-41   0.010000
-40   0.045000
-39  -0.065000
-38   0.045000
-37   0.015000
-36   0.045000
-35   0.000000
-34  -0.065000
-33  -0.045000
-32  -0.030000
-31  -0.005000
-30  -0.025000
-29   0.075000
-28  -0.025000
-27   0.030000
-26  -0.080000
-25   0.025000
-24  -0.145000
-23  -0.020000
-22   0.020000
-21   0.010000
-20   0.080000
-19  -0.045000
-18   0.045000
-17   0.095000
-16   0.020000
-15  -0.065000
-14   0.055000
-13  -0.005000
-12   0.135000
-11  -0.010000
-10  -0.040000
-9   0.030000
-8  -0.020000
-7   0.005000
-6  -0.045000
-5   0.055000
-4  -0.035000
-3  -0.075000
-2  -0.010000
-1   0.010000
