0  -0.045000
1  -0.025000
2  -0.055000
3   0.080000
4   0.035000
5  -0.070000
6   0.045000
7  -0.095000
8   0.095000
9   0.055000
10  -0.030000
11   0.105000
12   0.045000
13  -0.065000
14  -0.040000
15  -0.095000
16  -0.145000
17   0.050000
18   0.015000
19   0.000000
20   0.025000
21   0.035000
22  -0.010000
23  -0.000000
24   0.000000
25   0.075000
26   0.075000
27   0.040000
28  -0.040000
29   0.030000
30   0.060000
31  -0.000000
32   0.030000
33  -0.005000
34  -0.025000
35  -0.065000
36   0.040000
37  -0.045000
38  -0.015000
39   0.000000
40  -0.075000
41   0.040000
42   0.025000
43   0.110000
44   0.015000
45  -0.130000
46   0.005000
47   0.040000
48  -0.020000
49   0.060000
50   0.030000
51  -0.000000
52  -0.005000
53  -0.005000
54   0.035000
55  -0.025000
56   0.020000
57   0.030000
58   0.065000
59  -0.015000
60  -0.015000
61  -0.050000
62   0.040000
63   0.035000
64  -0.015000
65   0.035000
66  -0.050000
67   0.075000
68  -0.010000
69  -0.060000
70   0.090000
71   0.040000
72  -0.005000
73   0.005000
74  -0.040000
75   0.040000
76  -0.030000
77  -0.080000
78  -0.010000
79  -0.020000
80  -0.005000
81   0.105000
82  -0.045000
83   0.025000
84   0.055000
85   0.020000
86  -0.000000
87  -0.115000
88  -0.055000
89  -0.015000
90   0.010000
91   0.080000
92  -0.025000
93   0.005000
94  -0.030000
95   0.020000
96  -0.015000
97   0.010000
98   0.040000
99  -0.060000
100   0.050000
101   0.030000
102  -0.000000
103   0.065000
104   0.040000
105   0.020000
106  -0.020000
107  -0.060000
108   0.025000
109   0.035000
110   0.015000
111   0.035000
112   0.020000
113   0.015000
114   0.035000
115  -0.065000
116   0.010000
117   0.055000
118  -0.060000
119  -0.015000
120   0.035000
121   0.025000
122   0.020000
123  -0.015000
124   0.060000
125  -0.030000
126   0.020000
127  -0.000000
128   0.045000
129   0.015000
130   0.090000
131   0.045000
132  -0.070000
133   0.035000
134   0.045000
135   0.000000
136  -0.025000
137   0.035000
138   0.000000
139  -0.080000
140   0.075000
141   0.030000
142   0.115000
143  -0.040000
144   0.020000
145  -0.130000
146  -0.100000
147  -0.105000
148   0.120000
149   0.000000
150   0.065000
151   0.090000
152   0.065000
153  -0.095000
154   0.065000
155   0.030000
156   0.065000
157   0.000000
158  -0.015000
159   0.070000
160  -0.005000
161  -0.090000
162  -0.045000
163   0.030000
164  -0.095000
165  -0.015000
166  -0.025000
167   0.030000
168   0.060000
169   0.055000
170   0.035000
171   0.045000
172   0.155000
173   0.030000
174  -0.025000
175  -0.040000
176   0.025000
177   0.050000
178   0.015000
179  -0.030000
180   0.040000
181  -0.090000
182   0.030000
183   0.060000
184   0.060000
185   0.065000
186   0.040000
187   0.065000
188   0.065000
189  -0.025000
190   0.025000
191  -0.135000
192   0.025000
193  -0.005000
194  -0.010000
195   0.025000
196   0.050000
197   0.060000
198  -0.010000
199   0.025000
200  -0.040000
201   0.035000
202  -0.075000
203  -0.035000
204  -0.090000
205  -0.055000
206   0.050000
207  -0.100000
208  -0.040000
209  -0.125000
210  -0.045000
211  -0.055000
212   0.135000
213   0.000000
214   0.010000
215  -0.015000
216  -0.110000
217  -0.000000
218   0.035000
219   0.025000
220  -0.010000
221  -0.005000
222   0.025000
223   0.075000
224   0.135000
225   0.025000
226  -0.010000
227   0.035000
228   0.020000
229  -0.105000
230   0.040000
231   0.030000
232   0.000000
233   0.010000
234  -0.020000
235   0.010000
236  -0.020000
237  -0.045000
238   0.035000
239   0.070000
240  -0.010000
241  -0.030000
242  -0.010000
243   0.040000
244   0.010000
245   0.035000
246   0.135000
247   0.000000
248   0.005000
249   0.035000
250   0.105000
251  -0.065000
252   0.040000
253   0.025000
254   0.040000
255  -0.115000
256   0.025000
257   0.075000
258   0.040000
259   0.015000
260   0.010000
261   0.010000
262  -0.060000
263   0.080000
264  -0.095000
265  -0.015000
266  -0.025000
267  -0.040000
268   0.065000
269   0.055000
270   0.005000
271   0.015000
272  -0.030000
273   0.055000
274  -0.065000
275  -0.050000
276   0.040000
277   0.085000
278   0.025000
279   0.005000
280   0.010000
281  -0.020000
282   0.005000
283  -0.030000
284  -0.030000
285  -0.050000
286   0.005000
287   0.020000
288   0.120000
289  -0.015000
290   0.005000
291   0.015000
292   0.035000
293  -0.005000
294  -0.035000
295   0.025000
296   0.050000
297   0.070000
298  -0.010000
299   0.000000
300   0.045000
301   0.010000
302   0.050000
303   0.020000
304  -0.080000
305   0.020000
306  -0.020000
307   0.025000
308   0.040000
309  -0.020000
310   0.080000
311   0.090000
312  -0.055000
313  -0.050000
314  -0.020000
315   0.005000
316   0.130000
317  -0.035000
318   0.045000
319  -0.055000
320   0.010000
321  -0.075000
322   0.025000
323  -0.040000
324   0.015000
325   0.050000
326  -0.025000
327  -0.025000
328  -0.005000
329   0.065000
330   0.045000
331   0.070000
332   0.070000
333  -0.020000
334   0.015000
335  -0.010000
336  -0.045000
337   0.060000
338  -0.055000
339  -0.065000
340   0.100000
341  -0.060000
342   0.000000
343   0.035000
344   0.075000
345  -0.005000
346   0.075000
347   0.025000
348   0.040000
349   0.055000
350  -0.020000
351   0.120000
352  -0.070000
353   0.005000
354   0.025000
355   0.075000
356   0.005000
357   0.025000
358  -0.045000
359   0.075000
360   0.090000
361  -0.005000
362  -0.030000
363  -0.030000
364  -0.005000
365   0.035000
366  -0.055000
367   0.115000
368   0.005000
369  -0.045000
370   0.040000
371  -0.055000
372  -0.010000
373   0.055000
374   0.005000
375   0.015000
376   0.010000
377   0.005000
378   0.005000
379  -0.030000
380   0.015000
381  -0.010000
382   0.020000
383   0.045000
384  -0.135000
385  -0.010000
386   0.080000
387   0.060000
388   0.065000
389   0.005000
390  -0.070000
391   0.000000
392  -0.020000
393   0.000000
394  -0.055000
395   0.030000
396  -0.015000
397  -0.030000
398   0.015000
399   0.050000
400  -0.065000
401  -0.040000
402  -0.050000
403   0.025000
404  -0.095000
405  -0.050000
406  -0.055000
407   0.050000
408  -0.020000
409  -0.025000
410   0.025000
411  -0.055000
412   0.040000
413   0.115000
414  -0.005000
415  -0.020000
416  -0.065000
417  -0.040000
418  -0.015000
419   0.030000
420  -0.040000
421  -0.060000
422  -0.025000
423  -0.000000
424   0.030000
425  -0.035000
426  -0.075000
427  -0.045000
428  -0.005000
429   0.040000
430   0.000000
431   0.030000
432  -0.130000
433  -0.005000
434  -0.005000
435   0.050000
436  -0.030000
437   0.110000
438   0.040000
439   0.035000
440  -0.010000
441  -0.040000
442   0.110000
443  -0.055000
444   0.045000
445   0.020000
446   0.000000
447   0.040000
448   0.035000
449   0.045000
450   0.005000
451  -0.050000
452  -0.075000
453   0.005000
454   0.010000
455   0.045000
456   0.150000
457   0.065000
458  -0.015000
459   0.095000
460   0.050000
461   0.015000
462   0.030000
463  -0.030000
464  -0.020000
465  -0.125000
466   0.035000
467  -0.055000
468  -0.050000
469  -0.035000
470   0.010000
471  -0.000000
472   0.050000
473   0.080000
474   0.010000
475  -0.005000
476   0.080000
477   0.045000
478  -0.035000
479  -0.040000
480  -0.010000
481  -0.060000
482   0.020000
483  -0.050000
484  -0.000000
485   0.035000
486   0.045000
487   0.080000
488   0.005000
489  -0.065000
490  -0.070000
491   0.035000
492   0.020000
493   0.000000
494   0.015000
495   0.025000
496  -0.125000
497   0.090000
498  -0.005000
499  -0.050000
500  -0.035000
-499   0.015000
-498   0.020000
-497  -0.115000
-496   0.075000
-495   0.065000
-494  -0.145000
-493   0.050000
-492  -0.030000
-491  -0.050000
-490  -0.030000
-489   0.015000
-488   0.015000
-487   0.030000
-486  -0.025000
-485  -0.015000
-484   0.005000
-483  -0.100000
-482   0.095000
-481  -0.085000
-480  -0.020000
-479   0.035000
-478   0.040000
-477   0.045000
-476   0.030000
-475   0.015000
-474   0.015000
-473   0.010000
-472   0.025000
-471  -0.050000
-470  -0.000000
-469  -0.050000
-468  -0.085000
-467  -0.020000
-466   0.040000
-465  -0.010000
-464  -0.035000
-463   0.035000
-462  -0.040000
-461  -0.040000
-460  -0.085000
-459  -0.020000
-458  -0.015000
-457   0.025000
-456   0.060000
-455  -0.005000
-454  -0.010000
-453   0.010000
-452   0.045000
-451   0.005000
-450   0.045000
-449  -0.025000
-448  -0.010000
-447   0.005000
-446  -0.020000
-445  -0.025000
-444  -0.035000
-443   0.050000
-442  -0.080000
-441   0.000000
-440  -0.110000
-439   0.035000
-438   0.045000
-437  -0.010000
-436   0.005000
-435   0.080000
-434  -0.040000
-433  -0.050000
-432  -0.025000
-431  -0.005000
-430   0.055000
-429   0.015000
-428   0.030000
-427   0.005000
-426  -0.075000
-425  -0.015000
-424   0.015000
-423   0.135000
-422  -0.035000
-421   0.055000
-420   0.025000
-419   0.090000
-418   0.090000
-417   0.040000
-416   0.040000
-415  -0.035000
-414  -0.020000
-413  -0.055000
-412   0.065000
-411  -0.030000
-410  -0.020000
-409  -0.040000
-408   0.045000
-407  -0.035000
-406  -0.005000
-405  -0.065000
-404   0.005000
-403  -0.000000
-402  -0.010000
-401  -0.035000
-400   0.005000
-399   0.020000
-398   0.045000
-397  -0.015000
-396   0.060000
-395  -0.010000
-394  -0.105000
-393   0.005000
-392  -0.065000
-391  -0.045000
-390  -0.055000
-389  -0.040000
-388  -0.040000
-387  -0.040000
-386  -0.025000
-385   0.005000
-384  -0.050000
-383   0.020000
-382  -0.020000
-381  -0.020000
-380  -0.015000
-379   0.010000
-378   0.005000
-377   0.055000
-376   0.030000
-375   0.000000
-374   0.065000
-373   0.045000
-372   0.010000
-371  -0.095000
-370  -0.070000
-369  -0.010000
-368   0.090000
-367   0.055000
-366  -0.045000
-365   0.010000
-364  -0.035000
-363  -0.020000
-362  -0.035000
-361   0.070000
-360   0.015000
-359   0.115000
-358   0.015000
-357  -0.010000
-356   0.035000
-355   0.045000
-354   0.050000
-353  -0.010000
-352   0.025000
-351  -0.025000
-350  -0.065000
-349   0.020000
-348   0.010000
-347   0.045000
-346  -0.015000
-345   0.035000
-344  -0.045000
-343  -0.020000
-342  -0.075000
-341  -0.050000
-340   0.070000
-339  -0.105000
-338  -0.015000
-337  -0.045000
-336   0.035000
-335   0.030000
-334  -0.025000
-333  -0.015000
-332   0.055000
-331   0.105000
-330  -0.015000
-329   0.115000
-328   0.055000
-327  -0.025000
-326   0.055000
-325  -0.055000
-324   0.010000
-323   0.030000
-322  -0.020000
-321  -0.005000
-320  -0.000000
-319   0.045000
-318   0.040000
-317  -0.015000
-316   0.035000
-315   0.005000
-314   0.060000
-313   0.025000
-312  -0.045000
-311   0.000000
-310   0.055000
-309  -0.180000
-308   0.000000
-307  -0.020000
-306   0.035000
-305  -0.055000
-304   0.045000
-303   0.080000
-302  -0.040000
-301   0.020000
-300   0.010000
-299  -0.105000
-298   0.030000
-297   0.040000
-296  -0.015000
-295   0.060000
-294   0.020000
-293  -0.080000
-292   0.010000
-291   0.020000
-290   0.030000
-289  -0.005000
-288  -0.000000
-287  -0.040000
-286   0.040000
-285  -0.140000
-284  -0.055000
-283  -0.010000
-282  -0.090000
-281   0.000000
-280  -0.040000
-279  -0.035000
-278   0.065000
-277   0.025000
-276  -0.055000
-275   0.090000
-274   0.085000
-273   0.060000
-272  -0.090000
-271  -0.050000
-270   0.000000
-269  -0.035000
-268  -0.015000
-267   0.035000
-266  -0.010000
-265  -0.005000
-264   0.020000
-263   0.130000
-262  -0.030000
-261   0.005000
-260  -0.080000
-259   0.000000
-258  -0.055000
-257  -0.005000
-256   0.025000
-255   0.135000
-254   0.060000
-253  -0.050000
-252   0.055000
-251  -0.100000
-250  -0.055000
-249  -0.000000
-248   0.055000
-247  -0.085000
-246   0.050000
-245   0.025000
-244  -0.045000
-243   0.005000
-242  -0.035000
-241   0.035000
-240  -0.030000
-239  -0.005000
-238   0.070000
-237  -0.075000
-236  -0.020000
-235  -0.005000
-234   0.045000
-233  -0.075000
-232   0.010000
-231   0.020000
-230  -0.000000
-229   0.005000
-228   0.105000
-227  -0.055000
-226  -0.070000
-225   0.055000
-224  -0.015000
-223   0.035000
-222  -0.030000
-221  -0.040000
-220   0.010000
-219   0.025000
-218  -0.100000
-217  -0.075000
-216   0.005000
-215   0.075000
-214  -0.045000
-213   0.030000
-212  -0.080000
-211   0.065000
-210  -0.050000
-209   0.120000
-208  -0.020000
-207   0.020000
-206   0.050000
-205  -0.090000
-204   0.015000
-203   0.075000
-202   0.045000
-201   0.030000
-200  -0.085000
-199   0.040000
-198   0.030000
-197  -0.085000
-196   0.000000
-195   0.010000
-194  -0.075000
-193   0.020000
-192   0.020000
-191   0.010000
-190   0.065000
-189   0.015000
-188  -0.040000
-187  -0.010000
-186   0.045000
-185  -0.010000
-184  -0.005000
-183   0.085000
-182   0.065000
-181  -0.010000
-180   0.030000
-179   0.030000
-178  -0.065000
-177  -0.050000
-176  -0.050000
-175   0.020000
-174   0.010000
-173   0.065000
-172   0.020000
-171   0.025000
-170   0.000000
-169  -0.045000
-168   0.015000
-167   0.025000
-166   0.045000
-165   0.020000
-164   0.125000
-163   0.050000
-162  -0.030000
-161  -0.020000
-160   0.020000
-159   0.060000
-158   0.085000
-157   0.110000
-156   0.010000
-155   0.005000
-154  -0.005000
-153   0.070000
-152   0.000000
-151  -0.010000
-150  -0.070000
-149  -0.030000
-148   0.015000
-147   0.050000
-146   0.010000
-145   0.010000
-144   0.065000
-143  -0.010000
-142  -0.005000
-141  -0.045000
-140  -0.010000
-139  -0.015000
-138  -0.015000
-137   0.055000
-136   0.030000
-135  -0.010000
-134   0.020000
-133   0.020000
-132   0.045000
-131   0.060000
-130   0.030000
-129   0.060000
-128  -0.025000
-127   0.030000
-126   0.030000
-125  -0.020000
-124  -0.020000
-123   0.065000
-122  -0.095000
-121   0.030000
-120  -0.020000
-119   0.020000
-118   0.005000
-117   0.020000
-116   0.010000
-115  -0.015000
-114  -0.035000
-113   0.025000
-112   0.010000
-111   0.035000
-110  -0.010000
-109  -0.110000
-108  -0.070000
-107   0.045000
-106  -0.035000
-105   0.060000
-104  -0.115000
-103  -0.005000
-102   0.000000
-101   0.075000
-100  -0.030000
-99   0.015000
-98  -0.025000
-97   0.050000
-96   0.000000
-95  -0.005000
-94  -0.050000
-93   0.005000
-92  -0.035000
-91  -0.000000
-90  -0.090000
-89   0.045000
-88  -0.035000
-87   0.075000
-86  -0.010000
-85  -0.085000
-84   0.045000
-83   0.000000
-82  -0.055000
-81  -0.005000
-80  -0.085000
-79  -0.080000
-78  -0.065000
-77   0.070000
-76  -0.150000
-75  -0.055000
-74   0.005000
-73  -0.010000
-72  -0.045000
-71   0.020000
-70   0.010000
-69   0.050000
-68  -0.025000
-67   0.005000
-66   0.025000
-65  -0.000000
-64  -0.040000
-63   0.020000
-62  -0.035000
-61  -0.025000
-60   0.040000
-59   0.080000
-58  -0.015000
-57  -0.015000
-56  -0.040000
-55   0.015000
-54   0.005000
-53   0.015000
-52   0.005000
-51  -0.070000
-50  -0.045000
-49   0.050000
-48  -0.010000
-47  -0.025000
-46  -0.030000
-45  -0.060000
-44   0.040000
-43  -0.050000
-42  -0.085000
-41   0.030000
-40  -0.035000
-39  -0.025000
-38  -0.050000
-37  -0.075000
-36   0.080000
-35  -0.050000
-34  -0.075000
-33   0.015000
-32  -0.020000
-31  -0.000000
-30  -0.060000
-29  -0.025000
-28   0.030000
-27  -0.020000
-26  -0.015000
-25  -0.015000
-24   0.170000
-23   0.020000
-22  -0.005000
-21  -0.015000
-20   0.005000
-19   0.050000
-18  -0.030000
-17   0.015000
-16  -0.005000
-15   0.010000
-14   0.075000
-13   0.035000
-12   0.040000
-11   0.125000
-10   0.015000
-9   0.035000
-8  -0.080000
-7  -0.065000
-6   0.020000
-5  -0.025000
-4  -0.050000
-3  -0.065000
-2  -0.005000
-1  -0.005000
