0  -0.015000
1  -0.005000
2   0.065000
3  -0.030000
4   0.050000
5   0.010000
6   0.010000
7   0.080000
8  -0.025000
9   0.045000
10   0.040000
11  -0.030000
12  -0.100000
13   0.045000
14   0.085000
15  -0.050000
16  -0.025000
17  -0.040000
18   0.035000
19  -0.020000
20   0.025000
21   0.005000
22  -0.115000
23   0.060000
24  -0.015000
25   0.070000
26  -0.075000
27  -0.005000
28  -0.005000
29   0.075000
30   0.015000
31  -0.085000
32  -0.015000
33  -0.055000
34   0.060000
35  -0.080000
36  -0.010000
37   0.030000
38  -0.025000
39  -0.115000
40   0.035000
41  -0.025000
42   0.035000
43  -0.065000
44   0.030000
45  -0.025000
46   0.020000
47  -0.035000
48   0.020000
49   0.055000
50  -0.120000
51   0.045000
52  -0.030000
53  -0.020000
54  -0.015000
55   0.065000
56  -0.045000
57  -0.050000
58   0.030000
59  -0.040000
60   0.045000
61  -0.020000
62  -0.035000
63   0.015000
64   0.020000
65   0.025000
66  -0.070000
67  -0.005000
68   0.010000
69   0.060000
70  -0.025000
71  -0.040000
72  -0.070000
73   0.120000
74  -0.010000
75   0.060000
76  -0.030000
77  -0.115000
78  -0.065000
79  -0.100000
80  -0.030000
81  -0.010000
82   0.040000
83  -0.065000
84   0.020000
85   0.025000
86  -0.000000
87   0.060000
88  -0.040000
89  -0.020000
90   0.040000
91   0.075000
92  -0.060000
93  -0.005000
94  -0.045000
95   0.035000
96   0.005000
97  -0.005000
98   0.055000
99   0.100000
100  -0.030000
101  -0.020000
102   0.010000
103  -0.095000
104   0.025000
105  -0.035000
106   0.045000
107   0.015000
108  -0.020000
109   0.030000
110  -0.035000
111   0.040000
112  -0.040000
113  -0.030000
114  -0.070000
115  -0.090000
116   0.045000
117   0.115000
118  -0.055000
119  -0.015000
120  -0.020000
121   0.020000
122   0.050000
123  -0.015000
124  -0.065000
125  -0.090000
126  -0.005000
127  -0.050000
128   0.050000
129   0.030000
130   0.025000
131   0.010000
132   0.025000
133   0.035000
134   0.115000
135   0.045000
136  -0.025000
137   0.015000
138  -0.005000
139  -0.015000
140   0.015000
141  -0.025000
142   0.045000
143  -0.005000
144   0.000000
145  -0.040000
146  -0.025000
147   0.070000
148  -0.065000
149   0.055000
150   0.055000
151  -0.020000
152  -0.120000
153  -0.030000
154   0.000000
155  -0.050000
156   0.020000
157   0.010000
158   0.010000
159  -0.040000
160   0.070000
161  -0.050000
162  -0.010000
163  -0.010000
164  -0.005000
165   0.065000
166   0.070000
167  -0.125000
168  -0.015000
169  -0.015000
170   0.015000
171   0.060000
172   0.065000
173   0.015000
174  -0.135000
175  -0.050000
176  -0.020000
177  -0.050000
178   0.080000
179   0.020000
180   0.025000
181   0.075000
182   0.105000
183   0.105000
184  -0.025000
185   0.070000
186  -0.015000
187   0.040000
188   0.070000
189  -0.060000
190   0.060000
191  -0.005000
192  -0.075000
193   0.010000
194  -0.025000
195  -0.045000
196   0.070000
197   0.000000
198  -0.025000
199  -0.005000
200  -0.050000
201   0.020000
202  -0.045000
203   0.075000
204  -0.015000
205  -0.015000
206  -0.020000
207   0.035000
208   0.005000
209   0.055000
210  -0.010000
211  -0.050000
212   0.050000
213   0.005000
214  -0.060000
215   0.025000
216   0.065000
217  -0.060000
218   0.010000
219   0.030000
220  -0.035000
221  -0.105000
222   0.035000
223   0.035000
224  -0.075000
225   0.030000
226   0.025000
227   0.020000
228  -0.040000
229   0.015000
230   0.065000
231   0.005000
232  -0.035000
233   0.115000
234  -0.025000
235  -0.005000
236   0.020000
237   0.040000
238  -0.015000
239  -0.005000
240   0.010000
241  -0.010000
242   0.020000
243   0.000000
244  -0.005000
245  -0.035000
246  -0.025000
247  -0.010000
248  -0.060000
249  -0.035000
250   0.070000
251  -0.055000
252   0.080000
253   0.000000
254  -0.085000
255  -0.045000
256  -0.045000
257  -0.060000
258   0.030000
259  -0.000000
260   0.040000
261  -0.025000
262  -0.030000
263   0.040000
264  -0.030000
265  -0.010000
266  -0.015000
267   0.025000
268   0.055000
269  -0.030000
270   0.005000
271  -0.070000
272   0.005000
273  -0.040000
274   0.000000
275  -0.075000
276  -0.025000
277   0.040000
278  -0.040000
279  -0.005000
280  -0.100000
281   0.085000
282  -0.040000
283  -0.015000
284   0.000000
285  -0.030000
286  -0.040000
287  -0.060000
288  -0.020000
289  -0.120000
290  -0.030000
291   0.095000
292  -0.000000
293  -0.060000
294  -0.065000
295   0.075000
296  -0.090000
297   0.030000
298   0.015000
299  -0.020000
300   0.035000
301   0.010000
302   0.020000
303   0.005000
304   0.025000
305   0.050000
306   0.030000
307  -0.030000
308  -0.080000
309  -0.065000
310  -0.060000
311   0.025000
312   0.030000
313   0.005000
314  -0.130000
315   0.065000
316  -0.050000
317   0.005000
318   0.005000
319   0.000000
320  -0.065000
321   0.010000
322  -0.020000
323   0.055000
324  -0.000000
325   0.005000
326  -0.010000
327   0.005000
328  -0.035000
329   0.100000
330  -0.025000
331  -0.060000
332   0.060000
333   0.050000
334  -0.010000
335   0.005000
336   0.020000
337  -0.010000
338   0.010000
339  -0.015000
340  -0.005000
341   0.050000
342  -0.005000
343  -0.080000
344   0.035000
345   0.025000
346   0.010000
347   0.020000
348  -0.015000
349  -0.025000
350   0.030000
351  -0.020000
352  -0.045000
353   0.005000
354  -0.065000
355  -0.030000
356   0.045000
357  -0.020000
358   0.020000
359   0.020000
360   0.005000
361   0.095000
362   0.000000
363   0.015000
364  -0.090000
365  -0.010000
366  -0.025000
367   0.065000
368  -0.010000
369   0.035000
370  -0.005000
371  -0.050000
372   0.010000
373  -0.080000
374   0.035000
375  -0.030000
376  -0.080000
377  -0.065000
378   0.090000
379  -0.005000
380  -0.045000
381   0.015000
382  -0.030000
383   0.045000
384   0.060000
385   0.040000
386   0.005000
387   0.005000
388  -0.055000
389  -0.000000
390   0.070000
391   0.010000
392  -0.040000
393  -0.040000
394  -0.070000
395   0.005000
396  -0.080000
397   0.015000
398  -0.040000
399   0.085000
400   0.075000
401  -0.015000
402  -0.010000
403  -0.025000
404  -0.050000
405   0.030000
406   0.060000
407  -0.030000
408   0.005000
409  -0.055000
410   0.020000
411   0.060000
412   0.020000
413   0.040000
414  -0.045000
415  -0.045000
416  -0.100000
417   0.035000
418  -0.035000
419  -0.035000
420  -0.020000
421   0.045000
422  -0.035000
423  -0.130000
424   0.085000
425   0.155000
426  -0.015000
427  -0.005000
428   0.045000
429   0.005000
430  -0.035000
431   0.010000
432  -0.030000
433   0.020000
434  -0.060000
435  -0.035000
436  -0.000000
437  -0.020000
438   0.110000
439  -0.010000
440  -0.005000
441  -0.015000
442  -0.015000
443   0.090000
444   0.025000
445  -0.015000
446  -0.060000
447  -0.020000
448  -0.030000
449  -0.055000
450   0.065000
451  -0.025000
452   0.015000
453   0.015000
454   0.050000
455  -0.055000
456  -0.015000
457   0.035000
458  -0.070000
459   0.075000
460   0.040000
461  -0.000000
462   0.050000
463   0.035000
464  -0.050000
465  -0.115000
466  -0.005000
467   0.020000
468   0.005000
469   0.030000
470  -0.005000
471   0.055000
472   0.010000
473   0.000000
474   0.020000
475  -0.010000
476  -0.060000
477   0.005000
478   0.020000
479  -0.035000
480  -0.095000
481   0.100000
482   0.000000
483   0.065000
484   0.005000
485  -0.030000
486  -0.050000
487   0.060000
488  -0.040000
489  -0.045000
490   0.045000
491  -0.010000
492  -0.010000
493   0.055000
494   0.060000
495  -0.035000
496   0.025000
497   0.040000
498  -0.070000
499   0.020000
500  -0.110000
-499  -0.050000
-498   0.010000
-497  -0.030000
-496  -0.100000
-495  -0.065000
-494   0.035000
-493   0.090000
-492  -0.035000
-491   0.000000
-490  -0.090000
-489  -0.020000
-488  -0.030000
-487   0.030000
-486   0.030000
-485  -0.040000
-484   0.070000
-483   0.085000
-482  -0.050000
-481   0.030000
-480   0.070000
-479   0.035000
-478  -0.010000
-477   0.080000
-476   0.080000
-475  -0.075000
-474   0.100000
-473  -0.010000
-472   0.105000
-471  -0.010000
-470   0.065000
-469  -0.055000
-468  -0.060000
-467  -0.075000
-466  -0.030000
-465   0.015000
-464   0.125000
-463   0.055000
-462   0.035000
-461  -0.005000
-460  -0.060000
-459   0.045000
-458  -0.015000
-457   0.030000
-456   0.040000
-455   0.020000
-454  -0.055000
-453   0.065000
-452   0.060000
-451  -0.015000
-450  -0.040000
-449  -0.045000
-448   0.000000
-447  -0.020000
-446  -0.065000
-445   0.080000
-444   0.020000
-443  -0.065000
-442  -0.065000
-441   0.045000
-440  -0.010000
-439   0.120000
-438  -0.020000
-437  -0.005000
-436   0.000000
-435   0.010000
-434  -0.090000
-433   0.030000
-432   0.010000
-431  -0.030000
-430   0.015000
-429   0.060000
-428  -0.070000
-427  -0.035000
-426  -0.010000
-425  -0.030000
-424   0.000000
-423   0.085000
-422   0.030000
-421  -0.070000
-420   0.005000
-419  -0.075000
-418  -0.115000
-417   0.015000
-416  -0.025000
-415   0.015000
-414  -0.040000
-413  -0.025000
-412  -0.085000
-411   0.070000
-410  -0.015000
-409  -0.030000
-408   0.025000
-407   0.105000
-406  -0.025000
-405   0.030000
-404   0.060000
-403   0.095000
-402   0.110000
-401  -0.065000
-400  -0.035000
-399   0.050000
-398  -0.010000
-397   0.000000
-396   0.020000
-395  -0.010000
-394   0.035000
-393  -0.070000
-392   0.000000
-391  -0.005000
-390   0.010000
-389  -0.020000
-388   0.055000
-387   0.075000
-386  -0.065000
-385   0.035000
-384   0.000000
-383  -0.040000
-382   0.075000
-381  -0.085000
-380  -0.060000
-379   0.065000
-378  -0.055000
-377  -0.020000
-376  -0.050000
-375   0.005000
-374  -0.035000
-373  -0.045000
-372   0.025000
-371   0.000000
-370  -0.035000
-369  -0.085000
-368   0.030000
-367   0.045000
-366  -0.065000
-365   0.005000
-364  -0.055000
-363  -0.020000
-362  -0.015000
-361  -0.025000
-360   0.025000
-359  -0.040000
-358   0.090000
-357  -0.030000
-356   0.005000
-355  -0.005000
-354  -0.070000
-353   0.015000
-352   0.005000
-351   0.025000
-350  -0.025000
-349  -0.065000
-348  -0.070000
-347  -0.055000
-346   0.040000
-345  -0.040000
-344   0.020000
-343   0.060000
-342  -0.040000
-341  -0.075000
-340   0.010000
-339  -0.085000
-338  -0.020000
-337  -0.005000
-336  -0.035000
-335  -0.065000
-334  -0.110000
-333  -0.070000
-332  -0.015000
-331  -0.020000
-330  -0.080000
-329   0.005000
-328  -0.035000
-327  -0.020000
-326   0.005000
-325  -0.015000
-324   0.085000
-323   0.035000
-322   0.080000
-321  -0.000000
-320   0.060000
-319  -0.050000
-318   0.090000
-317   0.055000
-316  -0.015000
-315   0.050000
-314   0.010000
-313   0.035000
-312   0.030000
-311   0.000000
-310   0.045000
-309   0.040000
-308   0.010000
-307  -0.015000
-306   0.020000
-305  -0.045000
-304  -0.050000
-303   0.000000
-302   0.075000
-301  -0.015000
-300   0.055000
-299   0.015000
-298   0.005000
-297   0.020000
-296   0.070000
-295  -0.040000
-294  -0.050000
-293   0.010000
-292  -0.075000
-291   0.085000
-290  -0.015000
-289   0.020000
-288   0.050000
-287   0.025000
-286   0.045000
-285   0.000000
-284  -0.045000
-283   0.115000
-282   0.100000
-281  -0.015000
-280  -0.040000
-279   0.050000
-278   0.005000
-277   0.040000
-276   0.025000
-275  -0.000000
-274  -0.085000
-273   0.055000
-272  -0.090000
-271  -0.115000
-270   0.000000
-269   0.030000
-268   0.065000
-267   0.030000
-266   0.085000
-265  -0.045000
-264  -0.050000
-263  -0.045000
-262  -0.025000
-261  -0.030000
-260  -0.020000
-259  -0.015000
-258   0.030000
-257  -0.005000
-256  -0.000000
-255   0.005000
-254   0.015000
-253   0.005000
-252   0.075000
-251  -0.090000
-250  -0.065000
-249  -0.010000
-248   0.020000
-247   0.035000
-246   0.005000
-245   0.025000
-244   0.005000
-243  -0.010000
-242   0.090000
-241  -0.040000
-240  -0.055000
-239   0.030000
-238   0.035000
-237   0.035000
-236   0.015000
-235  -0.030000
-234   0.030000
-233   0.045000
-232   0.045000
-231   0.035000
-230  -0.105000
-229  -0.005000
-228   0.050000
-227   0.120000
-226   0.020000
-225   0.020000
-224  -0.015000
-223  -0.040000
-222  -0.040000
-221   0.030000
-220   0.075000
-219   0.055000
-218   0.030000
-217   0.060000
-216   0.055000
-215   0.015000
-214   0.000000
-213  -0.045000
-212  -0.015000
-211  -0.000000
-210  -0.030000
-209  -0.010000
-208   0.035000
-207  -0.085000
-206  -0.045000
-205  -0.080000
-204   0.045000
-203   0.120000
-202  -0.065000
-201   0.035000
-200   0.045000
-199   0.060000
-198  -0.090000
-197   0.045000
-196  -0.045000
-195   0.015000
-194  -0.010000
-193   0.005000
-192  -0.010000
-191  -0.015000
-190   0.025000
-189  -0.100000
-188   0.025000
-187  -0.020000
-186  -0.005000
-185  -0.090000
-184   0.025000
-183   0.045000
-182   0.045000
-181  -0.030000
-180  -0.010000
-179  -0.025000
-178   0.005000
-177   0.025000
-176   0.060000
-175   0.035000
-174  -0.020000
-173   0.075000
-172  -0.165000
-171   0.045000
-170   0.005000
-169  -0.025000
-168  -0.025000
-167   0.060000
-166  -0.010000
-165  -0.000000
-164   0.025000
-163  -0.010000
-162   0.100000
-161  -0.005000
-160  -0.025000
-159   0.065000
-158   0.000000
-157   0.045000
-156   0.060000
-155  -0.030000
-154  -0.020000
-153  -0.025000
-152  -0.105000
-151   0.045000
-150   0.080000
-149  -0.020000
-148  -0.070000
-147  -0.025000
-146   0.070000
-145   0.020000
-144  -0.055000
-143   0.085000
-142  -0.055000
-141   0.035000
-140   0.010000
-139   0.065000
-138   0.045000
-137   0.000000
-136   0.005000
-135   0.110000
-134  -0.065000
-133  -0.080000
-132  -0.090000
-131  -0.015000
-130  -0.070000
-129  -0.050000
-128   0.040000
-127   0.005000
-126   0.075000
-125  -0.040000
-124   0.045000
-123  -0.080000
-122  -0.025000
-121   0.005000
-120  -0.045000
-119   0.050000
-118  -0.110000
-117   0.085000
-116   0.005000
-115   0.035000
-114  -0.005000
-113   0.060000
-112  -0.015000
-111   0.015000
-110  -0.005000
-109  -0.055000
-108  -0.010000
-107  -0.095000
-106   0.045000
-105   0.060000
-104   0.010000
-103  -0.060000
-102  -0.060000
-101   0.010000
-100  -0.030000
-99  -0.060000
-98   0.050000
-97   0.035000
-96  -0.025000
-95   0.035000
-94  -0.065000
-93  -0.025000
-92   0.010000
-91   0.035000
-90  -0.075000
-89   0.110000
-88  -0.080000
-87   0.000000
-86   0.010000
-85   0.005000
-84  -0.010000
-83  -0.100000
-82  -0.005000
-81  -0.040000
-80   0.025000
-79   0.060000
-78  -0.005000
-77   0.020000
-76  -0.020000
-75   0.005000
-74   0.055000
-73   0.025000
-72   0.025000
-71  -0.085000
-70   0.015000
-69   0.045000
-68  -0.135000
-67   0.015000
-66  -0.035000
-65  -0.005000
-64  -0.065000
-63  -0.065000
-62  -0.030000
-61  -0.050000
-60   0.030000
-59  -0.050000
-58  -0.125000
-57  -0.005000
-56   0.015000
-55  -0.055000
-54   0.045000
-53  -0.055000
-52   0.045000
-51   0.025000
-50  -0.110000
-49  -0.085000
-48   0.105000
-47  -0.015000
-46  -0.010000
-45   0.160000
-44   0.010000
-43  -0.050000
-42  -0.035000
-41   0.040000
-40   0.020000
-39  -0.040000
-38  -0.045000
-37  -0.095000
-36  -0.035000
-35  -0.005000
-34   0.015000
-33  -0.010000
-32  -0.060000
-31   0.040000
-30  -0.035000
-29  -0.015000
-28   0.025000
-27  -0.085000
-26   0.020000
-25   0.100000
-24  -0.020000
-23   0.015000
-22  -0.020000
-21  -0.005000
-20  -0.010000
-19   0.010000
-18  -0.015000
-17  -0.020000
-16  -0.025000
-15   0.005000
-14   0.075000
-13   0.010000
-12  -0.065000
-11  -0.050000
-10  -0.040000
-9   0.025000
-8   0.010000
-7   0.030000
-6   0.035000
-5  -0.010000
-4   0.000000
-3   0.065000
-2  -0.045000
-1   0.040000
