0   0.080000
1   0.055000
2  -0.050000
3  -0.035000
4   0.055000
5   0.050000
6   0.080000
7  -0.105000
8  -0.055000
9   0.065000
10  -0.080000
11  -0.030000
12  -0.050000
13   0.050000
14   0.070000
15   0.030000
16   0.065000
17   0.050000
18   0.045000
19   0.010000
20  -0.085000
21  -0.060000
22  -0.020000
23  -0.050000
24  -0.005000
25   0.095000
26  -0.035000
27   0.010000
28  -0.010000
29  -0.045000
30   0.080000
31  -0.015000
32   0.015000
33  -0.055000
34  -0.030000
35   0.070000
36   0.050000
37  -0.025000
38  -0.080000
39  -0.100000
40  -0.015000
41   0.040000
42   0.015000
43  -0.015000
44   0.065000
45  -0.040000
46  -0.015000
47   0.065000
48   0.020000
49   0.010000
50  -0.025000
51  -0.075000
52  -0.050000
53   0.025000
54   0.005000
55   0.030000
56   0.035000
57  -0.040000
58   0.045000
59  -0.025000
60   0.100000
61   0.015000
62  -0.025000
63   0.010000
64  -0.020000
65   0.020000
66  -0.020000
67  -0.025000
68   0.010000
69   0.090000
70   0.090000
71   0.020000
72   0.085000
73  -0.030000
74  -0.115000
75  -0.015000
76  -0.075000
77   0.025000
78  -0.020000
79   0.065000
80  -0.035000
81  -0.015000
82   0.040000
83  -0.010000
84  -0.040000
85   0.080000
86  -0.010000
87  -0.050000
88   0.055000
89  -0.025000
90  -0.045000
91   0.070000
92  -0.025000
93  -0.040000
94   0.045000
95  -0.050000
96   0.035000
97   0.020000
98  -0.025000
99  -0.025000
100   0.005000
101   0.065000
102  -0.035000
103   0.040000
104   0.020000
105   0.050000
106   0.005000
107  -0.035000
108  -0.080000
109   0.030000
110   0.080000
111   0.050000
112   0.030000
113   0.080000
114   0.020000
115  -0.090000
116  -0.005000
117   0.015000
118  -0.005000
119   0.090000
120   0.060000
121   0.045000
122  -0.095000
123   0.025000
124  -0.115000
125   0.010000
126   0.040000
127   0.120000
128   0.035000
129  -0.025000
130  -0.020000
131   0.030000
132   0.015000
133  -0.030000
134  -0.035000
135  -0.020000
136  -0.040000
137   0.015000
138   0.040000
139   0.025000
140   0.050000
141   0.010000
142  -0.005000
143   0.005000
144  -0.030000
145   0.090000
146  -0.055000
147  -0.015000
148  -0.045000
149  -0.035000
150  -0.035000
151  -0.035000
152   0.015000
153  -0.005000
154  -0.040000
155   0.035000
156   0.030000
157  -0.015000
158  -0.000000
159   0.015000
160   0.145000
161  -0.025000
162   0.000000
163  -0.000000
164  -0.040000
165   0.015000
166   0.035000
167  -0.035000
168  -0.055000
169   0.025000
170  -0.055000
171   0.030000
172  -0.045000
173  -0.025000
174   0.005000
175   0.045000
176  -0.055000
177   0.045000
178   0.015000
179  -0.025000
180  -0.040000
181   0.030000
182  -0.005000
183   0.005000
184   0.015000
185  -0.070000
186   0.035000
187   0.055000
188   0.030000
189   0.090000
190  -0.105000
191   0.010000
192  -0.020000
193  -0.035000
194   0.020000
195   0.055000
196   0.045000
197  -0.030000
198  -0.035000
199   0.035000
200   0.040000
201   0.020000
202  -0.025000
203   0.010000
204  -0.005000
205  -0.040000
206  -0.030000
207  -0.020000
208  -0.015000
209   0.000000
210  -0.010000
211  -0.020000
212  -0.060000
213  -0.045000
214   0.065000
215   0.075000
216   0.040000
217   0.020000
218  -0.025000
219   0.025000
220  -0.015000
221   0.030000
222  -0.005000
223   0.070000
224  -0.030000
225   0.045000
226  -0.060000
227  -0.030000
228  -0.040000
229  -0.040000
230   0.115000
231   0.070000
232   0.040000
233   0.080000
234  -0.120000
235   0.005000
236  -0.010000
237   0.005000
238   0.080000
239  -0.085000
240  -0.025000
241  -0.065000
242   0.080000
243   0.015000
244   0.010000
245   0.045000
246  -0.035000
247  -0.050000
248  -0.090000
249   0.090000
250  -0.030000
251   0.065000
252   0.065000
253  -0.100000
254  -0.010000
255  -0.115000
256   0.030000
257  -0.015000
258   0.065000
259  -0.075000
260   0.045000
261   0.005000
262   0.040000
263  -0.025000
264  -0.110000
265  -0.045000
266   0.035000
267   0.085000
268   0.030000
269   0.020000
270  -0.060000
271  -0.035000
272  -0.065000
273   0.050000
274  -0.095000
275   0.005000
276  -0.020000
277  -0.020000
278  -0.050000
279  -0.080000
280   0.000000
281  -0.005000
282  -0.015000
283   0.015000
284   0.075000
285  -0.035000
286   0.010000
287   0.055000
288   0.005000
289   0.010000
290   0.050000
291   0.010000
292  -0.035000
293  -0.035000
294   0.025000
295   0.020000
296   0.075000
297   0.015000
298  -0.000000
299   0.060000
300  -0.075000
301   0.030000
302  -0.000000
303  -0.065000
304  -0.015000
305  -0.035000
306  -0.000000
307  -0.065000
308  -0.080000
309   0.020000
310   0.030000
311   0.065000
312   0.000000
313   0.000000
314  -0.025000
315   0.030000
316   0.045000
317  -0.030000
318  -0.005000
319   0.015000
320   0.040000
321  -0.010000
322  -0.020000
323   0.035000
324  -0.085000
325   0.030000
326   0.005000
327  -0.035000
328  -0.015000
329   0.030000
330  -0.135000
331  -0.015000
332   0.015000
333  -0.005000
334  -0.045000
335  -0.055000
336   0.040000
337  -0.060000
338   0.040000
339  -0.030000
340   0.120000
341  -0.025000
342   0.140000
343  -0.005000
344  -0.065000
345  -0.030000
346   0.010000
347  -0.040000
348   0.030000
349   0.080000
350  -0.055000
351  -0.000000
352   0.010000
353  -0.025000
354  -0.030000
355  -0.020000
356   0.035000
357   0.055000
358  -0.025000
359  -0.045000
360  -0.020000
361   0.060000
362   0.040000
363   0.015000
364  -0.015000
365   0.080000
366   0.065000
367  -0.020000
368   0.030000
369  -0.060000
370  -0.040000
371  -0.005000
372   0.015000
373  -0.085000
374   0.030000
375   0.040000
376  -0.040000
377  -0.160000
378   0.035000
379   0.015000
380   0.035000
381   0.030000
382   0.020000
383   0.010000
384  -0.050000
385   0.010000
386  -0.015000
387  -0.040000
388  -0.030000
389  -0.035000
390  -0.020000
391   0.025000
392   0.020000
393   0.035000
394  -0.090000
395  -0.065000
396  -0.050000
397   0.040000
398  -0.005000
399   0.005000
400   0.080000
401   0.030000
402   0.035000
403   0.020000
404   0.045000
405   0.020000
406   0.005000
407  -0.065000
408  -0.080000
409  -0.030000
410   0.020000
411   0.080000
412  -0.075000
413  -0.090000
414   0.015000
415  -0.040000
416  -0.015000
417  -0.090000
418  -0.115000
419  -0.005000
420  -0.020000
421  -0.010000
422   0.130000
423   0.005000
424  -0.090000
425   0.045000
426  -0.045000
427   0.025000
428  -0.015000
429  -0.030000
430   0.080000
431  -0.020000
432   0.055000
433   0.055000
434   0.015000
435  -0.035000
436   0.050000
437   0.025000
438   0.045000
439   0.035000
440   0.055000
441   0.095000
442  -0.100000
443   0.045000
444  -0.050000
445   0.025000
446   0.030000
447   0.030000
448  -0.035000
449   0.075000
450   0.070000
451  -0.100000
452   0.020000
453   0.130000
454   0.005000
455   0.020000
456   0.010000
457  -0.070000
458  -0.025000
459   0.025000
460   0.075000
461  -0.110000
462  -0.025000
463  -0.015000
464  -0.090000
465  -0.000000
466  -0.115000
467   0.055000
468   0.010000
469  -0.000000
470  -0.020000
471   0.030000
472  -0.010000
473  -0.040000
474   0.015000
475   0.005000
476   0.010000
477  -0.045000
478   0.015000
479   0.070000
480   0.060000
481   0.010000
482  -0.080000
483  -0.070000
484  -0.045000
485  -0.035000
486  -0.065000
487   0.115000
488  -0.000000
489  -0.050000
490   0.040000
491  -0.015000
492   0.075000
493  -0.035000
494  -0.030000
495  -0.010000
496  -0.040000
497  -0.040000
498   0.045000
499   0.010000
500  -0.055000
-499  -0.035000
-498  -0.025000
-497  -0.045000
-496  -0.045000
-495   0.020000
-494   0.065000
-493  -0.005000
-492   0.020000
-491   0.045000
-490  -0.055000
-489   0.095000
-488   0.025000
-487  -0.005000
-486   0.035000
-485  -0.045000
-484   0.055000
-483  -0.005000
-482   0.010000
-481   0.000000
-480  -0.020000
-479  -0.040000
-478  -0.050000
-477   0.020000
-476  -0.035000
-475  -0.055000
-474   0.020000
-473   0.040000
-472  -0.010000
-471   0.090000
-470  -0.010000
-469   0.045000
-468  -0.085000
-467  -0.005000
-466   0.000000
-465  -0.005000
-464   0.010000
-463   0.025000
-462   0.045000
-461   0.035000
-460  -0.050000
-459  -0.075000
-458  -0.075000
-457  -0.025000
-456  -0.005000
-455  -0.000000
-454   0.090000
-453  -0.005000
-452  -0.065000
-451  -0.075000
-450  -0.065000
-449   0.005000
-448   0.005000
-447   0.055000
-446   0.010000
-445  -0.020000
-444  -0.080000
-443   0.060000
-442  -0.010000
-441   0.000000
-440  -0.060000
-439  -0.105000
-438   0.095000
-437  -0.020000
-436   0.050000
-435   0.035000
-434   0.070000
-433   0.090000
-432   0.030000
-431   0.045000
-430   0.015000
-429   0.165000
-428   0.000000
-427   0.065000
-426  -0.050000
-425   0.085000
-424   0.020000
-423   0.025000
-422   0.145000
-421  -0.075000
-420  -0.020000
-419  -0.025000
-418  -0.055000
-417   0.025000
-416  -0.020000
-415  -0.000000
-414   0.110000
-413  -0.025000
-412  -0.010000
-411   0.055000
-410   0.040000
-409   0.025000
-408  -0.040000
-407   0.010000
-406   0.075000
-405  -0.085000
-404  -0.025000
-403   0.080000
-402  -0.010000
-401   0.010000
-400  -0.135000
-399   0.020000
-398  -0.040000
-397  -0.040000
-396  -0.040000
-395  -0.015000
-394  -0.035000
-393  -0.130000
-392  -0.055000
-391   0.060000
-390   0.075000
-389   0.055000
-388   0.115000
-387   0.025000
-386   0.035000
-385  -0.045000
-384  -0.005000
-383  -0.040000
-382  -0.045000
-381  -0.140000
-380  -0.020000
-379  -0.090000
-378  -0.035000
-377   0.170000
-376  -0.085000
-375  -0.095000
-374  -0.055000
-373  -0.055000
-372   0.115000
-371   0.025000
-370   0.015000
-369  -0.065000
-368   0.025000
-367  -0.025000
-366  -0.025000
-365   0.005000
-364  -0.080000
-363   0.060000
-362  -0.090000
-361   0.050000
-360  -0.030000
-359  -0.005000
-358  -0.045000
-357  -0.020000
-356  -0.045000
-355   0.030000
-354  -0.020000
-353   0.015000
-352  -0.030000
-351  -0.045000
-350  -0.005000
-349  -0.075000
-348  -0.095000
-347   0.070000
-346   0.025000
-345   0.050000
-344   0.025000
-343   0.025000
-342   0.055000
-341   0.105000
-340   0.020000
-339   0.040000
-338  -0.060000
-337  -0.030000
-336   0.085000
-335   0.045000
-334   0.080000
-333   0.080000
-332  -0.040000
-331   0.010000
-330   0.005000
-329  -0.035000
-328  -0.030000
-327   0.075000
-326   0.055000
-325   0.055000
-324   0.010000
-323  -0.040000
-322  -0.040000
-321  -0.050000
-320   0.115000
-319   0.050000
-318   0.035000
-317  -0.075000
-316  -0.095000
-315  -0.035000
-314  -0.050000
-313  -0.035000
-312  -0.015000
-311  -0.040000
-310  -0.100000
-309   0.005000
-308   0.045000
-307   0.055000
-306   0.035000
-305  -0.040000
-304  -0.100000
-303   0.060000
-302  -0.025000
-301   0.030000
-300  -0.030000
-299  -0.010000
-298  -0.090000
-297  -0.005000
-296  -0.025000
-295   0.095000
-294   0.115000
-293   0.060000
-292  -0.025000
-291   0.025000
-290  -0.035000
-289   0.035000
-288  -0.010000
-287  -0.005000
-286  -0.045000
-285  -0.040000
-284   0.055000
-283   0.060000
-282   0.075000
-281  -0.065000
-280  -0.050000
-279  -0.060000
-278  -0.055000
-277  -0.100000
-276   0.005000
-275  -0.040000
-274   0.065000
-273   0.005000
-272   0.040000
-271   0.025000
-270  -0.005000
-269   0.035000
-268   0.085000
-267  -0.020000
-266  -0.080000
-265   0.030000
-264  -0.060000
-263  -0.015000
-262   0.040000
-261  -0.050000
-260   0.045000
-259   0.075000
-258   0.070000
-257   0.040000
-256   0.005000
-255  -0.040000
-254   0.015000
-253   0.055000
-252  -0.070000
-251  -0.055000
-250  -0.040000
-249   0.005000
-248   0.020000
-247   0.015000
-246  -0.010000
-245  -0.125000
-244  -0.080000
-243  -0.005000
-242   0.020000
-241   0.005000
-240   0.020000
-239  -0.005000
-238  -0.020000
-237  -0.005000
-236  -0.015000
-235  -0.030000
-234   0.000000
-233  -0.030000
-232   0.025000
-231   0.005000
-230  -0.005000
-229   0.035000
-228  -0.030000
-227   0.080000
-226   0.090000
-225  -0.020000
-224   0.000000
-223   0.035000
-222   0.075000
-221   0.035000
-220   0.020000
-219   0.005000
-218  -0.060000
-217  -0.035000
-216   0.070000
-215   0.000000
-214   0.005000
-213   0.020000
-212   0.020000
-211   0.080000
-210   0.005000
-209   0.050000
-208  -0.075000
-207  -0.040000
-206  -0.020000
-205  -0.020000
-204  -0.105000
-203  -0.040000
-202   0.010000
-201   0.010000
-200  -0.030000
-199   0.005000
-198   0.035000
-197   0.065000
-196  -0.005000
-195   0.045000
-194   0.070000
-193  -0.030000
-192   0.040000
-191   0.050000
-190   0.010000
-189  -0.045000
-188  -0.125000
-187   0.020000
-186   0.100000
-185  -0.015000
-184   0.075000
-183   0.000000
-182  -0.005000
-181   0.000000
-180  -0.010000
-179   0.035000
-178   0.050000
-177   0.045000
-176   0.030000
-175  -0.040000
-174  -0.070000
-173  -0.035000
-172   0.000000
-171  -0.000000
-170  -0.030000
-169   0.005000
-168   0.005000
-167   0.040000
-166   0.030000
-165   0.020000
-164  -0.050000
-163  -0.060000
-162   0.120000
-161   0.085000
-160   0.045000
-159  -0.045000
-158   0.015000
-157  -0.030000
-156  -0.015000
-155  -0.075000
-154   0.145000
-153  -0.055000
-152   0.015000
-151  -0.040000
-150   0.145000
-149  -0.000000
-148   0.010000
-147   0.010000
-146  -0.030000
-145   0.015000
-144  -0.040000
-143   0.015000
-142   0.050000
-141   0.050000
-140  -0.060000
-139   0.080000
-138   0.105000
-137  -0.055000
-136   0.005000
-135   0.010000
-134   0.020000
-133   0.055000
-132  -0.030000
-131  -0.015000
-130   0.095000
-129  -0.020000
-128  -0.105000
-127   0.020000
-126  -0.040000
-125   0.015000
-124   0.065000
-123  -0.005000
-122   0.055000
-121  -0.000000
-120  -0.015000
-119  -0.010000
-118  -0.055000
-117  -0.025000
-116  -0.015000
-115  -0.010000
-114  -0.000000
-113   0.050000
-112   0.020000
-111  -0.070000
-110   0.030000
-109   0.055000
-108   0.030000
-107   0.030000
-106  -0.000000
-105   0.035000
-104  -0.070000
-103  -0.010000
-102  -0.010000
-101  -0.120000
-100  -0.035000
-99  -0.015000
-98   0.045000
-97   0.030000
-96  -0.065000
-95   0.020000
-94   0.020000
-93  -0.045000
-92  -0.050000
-91   0.085000
-90  -0.125000
-89  -0.010000
-88   0.060000
-87  -0.065000
-86   0.020000
-85  -0.005000
-84   0.000000
-83   0.025000
-82   0.040000
-81   0.070000
-80   0.050000
-79  -0.035000
-78  -0.035000
-77   0.035000
-76   0.010000
-75   0.015000
-74   0.125000
-73  -0.040000
-72  -0.040000
-71  -0.080000
-70  -0.040000
-69  -0.010000
-68  -0.035000
-67   0.025000
-66  -0.030000
-65  -0.015000
-64  -0.080000
-63   0.050000
-62   0.025000
-61   0.005000
-60  -0.025000
-59  -0.090000
-58   0.075000
-57  -0.030000
-56  -0.035000
-55  -0.020000
-54   0.065000
-53  -0.010000
-52   0.060000
-51   0.030000
-50  -0.020000
-49  -0.050000
-48  -0.015000
-47  -0.015000
-46   0.050000
-45  -0.005000
-44   0.035000
-43  -0.015000
-42  -0.010000
-41   0.070000
-40  -0.000000
-39   0.015000
-38   0.085000
-37  -0.045000
-36   0.075000
-35   0.110000
-34  -0.015000
-33  -0.020000
-32   0.030000
-31  -0.040000
-30   0.015000
-29  -0.030000
-28   0.075000
-27  -0.000000
-26   0.090000
-25   0.015000
-24  -0.040000
-23  -0.040000
-22   0.085000
-21  -0.070000
-20  -0.070000
-19  -0.015000
-18   0.030000
-17  -0.015000
-16  -0.015000
-15   0.010000
-14   0.005000
-13   0.015000
-12  -0.040000
-11   0.060000
-10   0.100000
-9   0.030000
-8  -0.005000
-7   0.120000
-6  -0.020000
-5   0.000000
-4  -0.005000
-3  -0.030000
-2   0.040000
-1   0.045000
