0   0.025786
1   0.025925
2   0.026067
3   0.026188
4   0.026298
5   0.026383
6   0.026466
7   0.026571
8   0.026662
9   0.026760
10   0.026869
11   0.027023
12   0.027197
13   0.027357
14   0.027527
15   0.027690
16   0.027851
17   0.028008
18   0.028170
19   0.028294
20   0.028432
21   0.028548
22   0.028671
23   0.028773
24   0.028831
25   0.028890
26   0.028938
27   0.028981
28   0.029033
29   0.029090
30   0.029153
31   0.029217
32   0.029288
33   0.029370
34   0.029469
35   0.029550
36   0.029614
37   0.029652
38   0.029731
39   0.029815
40   0.029892
41   0.029953
42   0.029989
43   0.030008
44   0.030031
45   0.030034
46   0.030059
47   0.030111
48   0.030159
49   0.030218
50   0.030286
51   0.030353
52   0.030425
53   0.030500
54   0.030600
55   0.030692
56   0.030792
57   0.030893
58   0.031011
59   0.031109
60   0.031221
61   0.031321
62   0.031427
63   0.031510
64   0.031578
65   0.031635
66   0.031733
67   0.031775
68   0.031813
69   0.031875
70   0.031906
71   0.031929
72   0.031932
73   0.031929
74   0.031911
75   0.031878
76   0.031859
77   0.031848
78   0.031834
79   0.031829
80   0.031821
81   0.031840
82   0.031847
83   0.031843
84   0.031875
85   0.031929
86   0.031986
87   0.032044
88   0.032086
89   0.032139
90   0.032175
91   0.032228
92   0.032278
93   0.032355
94   0.032418
95   0.032487
96   0.032572
97   0.032673
98   0.032736
99   0.032801
100   0.032877
101   0.032965
102   0.033051
103   0.033137
104   0.033222
105   0.033288
106   0.033355
107   0.033404
108   0.033438
109   0.033455
110   0.033445
111   0.033465
112   0.033514
113   0.033533
114   0.033562
115   0.033577
116   0.033579
117   0.033581
118   0.033579
119   0.033557
120   0.033549
121   0.033559
122   0.033560
123   0.033557
124   0.033573
125   0.033571
126   0.033524
127   0.033466
128   0.033428
129   0.033411
130   0.033376
131   0.033370
132   0.033428
133   0.033459
134   0.033484
135   0.033494
136   0.033509
137   0.033476
138   0.033459
139   0.033439
140   0.033406
141   0.033372
142   0.033322
143   0.033296
144   0.033246
145   0.033222
146   0.033187
147   0.033107
148   0.033057
149   0.033036
150   0.032996
151   0.032989
152   0.033000
153   0.033024
154   0.033047
155   0.033058
156   0.033062
157   0.033073
158   0.033112
159   0.033159
160   0.033204
161   0.033266
162   0.033309
163   0.033380
164   0.033498
165   0.033605
166   0.033737
167   0.033878
168   0.033999
169   0.034134
170   0.034264
171   0.034364
172   0.034415
173   0.034510
174   0.034598
175   0.034717
176   0.034808
177   0.034915
178   0.035004
179   0.035098
180   0.035168
181   0.035250
182   0.035325
183   0.035381
184   0.035446
185   0.035533
186   0.035611
187   0.035681
188   0.035755
189   0.035813
190   0.035890
191   0.035946
192   0.036023
193   0.036110
194   0.036194
195   0.036270
196   0.036356
197   0.036429
198   0.036463
199   0.036498
200   0.036484
201   0.036514
202   0.036578
203   0.036645
204   0.036695
205   0.036737
206   0.036809
207   0.036893
208   0.036983
209   0.037072
210   0.037167
211   0.037232
212   0.037314
213   0.037379
214   0.037426
215   0.037468
216   0.037535
217   0.037613
218   0.037711
219   0.037804
220   0.037880
221   0.037942
222   0.038020
223   0.038107
224   0.038207
225   0.038307
226   0.038436
227   0.038529
228   0.038629
229   0.038759
230   0.038845
231   0.038970
232   0.039097
233   0.039248
234   0.039377
235   0.039484
236   0.039593
237   0.039686
238   0.039760
239   0.039834
240   0.039891
241   0.039961
242   0.040037
243   0.040114
244   0.040171
245   0.040227
246   0.040268
247   0.040316
248   0.040329
249   0.040327
250   0.040310
251   0.040293
252   0.040243
253   0.040205
254   0.040162
255   0.040090
256   0.040021
257   0.039949
258   0.039877
259   0.039801
260   0.039725
261   0.039635
262   0.039562
263   0.039482
264   0.039393
265   0.039360
266   0.039320
267   0.039272
268   0.039217
269   0.039142
270   0.039078
271   0.039037
272   0.038985
273   0.038903
274   0.038798
275   0.038685
276   0.038584
277   0.038463
278   0.038349
279   0.038249
280   0.038169
281   0.038065
282   0.037959
283   0.037845
284   0.037723
285   0.037574
286   0.037439
287   0.037309
288   0.037171
289   0.037041
290   0.036904
291   0.036750
292   0.036578
293   0.036420
294   0.036260
295   0.036113
296   0.035952
297   0.035820
298   0.035652
299   0.035479
300   0.035283
301   0.035080
302   0.034873
303   0.034671
304   0.034507
305   0.034323
306   0.034147
307   0.033988
308   0.033827
309   0.033667
310   0.033538
311   0.033441
312   0.033315
313   0.033181
314   0.033017
315   0.032854
316   0.032663
317   0.032467
318   0.032270
319   0.032086
320   0.031893
321   0.031674
322   0.031476
323   0.031277
324   0.031067
325   0.030855
326   0.030652
327   0.030451
328   0.030274
329   0.030076
330   0.029844
331   0.029604
332   0.029364
333   0.029130
334   0.028899
335   0.028674
336   0.028458
337   0.028232
338   0.028035
339   0.027840
340   0.027673
341   0.027504
342   0.027345
343   0.027220
344   0.027118
345   0.027006
346   0.026875
347   0.026731
348   0.026579
349   0.026414
350   0.026227
351   0.026064
352   0.025914
353   0.025796
354   0.025657
355   0.025516
356   0.025381
357   0.025262
358   0.025128
359   0.024964
360   0.024804
361   0.024650
362   0.024488
363   0.024316
364   0.024174
365   0.024028
366   0.023896
367   0.023734
368   0.023556
369   0.023427
370   0.023324
371   0.023221
372   0.023118
373   0.023030
374   0.022946
375   0.022846
376   0.022786
377   0.022747
378   0.022737
379   0.022720
380   0.022715
381   0.022696
382   0.022692
383   0.022690
384   0.022679
385   0.022667
386   0.022645
387   0.022612
388   0.022573
389   0.022542
390   0.022522
391   0.022488
392   0.022415
393   0.022340
394   0.022257
395   0.022158
396   0.022067
397   0.021971
398   0.021856
399   0.021733
400   0.021643
401   0.021546
402   0.021442
403   0.021348
404   0.021262
405   0.021185
406   0.021086
407   0.021001
408   0.020897
409   0.020792
410   0.020729
411   0.020665
412   0.020612
413   0.020584
414   0.020534
415   0.020485
416   0.020469
417   0.020435
418   0.020396
419   0.020386
420   0.020360
421   0.020332
422   0.020309
423   0.020297
424   0.020274
425   0.020278
426   0.020279
427   0.020272
428   0.020282
429   0.020308
430   0.020325
431   0.020362
432   0.020398
433   0.020453
434   0.020493
435   0.020532
436   0.020573
437   0.020601
438   0.020657
439   0.020733
440   0.020813
441   0.020897
442   0.020956
443   0.020990
444   0.021034
445   0.021094
446   0.021181
447   0.021252
448   0.021346
449   0.021455
450   0.021591
451   0.021747
452   0.021872
453   0.021999
454   0.022149
455   0.022284
456   0.022417
457   0.022523
458   0.022645
459   0.022747
460   0.022842
461   0.022936
462   0.022998
463   0.023069
464   0.023128
465   0.023189
466   0.023255
467   0.023335
468   0.023410
469   0.023484
470   0.023543
471   0.023623
472   0.023746
473   0.023886
474   0.024033
475   0.024143
476   0.024271
477   0.024417
478   0.024551
479   0.024710
480   0.024878
481   0.025081
482   0.025288
483   0.025508
484   0.025721
485   0.025940
486   0.026153
487   0.026360
488   0.026578
489   0.026774
490   0.026953
491   0.027148
492   0.027367
493   0.027561
494   0.027744
495   0.027946
496   0.028139
497   0.028336
498   0.028524
499   0.028669
500   0.028829
-499   0.028974
-498   0.029135
-497   0.029292
-496   0.029450
-495   0.029607
-494   0.029749
-493   0.029876
-492   0.029990
-491   0.030121
-490   0.030256
-489   0.030432
-488   0.030576
-487   0.030740
-486   0.030914
-485   0.031080
-484   0.031246
-483   0.031419
-482   0.031560
-481   0.031712
-480   0.031885
-479   0.032039
-478   0.032207
-477   0.032377
-476   0.032511
-475   0.032646
-474   0.032740
-473   0.032850
-472   0.032952
-471   0.033032
-470   0.033083
-469   0.033128
-468   0.033177
-467   0.033236
-466   0.033289
-465   0.033363
-464   0.033432
-463   0.033494
-462   0.033569
-461   0.033624
-460   0.033669
-459   0.033709
-458   0.033754
-457   0.033789
-456   0.033834
-455   0.033875
-454   0.033891
-453   0.033913
-452   0.033890
-451   0.033876
-450   0.033870
-449   0.033865
-448   0.033818
-447   0.033772
-446   0.033735
-445   0.033710
-444   0.033672
-443   0.033615
-442   0.033586
-441   0.033546
-440   0.033483
-439   0.033411
-438   0.033353
-437   0.033295
-436   0.033247
-435   0.033218
-434   0.033190
-433   0.033173
-432   0.033150
-431   0.033121
-430   0.033092
-429   0.033080
-428   0.033066
-427   0.033046
-426   0.033017
-425   0.032971
-424   0.032910
-423   0.032838
-422   0.032754
-421   0.032670
-420   0.032603
-419   0.032526
-418   0.032460
-417   0.032424
-416   0.032366
-415   0.032309
-414   0.032240
-413   0.032198
-412   0.032143
-411   0.032080
-410   0.032049
-409   0.031958
-408   0.031894
-407   0.031809
-406   0.031736
-405   0.031652
-404   0.031558
-403   0.031463
-402   0.031327
-401   0.031207
-400   0.031072
-399   0.030950
-398   0.030833
-397   0.030713
-396   0.030607
-395   0.030502
-394   0.030373
-393   0.030259
-392   0.030124
-391   0.030007
-390   0.029874
-389   0.029728
-388   0.029594
-387   0.029453
-386   0.029309
-385   0.029182
-384   0.029079
-383   0.029023
-382   0.028955
-381   0.028883
-380   0.028834
-379   0.028814
-378   0.028777
-377   0.028700
-376   0.028611
-375   0.028503
-374   0.028371
-373   0.028238
-372   0.028114
-371   0.027995
-370   0.027871
-369   0.027740
-368   0.027614
-367   0.027469
-366   0.027308
-365   0.027202
-364   0.027072
-363   0.026947
-362   0.026846
-361   0.026766
-360   0.026700
-359   0.026626
-358   0.026553
-357   0.026470
-356   0.026407
-355   0.026359
-354   0.026322
-353   0.026242
-352   0.026212
-351   0.026192
-350   0.026172
-349   0.026152
-348   0.026106
-347   0.026035
-346   0.025956
-345   0.025853
-344   0.025740
-343   0.025640
-342   0.025535
-341   0.025414
-340   0.025281
-339   0.025146
-338   0.025005
-337   0.024859
-336   0.024705
-335   0.024574
-334   0.024444
-333   0.024309
-332   0.024137
-331   0.024004
-330   0.023859
-329   0.023714
-328   0.023598
-327   0.023484
-326   0.023411
-325   0.023336
-324   0.023269
-323   0.023245
-322   0.023217
-321   0.023190
-320   0.023187
-319   0.023193
-318   0.023208
-317   0.023219
-316   0.023217
-315   0.023254
-314   0.023310
-313   0.023386
-312   0.023467
-311   0.023521
-310   0.023576
-309   0.023629
-308   0.023660
-307   0.023696
-306   0.023705
-305   0.023729
-304   0.023744
-303   0.023785
-302   0.023806
-301   0.023831
-300   0.023854
-299   0.023886
-298   0.023906
-297   0.023918
-296   0.023931
-295   0.023962
-294   0.023998
-293   0.024020
-292   0.024019
-291   0.024042
-290   0.024029
-289   0.023999
-288   0.023964
-287   0.023920
-286   0.023877
-285   0.023844
-284   0.023784
-283   0.023745
-282   0.023691
-281   0.023637
-280   0.023555
-279   0.023453
-278   0.023372
-277   0.023296
-276   0.023198
-275   0.023112
-274   0.023046
-273   0.022990
-272   0.022924
-271   0.022855
-270   0.022753
-269   0.022676
-268   0.022586
-267   0.022503
-266   0.022395
-265   0.022280
-264   0.022151
-263   0.022038
-262   0.021920
-261   0.021842
-260   0.021757
-259   0.021677
-258   0.021615
-257   0.021559
-256   0.021482
-255   0.021426
-254   0.021362
-253   0.021301
-252   0.021206
-251   0.021110
-250   0.020996
-249   0.020885
-248   0.020804
-247   0.020725
-246   0.020657
-245   0.020565
-244   0.020480
-243   0.020406
-242   0.020347
-241   0.020276
-240   0.020175
-239   0.020094
-238   0.020018
-237   0.019931
-236   0.019860
-235   0.019786
-234   0.019711
-233   0.019623
-232   0.019520
-231   0.019417
-230   0.019321
-229   0.019226
-228   0.019143
-227   0.019035
-226   0.018956
-225   0.018856
-224   0.018773
-223   0.018698
-222   0.018632
-221   0.018554
-220   0.018498
-219   0.018431
-218   0.018354
-217   0.018235
-216   0.018114
-215   0.017980
-214   0.017845
-213   0.017721
-212   0.017598
-211   0.017491
-210   0.017392
-209   0.017298
-208   0.017183
-207   0.017069
-206   0.016945
-205   0.016819
-204   0.016723
-203   0.016631
-202   0.016526
-201   0.016407
-200   0.016322
-199   0.016233
-198   0.016136
-197   0.016013
-196   0.015879
-195   0.015744
-194   0.015609
-193   0.015504
-192   0.015443
-191   0.015403
-190   0.015347
-189   0.015296
-188   0.015224
-187   0.015178
-186   0.015173
-185   0.015158
-184   0.015157
-183   0.015155
-182   0.015167
-181   0.015154
-180   0.015140
-179   0.015126
-178   0.015103
-177   0.015119
-176   0.015130
-175   0.015111
-174   0.015120
-173   0.015130
-172   0.015153
-171   0.015172
-170   0.015236
-169   0.015249
-168   0.015287
-167   0.015332
-166   0.015399
-165   0.015467
-164   0.015516
-163   0.015565
-162   0.015586
-161   0.015607
-160   0.015669
-159   0.015712
-158   0.015770
-157   0.015828
-156   0.015868
-155   0.015891
-154   0.015913
-153   0.015927
-152   0.015954
-151   0.015996
-150   0.016063
-149   0.016100
-148   0.016147
-147   0.016182
-146   0.016234
-145   0.016284
-144   0.016346
-143   0.016418
-142   0.016491
-141   0.016554
-140   0.016639
-139   0.016731
-138   0.016806
-137   0.016924
-136   0.017015
-135   0.017091
-134   0.017158
-133   0.017212
-132   0.017285
-131   0.017353
-130   0.017449
-129   0.017535
-128   0.017646
-127   0.017745
-126   0.017840
-125   0.017934
-124   0.018045
-123   0.018146
-122   0.018239
-121   0.018349
-120   0.018408
-119   0.018486
-118   0.018569
-117   0.018647
-116   0.018775
-115   0.018880
-114   0.018954
-113   0.019070
-112   0.019204
-111   0.019322
-110   0.019430
-109   0.019514
-108   0.019604
-107   0.019718
-106   0.019831
-105   0.019947
-104   0.020025
-103   0.020123
-102   0.020238
-101   0.020377
-100   0.020485
-99   0.020588
-98   0.020681
-97   0.020784
-96   0.020912
-95   0.021007
-94   0.021116
-93   0.021219
-92   0.021324
-91   0.021416
-90   0.021481
-89   0.021555
-88   0.021610
-87   0.021660
-86   0.021719
-85   0.021796
-84   0.021910
-83   0.022050
-82   0.022175
-81   0.022317
-80   0.022422
-79   0.022558
-78   0.022704
-77   0.022816
-76   0.022959
-75   0.023088
-74   0.023179
-73   0.023251
-72   0.023296
-71   0.023333
-70   0.023369
-69   0.023372
-68   0.023433
-67   0.023482
-66   0.023516
-65   0.023534
-64   0.023543
-63   0.023575
-62   0.023556
-61   0.023588
-60   0.023594
-59   0.023619
-58   0.023613
-57   0.023615
-56   0.023592
-55   0.023581
-54   0.023549
-53   0.023509
-52   0.023463
-51   0.023430
-50   0.023384
-49   0.023339
-48   0.023322
-47   0.023302
-46   0.023284
-45   0.023243
-44   0.023227
-43   0.023215
-42   0.023188
-41   0.023186
-40   0.023204
-39   0.023221
-38   0.023212
-37   0.023194
-36   0.023156
-35   0.023154
-34   0.023149
-33   0.023153
-32   0.023156
-31   0.023175
-30   0.023200
-29   0.023227
-28   0.023279
-27   0.023343
-26   0.023411
-25   0.023487
-24   0.023563
-23   0.023631
-22   0.023698
-21   0.023771
-20   0.023819
-19   0.023838
-18   0.023882
-17   0.023917
-16   0.023996
-15   0.024101
-14   0.024203
-13   0.024309
-12   0.024433
-11   0.024546
-10   0.024665
-9   0.024797
-8   0.024922
-7   0.025039
-6   0.025147
-5   0.025259
-4   0.025358
-3   0.025460
-2   0.025549
-1   0.025643
