0  -0.010000
1  -0.055000
2   0.035000
3   0.050000
4   0.005000
5   0.005000
6   0.000000
7  -0.045000
8  -0.040000
9  -0.010000
10  -0.055000
11  -0.040000
12   0.055000
13   0.045000
14  -0.020000
15   0.030000
16  -0.010000
17  -0.030000
18   0.025000
19  -0.020000
20   0.005000
21   0.105000
22  -0.070000
23   0.020000
24  -0.070000
25  -0.060000
26  -0.025000
27  -0.095000
28   0.005000
29  -0.035000
30   0.080000
31  -0.005000
32   0.040000
33  -0.030000
34  -0.085000
35  -0.010000
36   0.005000
37  -0.035000
38  -0.045000
39  -0.065000
40   0.100000
41  -0.130000
42  -0.020000
43   0.035000
44   0.070000
45  -0.010000
46   0.010000
47  -0.010000
48   0.020000
49  -0.070000
50  -0.000000
51   0.005000
52   0.025000
53   0.070000
54   0.065000
55   0.040000
56   0.035000
57  -0.025000
58  -0.055000
59  -0.090000
60   0.050000
61  -0.030000
62  -0.045000
63   0.030000
64  -0.045000
65  -0.070000
66   0.075000
67   0.060000
68   0.045000
69  -0.015000
70  -0.045000
71   0.090000
72   0.005000
73  -0.025000
74  -0.010000
75   0.030000
76   0.055000
77   0.085000
78  -0.045000
79  -0.045000
80  -0.020000
81   0.010000
82   0.050000
83   0.075000
84  -0.040000
85   0.070000
86  -0.015000
87   0.030000
88   0.010000
89  -0.010000
90   0.060000
91   0.050000
92  -0.025000
93  -0.010000
94  -0.045000
95  -0.050000
96  -0.025000
97   0.025000
98  -0.010000
99  -0.025000
100   0.060000
101   0.025000
102   0.030000
103  -0.095000
104   0.020000
105   0.005000
106  -0.045000
107   0.070000
108  -0.075000
109  -0.020000
110   0.005000
111  -0.040000
112  -0.010000
113   0.005000
114  -0.050000
115   0.070000
116   0.090000
117  -0.115000
118  -0.050000
119  -0.065000
120  -0.000000
121   0.045000
122   0.045000
123  -0.015000
124  -0.020000
125   0.025000
126  -0.015000
127   0.025000
128  -0.015000
129   0.000000
130   0.055000
131  -0.030000
132   0.065000
133   0.035000
134  -0.050000
135   0.125000
136  -0.010000
137   0.040000
138   0.005000
139   0.000000
140   0.065000
141   0.050000
142  -0.030000
143  -0.025000
144  -0.015000
145  -0.075000
146  -0.125000
147  -0.030000
148  -0.085000
149   0.100000
150   0.140000
151   0.030000
152  -0.035000
153  -0.015000
154  -0.005000
155  -0.045000
156  -0.035000
157  -0.025000
158   0.075000
159  -0.005000
160  -0.035000
161  -0.015000
162  -0.045000
163   0.030000
164   0.050000
165   0.030000
166   0.030000
167  -0.045000
168   0.020000
169  -0.035000
170  -0.035000
171  -0.025000
172  -0.050000
173  -0.075000
174   0.025000
175   0.035000
176  -0.085000
177   0.130000
178  -0.095000
179  -0.025000
180  -0.025000
181   0.055000
182   0.045000
183  -0.040000
184  -0.035000
185   0.015000
186   0.045000
187   0.050000
188  -0.040000
189   0.060000
190   0.010000
191   0.045000
192  -0.010000
193   0.010000
194   0.060000
195   0.025000
196   0.025000
197   0.060000
198  -0.060000
199   0.045000
200   0.010000
201   0.025000
202  -0.125000
203  -0.020000
204  -0.120000
205  -0.020000
206   0.070000
207  -0.060000
208  -0.015000
209   0.015000
210   0.100000
211   0.010000
212  -0.055000
213   0.020000
214   0.045000
215  -0.035000
216  -0.030000
217   0.100000
218   0.015000
219   0.005000
220  -0.085000
221  -0.050000
222   0.040000
223   0.020000
224   0.010000
225   0.035000
226   0.020000
227   0.025000
228  -0.005000
229  -0.015000
230   0.010000
231   0.035000
232   0.105000
233  -0.005000
234  -0.020000
235  -0.075000
236  -0.065000
237  -0.095000
238   0.030000
239  -0.010000
240  -0.070000
241   0.020000
242  -0.025000
243  -0.075000
244  -0.000000
245   0.050000
246   0.030000
247   0.075000
248  -0.030000
249  -0.015000
250   0.045000
251  -0.010000
252   0.030000
253  -0.040000
254   0.000000
255  -0.025000
256   0.025000
257   0.010000
258   0.000000
259  -0.030000
260   0.010000
261   0.030000
262  -0.035000
263   0.035000
264   0.075000
265   0.115000
266  -0.015000
267  -0.040000
268   0.010000
269   0.020000
270  -0.025000
271   0.025000
272   0.050000
273   0.020000
274  -0.065000
275  -0.070000
276  -0.080000
277  -0.000000
278   0.050000
279   0.050000
280   0.010000
281  -0.070000
282   0.080000
283   0.050000
284   0.010000
285   0.050000
286  -0.050000
287   0.075000
288  -0.125000
289   0.030000
290  -0.060000
291  -0.000000
292   0.080000
293  -0.065000
294  -0.040000
295   0.035000
296   0.070000
297  -0.025000
298  -0.045000
299   0.000000
300   0.065000
301  -0.030000
302  -0.030000
303  -0.020000
304   0.065000
305   0.020000
306   0.005000
307   0.040000
308   0.060000
309  -0.065000
310   0.030000
311   0.025000
312  -0.070000
313  -0.070000
314   0.010000
315   0.085000
316  -0.060000
317   0.040000
318  -0.045000
319  -0.045000
320  -0.015000
321   0.000000
322   0.025000
323   0.015000
324   0.025000
325  -0.025000
326   0.095000
327   0.025000
328  -0.045000
329  -0.115000
330   0.100000
331  -0.010000
332  -0.075000
333  -0.005000
334  -0.110000
335   0.015000
336   0.010000
337  -0.015000
338  -0.020000
339   0.020000
340  -0.015000
341   0.010000
342   0.065000
343   0.045000
344   0.060000
345  -0.070000
346   0.110000
347   0.020000
348  -0.075000
349   0.035000
350   0.020000
351  -0.005000
352  -0.065000
353  -0.020000
354  -0.000000
355   0.010000
356   0.055000
357   0.035000
358  -0.020000
359  -0.050000
360   0.015000
361   0.025000
362  -0.005000
363  -0.045000
364   0.025000
365   0.115000
366  -0.100000
367  -0.020000
368   0.105000
369   0.015000
370   0.060000
371  -0.040000
372  -0.005000
373   0.090000
374   0.065000
375  -0.045000
376   0.100000
377  -0.025000
378   0.000000
379  -0.045000
380   0.040000
381  -0.005000
382  -0.010000
383  -0.030000
384   0.005000
385  -0.000000
386   0.025000
387   0.030000
388   0.100000
389   0.015000
390  -0.045000
391   0.055000
392  -0.015000
393   0.125000
394  -0.015000
395   0.015000
396   0.025000
397  -0.035000
398   0.000000
399   0.000000
400  -0.040000
401   0.025000
402  -0.015000
403  -0.010000
404   0.000000
405  -0.040000
406  -0.035000
407  -0.035000
408  -0.100000
409  -0.025000
410   0.000000
411   0.070000
412  -0.055000
413   0.015000
414   0.040000
415   0.025000
416   0.015000
417  -0.015000
418  -0.040000
419   0.055000
420  -0.015000
421   0.045000
422  -0.020000
423   0.085000
424  -0.045000
425   0.020000
426  -0.015000
427   0.025000
428  -0.020000
429   0.000000
430   0.070000
431   0.045000
432   0.005000
433   0.125000
434   0.090000
435  -0.045000
436  -0.015000
437   0.095000
438  -0.005000
439   0.045000
440   0.010000
441  -0.110000
442   0.090000
443   0.030000
444  -0.140000
445  -0.065000
446  -0.000000
447   0.020000
448   0.040000
449  -0.015000
450   0.035000
451  -0.055000
452   0.055000
453  -0.080000
454   0.005000
455  -0.095000
456   0.050000
457   0.005000
458  -0.000000
459   0.055000
460  -0.010000
461  -0.050000
462   0.050000
463  -0.045000
464   0.065000
465   0.010000
466  -0.055000
467   0.045000
468  -0.075000
469   0.020000
470  -0.085000
471  -0.085000
472   0.025000
473   0.005000
474   0.050000
475   0.055000
476   0.005000
477  -0.075000
478   0.015000
479  -0.040000
480  -0.050000
481  -0.010000
482  -0.025000
483   0.025000
484   0.010000
485  -0.005000
486  -0.040000
487  -0.025000
488   0.115000
489  -0.065000
490   0.005000
491  -0.005000
492   0.010000
493   0.015000
494  -0.015000
495  -0.095000
496   0.000000
497   0.000000
498   0.020000
499   0.045000
500  -0.090000
-499  -0.010000
-498   0.055000
-497  -0.045000
-496   0.035000
-495   0.030000
-494   0.030000
-493  -0.025000
-492  -0.005000
-491  -0.025000
-490  -0.010000
-489   0.005000
-488   0.035000
-487   0.000000
-486   0.015000
-485  -0.030000
-484   0.020000
-483   0.035000
-482  -0.090000
-481  -0.025000
-480  -0.020000
-479  -0.045000
-478  -0.055000
-477   0.030000
-476  -0.070000
-475  -0.005000
-474  -0.085000
-473  -0.030000
-472   0.080000
-471   0.065000
-470   0.050000
-469  -0.060000
-468  -0.010000
-467   0.025000
-466  -0.045000
-465  -0.015000
-464  -0.015000
-463  -0.050000
-462  -0.045000
-461   0.010000
-460  -0.060000
-459   0.040000
-458  -0.105000
-457   0.005000
-456   0.010000
-455  -0.020000
-454   0.035000
-453   0.000000
-452   0.020000
-451   0.050000
-450   0.030000
-449  -0.055000
-448   0.100000
-447  -0.070000
-446   0.070000
-445   0.095000
-444  -0.010000
-443   0.060000
-442   0.045000
-441   0.075000
-440   0.050000
-439  -0.105000
-438   0.045000
-437   0.045000
-436   0.055000
-435  -0.050000
-434  -0.110000
-433  -0.005000
-432  -0.005000
-431   0.040000
-430  -0.010000
-429   0.150000
-428  -0.025000
-427   0.025000
-426  -0.015000
-425  -0.045000
-424  -0.045000
-423  -0.030000
-422  -0.040000
-421   0.020000
-420   0.025000
-419  -0.015000
-418  -0.070000
-417   0.035000
-416  -0.030000
-415  -0.035000
-414   0.040000
-413   0.020000
-412   0.000000
-411  -0.030000
-410  -0.015000
-409   0.050000
-408   0.045000
-407  -0.030000
-406   0.010000
-405   0.105000
-404  -0.060000
-403   0.025000
-402  -0.040000
-401  -0.080000
-400   0.065000
-399  -0.030000
-398   0.005000
-397   0.070000
-396   0.025000
-395  -0.065000
-394   0.125000
-393  -0.080000
-392   0.040000
-391   0.040000
-390  -0.060000
-389  -0.020000
-388   0.020000
-387  -0.045000
-386  -0.070000
-385   0.005000
-384  -0.090000
-383  -0.105000
-382  -0.030000
-381  -0.070000
-380  -0.005000
-379  -0.025000
-378   0.110000
-377   0.060000
-376  -0.035000
-375  -0.045000
-374   0.005000
-373  -0.015000
-372  -0.000000
-371   0.120000
-370  -0.025000
-369   0.055000
-368  -0.010000
-367  -0.040000
-366   0.025000
-365   0.035000
-364  -0.005000
-363  -0.090000
-362   0.020000
-361  -0.075000
-360   0.005000
-359  -0.000000
-358   0.000000
-357  -0.020000
-356  -0.040000
-355  -0.035000
-354  -0.055000
-353   0.035000
-352   0.005000
-351  -0.040000
-350   0.060000
-349   0.010000
-348  -0.005000
-347  -0.020000
-346  -0.025000
-345   0.040000
-344  -0.080000
-343  -0.085000
-342  -0.025000
-341   0.040000
-340  -0.055000
-339   0.040000
-338   0.025000
-337   0.040000
-336   0.095000
-335  -0.065000
-334   0.100000
-333  -0.005000
-332  -0.025000
-331  -0.035000
-330   0.005000
-329   0.025000
-328   0.015000
-327  -0.025000
-326  -0.035000
-325   0.050000
-324  -0.010000
-323   0.010000
-322  -0.065000
-321   0.000000
-320   0.005000
-319  -0.140000
-318   0.040000
-317   0.030000
-316  -0.005000
-315   0.020000
-314   0.005000
-313  -0.005000
-312  -0.030000
-311  -0.025000
-310   0.050000
-309   0.015000
-308  -0.025000
-307  -0.090000
-306   0.055000
-305  -0.000000
-304   0.010000
-303   0.030000
-302  -0.020000
-301   0.065000
-300   0.015000
-299   0.050000
-298   0.070000
-297  -0.060000
-296  -0.025000
-295  -0.025000
-294  -0.090000
-293   0.005000
-292   0.010000
-291   0.020000
-290  -0.165000
-289   0.010000
-288  -0.000000
-287   0.050000
-286   0.025000
-285  -0.005000
-284  -0.060000
-283  -0.110000
-282  -0.095000
-281  -0.035000
-280  -0.035000
-279   0.085000
-278  -0.045000
-277  -0.015000
-276   0.005000
-275  -0.020000
-274   0.035000
-273  -0.020000
-272  -0.010000
-271  -0.055000
-270  -0.000000
-269  -0.050000
-268  -0.010000
-267  -0.025000
-266  -0.055000
-265   0.040000
-264  -0.075000
-263  -0.000000
-262  -0.045000
-261  -0.000000
-260   0.015000
-259   0.005000
-258   0.005000
-257  -0.040000
-256   0.045000
-255  -0.060000
-254   0.000000
-253  -0.025000
-252   0.025000
-251  -0.050000
-250   0.010000
-249  -0.000000
-248  -0.040000
-247   0.005000
-246  -0.025000
-245  -0.030000
-244   0.040000
-243   0.075000
-242   0.050000
-241   0.045000
-240  -0.045000
-239  -0.020000
-238  -0.015000
-237   0.115000
-236   0.000000
-235   0.005000
-234   0.060000
-233  -0.105000
-232   0.020000
-231  -0.025000
-230   0.060000
-229  -0.025000
-228   0.015000
-227  -0.065000
-226  -0.055000
-225  -0.025000
-224  -0.005000
-223   0.020000
-222  -0.035000
-221   0.080000
-220  -0.050000
-219   0.030000
-218   0.010000
-217   0.005000
-216   0.005000
-215   0.000000
-214   0.055000
-213   0.010000
-212  -0.065000
-211   0.040000
-210  -0.010000
-209  -0.035000
-208  -0.000000
-207   0.010000
-206   0.050000
-205  -0.015000
-204   0.005000
-203  -0.000000
-202   0.035000
-201  -0.005000
-200   0.015000
-199   0.030000
-198  -0.075000
-197   0.070000
-196   0.150000
-195   0.030000
-194  -0.015000
-193  -0.020000
-192  -0.040000
-191  -0.125000
-190   0.030000
-189   0.060000
-188   0.010000
-187   0.065000
-186  -0.060000
-185   0.000000
-184   0.075000
-183  -0.020000
-182  -0.050000
-181   0.070000
-180  -0.005000
-179  -0.005000
-178   0.035000
-177  -0.050000
-176   0.035000
-175  -0.015000
-174  -0.000000
-173  -0.060000
-172  -0.015000
-171   0.045000
-170   0.030000
-169  -0.065000
-168  -0.000000
-167   0.000000
-166   0.005000
-165   0.040000
-164   0.065000
-163   0.020000
-162  -0.015000
-161  -0.030000
-160  -0.015000
-159   0.060000
-158  -0.055000
-157   0.015000
-156   0.010000
-155   0.035000
-154  -0.030000
-153  -0.020000
-152  -0.055000
-151   0.060000
-150   0.110000
-149  -0.030000
-148  -0.000000
-147   0.010000
-146  -0.035000
-145  -0.040000
-144  -0.065000
-143   0.025000
-142  -0.005000
-141  -0.070000
-140   0.085000
-139  -0.070000
-138  -0.065000
-137   0.055000
-136   0.050000
-135  -0.015000
-134  -0.025000
-133  -0.040000
-132   0.015000
-131   0.060000
-130   0.000000
-129  -0.030000
-128   0.030000
-127   0.050000
-126  -0.020000
-125   0.050000
-124   0.010000
-123  -0.020000
-122   0.020000
-121  -0.050000
-120   0.005000
-119   0.040000
-118   0.065000
-117  -0.030000
-116   0.010000
-115  -0.040000
-114   0.015000
-113   0.035000
-112  -0.040000
-111   0.060000
-110   0.020000
-109   0.000000
-108   0.000000
-107   0.015000
-106   0.015000
-105   0.035000
-104  -0.085000
-103   0.075000
-102  -0.050000
-101   0.025000
-100  -0.095000
-99   0.005000
-98  -0.010000
-97  -0.050000
-96  -0.040000
-95   0.040000
-94   0.030000
-93   0.065000
-92   0.000000
-91   0.030000
-90  -0.075000
-89  -0.015000
-88  -0.010000
-87  -0.015000
-86   0.130000
-85   0.005000
-84  -0.020000
-83  -0.070000
-82   0.005000
-81   0.030000
-80  -0.010000
-79   0.025000
-78   0.030000
-77  -0.030000
-76  -0.030000
-75   0.040000
-74  -0.040000
-73   0.065000
-72  -0.045000
-71   0.060000
-70   0.015000
-69  -0.065000
-68   0.005000
-67   0.020000
-66  -0.030000
-65   0.055000
-64   0.015000
-63  -0.095000
-62  -0.065000
-61   0.030000
-60   0.020000
-59  -0.000000
-58   0.020000
-57   0.000000
-56   0.025000
-55  -0.015000
-54  -0.025000
-53  -0.105000
-52  -0.025000
-51   0.010000
-50  -0.005000
-49   0.020000
-48   0.090000
-47  -0.045000
-46   0.025000
-45  -0.015000
-44  -0.055000
-43  -0.015000
-42  -0.020000
-41   0.040000
-40  -0.070000
-39  -0.090000
-38   0.005000
-37   0.030000
-36  -0.065000
-35  -0.035000
-34  -0.030000
-33  -0.010000
-32  -0.025000
-31   0.025000
-30   0.020000
-29   0.020000
-28  -0.000000
-27   0.070000
-26   0.070000
-25   0.040000
-24  -0.070000
-23  -0.035000
-22  -0.015000
-21   0.025000
-20   0.020000
-19  -0.040000
-18   0.000000
-17   0.095000
-16   0.070000
-15   0.035000
-14   0.025000
-13   0.040000
-12  -0.030000
-11  -0.015000
-10   0.030000
-9   0.040000
-8   0.065000
-7   0.010000
-6  -0.010000
-5   0.030000
-4  -0.025000
-3  -0.060000
-2   0.025000
-1  -0.005000
