0  -0.020000
1   0.080000
2   0.045000
3   0.080000
4  -0.035000
5  -0.050000
6   0.020000
7   0.015000
8   0.020000
9   0.060000
10   0.020000
11  -0.055000
12  -0.110000
13  -0.095000
14   0.125000
15   0.020000
16  -0.040000
17   0.000000
18   0.080000
19  -0.015000
20   0.020000
21  -0.055000
22   0.025000
23  -0.085000
24  -0.040000
25  -0.055000
26   0.085000
27   0.020000
28   0.065000
29  -0.030000
30   0.055000
31  -0.110000
32   0.040000
33  -0.000000
34  -0.045000
35   0.080000
36  -0.025000
37  -0.065000
38   0.040000
39   0.010000
40   0.035000
41  -0.025000
42  -0.030000
43  -0.055000
44   0.015000
45   0.010000
46   0.000000
47   0.015000
48   0.005000
49  -0.040000
50  -0.020000
51  -0.030000
52  -0.020000
53  -0.015000
54   0.055000
55   0.010000
56  -0.020000
57  -0.015000
58  -0.080000
59  -0.025000
60   0.035000
61   0.010000
62   0.055000
63   0.030000
64  -0.045000
65   0.000000
66   0.010000
67  -0.050000
68  -0.005000
69  -0.140000
70  -0.020000
71   0.080000
72   0.025000
73   0.045000
74   0.030000
75   0.045000
76   0.045000
77  -0.035000
78  -0.015000
79  -0.015000
80  -0.020000
81  -0.020000
82   0.005000
83   0.010000
84   0.015000
85  -0.045000
86  -0.065000
87  -0.035000
88  -0.035000
89   0.070000
90  -0.020000
91  -0.005000
92   0.005000
93   0.060000
94   0.115000
95  -0.030000
96   0.050000
97   0.025000
98   0.050000
99   0.050000
100  -0.095000
101  -0.010000
102  -0.040000
103   0.045000
104  -0.055000
105  -0.015000
106   0.045000
107   0.050000
108  -0.065000
109  -0.090000
110  -0.025000
111  -0.005000
112   0.065000
113   0.045000
114  -0.045000
115   0.125000
116   0.010000
117   0.055000
118   0.040000
119  -0.120000
120  -0.005000
121   0.025000
122   0.040000
123   0.015000
124  -0.010000
125  -0.020000
126  -0.030000
127   0.090000
128   0.015000
129   0.020000
130   0.020000
131  -0.015000
132   0.075000
133  -0.015000
134  -0.025000
135   0.015000
136  -0.015000
137  -0.045000
138   0.015000
139   0.095000
140   0.050000
141   0.070000
142   0.010000
143   0.060000
144   0.090000
145  -0.015000
146  -0.020000
147  -0.020000
148  -0.105000
149  -0.035000
150   0.100000
151  -0.000000
152  -0.040000
153  -0.125000
154   0.075000
155  -0.010000
156   0.010000
157  -0.035000
158  -0.085000
159  -0.040000
160   0.015000
161   0.015000
162  -0.000000
163   0.090000
164  -0.030000
165   0.030000
166   0.005000
167  -0.085000
168  -0.055000
169  -0.030000
170   0.005000
171  -0.015000
172   0.010000
173  -0.005000
174   0.045000
175   0.115000
176   0.085000
177  -0.025000
178  -0.020000
179   0.045000
180  -0.040000
181   0.015000
182   0.020000
183  -0.185000
184   0.070000
185   0.040000
186   0.100000
187  -0.025000
188  -0.035000
189  -0.050000
190  -0.060000
191  -0.045000
192   0.030000
193  -0.035000
194   0.050000
195  -0.070000
196   0.025000
197   0.000000
198   0.105000
199   0.060000
200  -0.070000
201   0.055000
202   0.015000
203   0.030000
204  -0.025000
205   0.065000
206  -0.150000
207   0.010000
208  -0.025000
209   0.055000
210  -0.025000
211  -0.015000
212  -0.020000
213   0.055000
214   0.110000
215  -0.010000
216  -0.035000
217  -0.065000
218   0.035000
219  -0.015000
220  -0.045000
221  -0.070000
222  -0.090000
223   0.090000
224   0.080000
225  -0.035000
226   0.015000
227  -0.020000
228   0.030000
229   0.070000
230   0.020000
231  -0.040000
232   0.005000
233   0.010000
234   0.035000
235   0.080000
236  -0.030000
237  -0.020000
238   0.040000
239  -0.030000
240  -0.065000
241   0.020000
242   0.025000
243   0.075000
244  -0.015000
245  -0.085000
246   0.130000
247   0.025000
248   0.030000
249   0.030000
250   0.030000
251   0.020000
252   0.015000
253  -0.075000
254  -0.070000
255   0.050000
256   0.010000
257   0.000000
258  -0.180000
259   0.010000
260   0.050000
261  -0.085000
262  -0.055000
263  -0.000000
264   0.035000
265  -0.080000
266  -0.010000
267   0.020000
268   0.055000
269  -0.030000
270  -0.025000
271  -0.045000
272   0.035000
273  -0.055000
274   0.045000
275  -0.020000
276   0.015000
277   0.015000
278  -0.055000
279  -0.050000
280   0.060000
281  -0.020000
282   0.010000
283  -0.050000
284   0.060000
285   0.000000
286  -0.035000
287  -0.030000
288  -0.045000
289  -0.010000
290  -0.035000
291  -0.040000
292   0.035000
293   0.070000
294   0.045000
295  -0.050000
296   0.100000
297  -0.060000
298  -0.000000
299   0.085000
300   0.085000
301   0.055000
302   0.035000
303   0.035000
304  -0.035000
305   0.060000
306   0.005000
307  -0.080000
308   0.005000
309   0.030000
310  -0.070000
311  -0.035000
312   0.000000
313  -0.015000
314   0.010000
315  -0.035000
316   0.025000
317  -0.005000
318  -0.045000
319   0.050000
320   0.030000
321   0.040000
322   0.000000
323  -0.055000
324   0.045000
325  -0.015000
326  -0.080000
327  -0.020000
328   0.005000
329  -0.060000
330  -0.025000
331   0.050000
332   0.035000
333   0.100000
334  -0.005000
335  -0.040000
336  -0.010000
337  -0.105000
338   0.005000
339  -0.055000
340   0.070000
341   0.035000
342  -0.005000
343   0.100000
344  -0.055000
345   0.065000
346   0.030000
347  -0.055000
348  -0.005000
349  -0.030000
350   0.020000
351  -0.065000
352  -0.005000
353   0.035000
354   0.065000
355   0.025000
356  -0.030000
357   0.050000
358   0.025000
359   0.000000
360  -0.025000
361   0.080000
362  -0.130000
363   0.035000
364  -0.025000
365  -0.020000
366  -0.060000
367  -0.005000
368  -0.055000
369  -0.015000
370   0.090000
371   0.010000
372   0.000000
373   0.015000
374  -0.060000
375   0.080000
376  -0.045000
377   0.040000
378   0.030000
379   0.050000
380   0.035000
381   0.010000
382   0.035000
383   0.030000
384   0.015000
385  -0.045000
386   0.010000
387  -0.070000
388  -0.060000
389  -0.120000
390  -0.010000
391  -0.020000
392   0.005000
393   0.055000
394   0.085000
395  -0.085000
396  -0.035000
397   0.000000
398  -0.020000
399  -0.095000
400  -0.055000
401  -0.035000
402  -0.040000
403   0.060000
404  -0.005000
405  -0.120000
406   0.000000
407   0.090000
408  -0.055000
409  -0.120000
410   0.030000
411   0.050000
412  -0.050000
413   0.070000
414  -0.015000
415  -0.015000
416  -0.090000
417  -0.050000
418   0.065000
419   0.045000
420  -0.060000
421   0.015000
422  -0.015000
423   0.035000
424   0.040000
425   0.040000
426   0.065000
427  -0.035000
428   0.055000
429   0.035000
430   0.090000
431   0.005000
432  -0.005000
433  -0.080000
434  -0.010000
435  -0.040000
436  -0.020000
437  -0.075000
438   0.035000
439  -0.010000
440   0.060000
441   0.005000
442  -0.030000
443  -0.035000
444  -0.040000
445   0.000000
446  -0.030000
447   0.010000
448   0.065000
449   0.070000
450   0.015000
451  -0.030000
452  -0.045000
453  -0.040000
454   0.060000
455  -0.050000
456  -0.085000
457   0.025000
458   0.080000
459   0.060000
460  -0.015000
461   0.060000
462  -0.005000
463  -0.015000
464  -0.000000
465   0.010000
466  -0.025000
467  -0.035000
468  -0.030000
469  -0.050000
470  -0.040000
471  -0.145000
472  -0.005000
473  -0.025000
474   0.045000
475   0.070000
476  -0.065000
477  -0.060000
478  -0.065000
479   0.055000
480   0.075000
481  -0.050000
482  -0.015000
483   0.005000
484  -0.025000
485   0.050000
486  -0.115000
487  -0.060000
488  -0.080000
489  -0.075000
490   0.005000
491  -0.055000
492  -0.010000
493  -0.025000
494  -0.025000
495  -0.105000
496   0.060000
497  -0.075000
498  -0.065000
499   0.080000
500  -0.090000
-499   0.050000
-498   0.060000
-497   0.010000
-496  -0.075000
-495  -0.000000
-494   0.000000
-493  -0.010000
-492  -0.040000
-491  -0.050000
-490   0.025000
-489  -0.050000
-488  -0.000000
-487   0.015000
-486  -0.025000
-485  -0.010000
-484   0.030000
-483   0.000000
-482  -0.065000
-481   0.020000
-480   0.060000
-479   0.065000
-478  -0.025000
-477  -0.055000
-476   0.045000
-475   0.035000
-474   0.010000
-473   0.025000
-472  -0.085000
-471   0.030000
-470  -0.040000
-469   0.020000
-468  -0.050000
-467  -0.030000
-466   0.065000
-465   0.050000
-464   0.030000
-463   0.025000
-462   0.005000
-461  -0.035000
-460   0.010000
-459  -0.060000
-458  -0.040000
-457   0.040000
-456   0.065000
-455  -0.105000
-454  -0.020000
-453   0.010000
-452   0.015000
-451  -0.025000
-450  -0.080000
-449  -0.040000
-448   0.110000
-447   0.005000
-446   0.025000
-445   0.125000
-444  -0.060000
-443  -0.055000
-442  -0.025000
-441  -0.055000
-440  -0.045000
-439   0.095000
-438   0.005000
-437   0.010000
-436  -0.050000
-435   0.000000
-434  -0.055000
-433  -0.030000
-432   0.035000
-431   0.010000
-430   0.080000
-429  -0.050000
-428  -0.080000
-427  -0.060000
-426   0.040000
-425  -0.015000
-424  -0.025000
-423   0.040000
-422   0.065000
-421   0.025000
-420  -0.020000
-419  -0.040000
-418  -0.015000
-417   0.050000
-416  -0.090000
-415  -0.030000
-414  -0.055000
-413   0.005000
-412  -0.010000
-411  -0.030000
-410  -0.105000
-409  -0.055000
-408   0.020000
-407   0.025000
-406  -0.075000
-405   0.040000
-404  -0.025000
-403   0.010000
-402  -0.015000
-401  -0.005000
-400   0.015000
-399  -0.035000
-398  -0.065000
-397   0.070000
-396   0.050000
-395   0.020000
-394   0.060000
-393  -0.030000
-392   0.120000
-391  -0.040000
-390  -0.050000
-389  -0.080000
-388   0.010000
-387  -0.015000
-386   0.095000
-385   0.035000
-384   0.080000
-383   0.040000
-382  -0.020000
-381  -0.110000
-380   0.035000
-379   0.040000
-378   0.010000
-377   0.050000
-376  -0.040000
-375  -0.020000
-374   0.040000
-373  -0.055000
-372   0.000000
-371   0.040000
-370  -0.010000
-369   0.010000
-368   0.050000
-367  -0.075000
-366   0.105000
-365  -0.020000
-364  -0.015000
-363  -0.005000
-362   0.040000
-361   0.055000
-360  -0.035000
-359  -0.010000
-358   0.020000
-357   0.060000
-356  -0.015000
-355   0.085000
-354   0.045000
-353  -0.025000
-352   0.090000
-351   0.010000
-350  -0.035000
-349   0.120000
-348   0.030000
-347  -0.015000
-346  -0.125000
-345   0.045000
-344  -0.050000
-343   0.055000
-342   0.010000
-341   0.010000
-340   0.005000
-339  -0.050000
-338   0.025000
-337   0.040000
-336  -0.095000
-335  -0.000000
-334  -0.030000
-333  -0.040000
-332  -0.030000
-331  -0.030000
-330  -0.015000
-329   0.005000
-328   0.015000
-327   0.015000
-326   0.040000
-325  -0.005000
-324   0.065000
-323  -0.055000
-322   0.010000
-321  -0.050000
-320  -0.070000
-319  -0.035000
-318  -0.015000
-317  -0.000000
-316   0.140000
-315  -0.035000
-314   0.020000
-313   0.080000
-312  -0.020000
-311  -0.040000
-310  -0.030000
-309   0.020000
-308  -0.045000
-307  -0.055000
-306   0.070000
-305   0.015000
-304   0.020000
-303   0.010000
-302   0.005000
-301   0.015000
-300   0.015000
-299   0.010000
-298  -0.035000
-297  -0.115000
-296  -0.045000
-295   0.090000
-294  -0.055000
-293   0.035000
-292  -0.025000
-291   0.030000
-290   0.075000
-289   0.015000
-288  -0.105000
-287   0.025000
-286   0.005000
-285  -0.015000
-284   0.005000
-283  -0.130000
-282   0.090000
-281   0.020000
-280   0.035000
-279  -0.020000
-278   0.030000
-277   0.065000
-276  -0.025000
-275  -0.060000
-274   0.035000
-273  -0.040000
-272   0.070000
-271   0.020000
-270  -0.010000
-269  -0.060000
-268  -0.055000
-267  -0.060000
-266   0.045000
-265  -0.030000
-264   0.035000
-263  -0.025000
-262   0.035000
-261  -0.025000
-260   0.025000
-259  -0.050000
-258  -0.030000
-257   0.070000
-256   0.060000
-255   0.060000
-254  -0.085000
-253   0.025000
-252  -0.035000
-251   0.055000
-250   0.055000
-249  -0.110000
-248   0.045000
-247  -0.040000
-246  -0.010000
-245   0.040000
-244  -0.020000
-243  -0.050000
-242   0.040000
-241   0.015000
-240   0.030000
-239  -0.090000
-238  -0.005000
-237  -0.065000
-236   0.030000
-235   0.025000
-234   0.045000
-233   0.020000
-232   0.010000
-231  -0.035000
-230   0.035000
-229  -0.095000
-228   0.010000
-227   0.050000
-226   0.005000
-225  -0.010000
-224   0.040000
-223   0.040000
-222   0.005000
-221  -0.005000
-220  -0.010000
-219  -0.000000
-218   0.010000
-217  -0.095000
-216   0.090000
-215   0.030000
-214  -0.110000
-213  -0.015000
-212  -0.010000
-211   0.015000
-210  -0.055000
-209  -0.005000
-208  -0.025000
-207  -0.025000
-206   0.020000
-205   0.035000
-204  -0.020000
-203  -0.050000
-202   0.005000
-201  -0.120000
-200   0.100000
-199   0.005000
-198  -0.005000
-197   0.000000
-196   0.090000
-195   0.030000
-194   0.060000
-193   0.045000
-192   0.000000
-191  -0.030000
-190  -0.020000
-189   0.030000
-188  -0.020000
-187  -0.060000
-186   0.065000
-185  -0.010000
-184   0.015000
-183  -0.020000
-182   0.080000
-181  -0.015000
-180   0.070000
-179  -0.015000
-178  -0.040000
-177   0.035000
-176   0.000000
-175  -0.040000
-174  -0.030000
-173  -0.040000
-172   0.040000
-171   0.110000
-170   0.085000
-169  -0.000000
-168   0.045000
-167  -0.055000
-166   0.010000
-165   0.020000
-164   0.025000
-163  -0.040000
-162   0.055000
-161  -0.005000
-160  -0.040000
-159   0.030000
-158  -0.045000
-157   0.005000
-156  -0.035000
-155   0.025000
-154  -0.000000
-153   0.040000
-152   0.020000
-151  -0.040000
-150   0.005000
-149   0.090000
-148  -0.005000
-147  -0.020000
-146   0.065000
-145  -0.065000
-144  -0.060000
-143  -0.100000
-142  -0.015000
-141   0.005000
-140  -0.055000
-139  -0.025000
-138  -0.020000
-137  -0.075000
-136   0.035000
-135  -0.060000
-134   0.025000
-133  -0.065000
-132  -0.075000
-131  -0.030000
-130  -0.100000
-129   0.000000
-128   0.035000
-127   0.030000
-126   0.020000
-125   0.015000
-124  -0.035000
-123  -0.035000
-122   0.040000
-121  -0.045000
-120  -0.115000
-119  -0.015000
-118  -0.025000
-117  -0.015000
-116   0.045000
-115  -0.020000
-114   0.010000
-113   0.010000
-112   0.050000
-111  -0.005000
-110  -0.030000
-109  -0.010000
-108   0.030000
-107   0.045000
-106  -0.065000
-105   0.090000
-104   0.005000
-103  -0.025000
-102   0.090000
-101   0.060000
-100   0.005000
-99  -0.065000
-98   0.010000
-97  -0.105000
-96  -0.015000
-95  -0.040000
-94  -0.050000
-93  -0.080000
-92  -0.015000
-91  -0.035000
-90  -0.045000
-89   0.020000
-88   0.005000
-87   0.100000
-86  -0.080000
-85   0.030000
-84   0.010000
-83   0.035000
-82  -0.040000
-81   0.020000
-80   0.000000
-79  -0.015000
-78  -0.040000
-77   0.020000
-76   0.140000
-75   0.065000
-74  -0.015000
-73  -0.030000
-72  -0.030000
-71   0.015000
-70  -0.040000
-69  -0.125000
-68   0.005000
-67   0.000000
-66   0.015000
-65   0.020000
-64   0.035000
-63  -0.030000
-62   0.080000
-61   0.090000
-60   0.065000
-59  -0.115000
-58  -0.095000
-57  -0.040000
-56  -0.015000
-55  -0.010000
-54  -0.000000
-53  -0.055000
-52   0.015000
-51   0.025000
-50  -0.020000
-49  -0.060000
-48   0.000000
-47  -0.100000
-46   0.065000
-45   0.060000
-44   0.035000
-43   0.040000
-42  -0.045000
-41  -0.030000
-40   0.040000
-39   0.020000
-38   0.015000
-37  -0.015000
-36  -0.025000
-35   0.025000
-34  -0.040000
-33   0.010000
-32   0.030000
-31   0.030000
-30  -0.020000
-29  -0.015000
-28  -0.030000
-27  -0.045000
-26  -0.020000
-25  -0.035000
-24  -0.050000
-23  -0.120000
-22   0.115000
-21  -0.065000
-20  -0.055000
-19   0.185000
-18   0.005000
-17  -0.045000
-16   0.040000
-15   0.060000
-14   0.075000
-13  -0.030000
-12  -0.030000
-11   0.025000
-10  -0.025000
-9  -0.060000
-8  -0.030000
-7  -0.020000
-6   0.050000
-5   0.075000
-4  -0.020000
-3  -0.015000
-2  -0.030000
-1   0.065000
