0   0.025000
1  -0.020000
2   0.040000
3  -0.005000
4  -0.045000
5  -0.030000
6   0.035000
7   0.020000
8   0.030000
9   0.110000
10   0.030000
11  -0.045000
12   0.020000
13   0.015000
14   0.045000
15   0.025000
16  -0.025000
17   0.015000
18  -0.000000
19   0.075000
20  -0.015000
21  -0.015000
22   0.000000
23  -0.035000
24  -0.025000
25  -0.045000
26   0.020000
27   0.020000
28  -0.060000
29   0.010000
30   0.010000
31   0.025000
32  -0.005000
33   0.015000
34   0.015000
35   0.010000
36   0.045000
37  -0.085000
38  -0.060000
39   0.045000
40  -0.055000
41  -0.105000
42   0.060000
43   0.070000
44  -0.025000
45  -0.010000
46   0.010000
47  -0.015000
48   0.110000
49  -0.075000
50   0.100000
51   0.080000
52   0.040000
53  -0.000000
54  -0.100000
55   0.090000
56   0.070000
57   0.040000
58  -0.005000
59   0.020000
60   0.060000
61  -0.010000
62   0.050000
63  -0.040000
64  -0.005000
65   0.040000
66   0.005000
67   0.135000
68  -0.015000
69  -0.030000
70   0.025000
71  -0.080000
72  -0.015000
73   0.005000
74  -0.065000
75   0.045000
76  -0.000000
77   0.050000
78   0.085000
79   0.010000
80   0.040000
81  -0.005000
82   0.045000
83  -0.010000
84  -0.050000
85  -0.010000
86   0.025000
87   0.055000
88  -0.010000
89   0.020000
90  -0.040000
91  -0.065000
92  -0.065000
93   0.065000
94  -0.035000
95   0.105000
96  -0.080000
97   0.050000
98   0.120000
99  -0.020000
100   0.045000
101   0.050000
102  -0.060000
103  -0.020000
104  -0.000000
105   0.090000
106  -0.035000
107   0.045000
108   0.095000
109   0.025000
110  -0.140000
111   0.010000
112  -0.075000
113   0.010000
114  -0.055000
115  -0.025000
116  -0.035000
117   0.015000
118   0.005000
119   0.055000
120   0.065000
121  -0.125000
122  -0.075000
123   0.050000
124  -0.025000
125   0.025000
126  -0.005000
127   0.005000
128   0.100000
129   0.000000
130  -0.035000
131  -0.025000
132  -0.085000
133   0.060000
134   0.095000
135   0.015000
136   0.025000
137   0.015000
138   0.005000
139   0.075000
140  -0.050000
141  -0.045000
142   0.025000
143  -0.145000
144   0.060000
145   0.025000
146   0.040000
147   0.035000
148   0.035000
149   0.025000
150   0.070000
151   0.060000
152  -0.110000
153  -0.010000
154   0.075000
155   0.045000
156   0.015000
157  -0.015000
158  -0.045000
159   0.090000
160  -0.040000
161  -0.015000
162  -0.040000
163   0.015000
164  -0.025000
165  -0.045000
166  -0.075000
167  -0.050000
168  -0.045000
169   0.005000
170   0.045000
171  -0.010000
172  -0.010000
173   0.025000
174   0.005000
175   0.025000
176  -0.075000
177  -0.005000
178  -0.035000
179  -0.045000
180  -0.065000
181  -0.125000
182   0.000000
183  -0.105000
184   0.100000
185  -0.025000
186   0.005000
187  -0.025000
188   0.020000
189   0.095000
190  -0.075000
191   0.010000
192  -0.005000
193  -0.020000
194   0.050000
195   0.055000
196   0.025000
197  -0.020000
198  -0.045000
199  -0.025000
200   0.015000
201  -0.035000
202  -0.040000
203   0.070000
204  -0.020000
205   0.075000
206  -0.005000
207  -0.010000
208   0.035000
209  -0.115000
210   0.025000
211  -0.020000
212   0.025000
213   0.030000
214   0.000000
215   0.095000
216   0.095000
217  -0.010000
218   0.075000
219  -0.020000
220   0.050000
221   0.005000
222  -0.050000
223   0.000000
224   0.045000
225  -0.005000
226   0.055000
227  -0.030000
228   0.025000
229   0.025000
230   0.035000
231   0.050000
232   0.050000
233  -0.070000
234   0.015000
235   0.050000
236   0.055000
237  -0.010000
238  -0.040000
239  -0.045000
240  -0.080000
241  -0.075000
242   0.025000
243   0.050000
244  -0.030000
245   0.025000
246   0.090000
247   0.020000
248   0.005000
249   0.005000
250   0.005000
251  -0.115000
252   0.025000
253   0.005000
254   0.000000
255   0.040000
256  -0.025000
257  -0.015000
258  -0.010000
259  -0.010000
260  -0.000000
261   0.045000
262  -0.075000
263  -0.040000
264  -0.020000
265  -0.025000
266  -0.025000
267  -0.030000
268   0.035000
269   0.025000
270  -0.005000
271   0.020000
272  -0.065000
273  -0.090000
274   0.015000
275  -0.005000
276  -0.020000
277  -0.045000
278  -0.090000
279  -0.105000
280  -0.040000
281   0.055000
282   0.025000
283   0.030000
284   0.010000
285  -0.045000
286   0.070000
287  -0.155000
288  -0.035000
289   0.025000
290  -0.020000
291  -0.095000
292  -0.020000
293  -0.075000
294   0.005000
295   0.070000
296  -0.050000
297   0.090000
298   0.005000
299   0.025000
300   0.040000
301   0.010000
302  -0.055000
303   0.070000
304   0.040000
305  -0.000000
306   0.010000
307   0.040000
308   0.000000
309  -0.010000
310  -0.050000
311  -0.030000
312  -0.015000
313  -0.010000
314   0.000000
315   0.045000
316   0.090000
317   0.070000
318   0.070000
319   0.090000
320   0.020000
321   0.120000
322   0.030000
323  -0.055000
324  -0.010000
325   0.060000
326   0.030000
327   0.005000
328  -0.040000
329   0.010000
330   0.075000
331   0.005000
332  -0.040000
333  -0.020000
334  -0.080000
335  -0.130000
336   0.010000
337   0.020000
338  -0.015000
339  -0.030000
340  -0.100000
341  -0.085000
342  -0.015000
343  -0.010000
344  -0.085000
345  -0.010000
346   0.080000
347  -0.030000
348  -0.015000
349   0.045000
350   0.015000
351  -0.035000
352   0.010000
353   0.040000
354   0.065000
355  -0.055000
356  -0.075000
357   0.060000
358   0.020000
359   0.035000
360   0.025000
361  -0.080000
362  -0.025000
363   0.015000
364  -0.065000
365  -0.040000
366  -0.075000
367   0.015000
368   0.050000
369   0.065000
370   0.020000
371  -0.025000
372   0.000000
373  -0.050000
374   0.070000
375   0.005000
376  -0.035000
377   0.030000
378   0.010000
379   0.010000
380  -0.095000
381  -0.045000
382  -0.010000
383   0.050000
384  -0.005000
385   0.010000
386   0.005000
387  -0.010000
388   0.005000
389  -0.025000
390   0.035000
391   0.120000
392   0.080000
393   0.015000
394   0.015000
395  -0.055000
396  -0.030000
397  -0.050000
398   0.030000
399  -0.030000
400  -0.085000
401   0.030000
402   0.055000
403   0.080000
404  -0.045000
405  -0.065000
406  -0.055000
407  -0.005000
408   0.060000
409   0.065000
410  -0.040000
411  -0.095000
412  -0.020000
413   0.050000
414   0.030000
415   0.100000
416  -0.055000
417   0.010000
418   0.005000
419   0.005000
420   0.015000
421  -0.045000
422   0.100000
423   0.045000
424  -0.095000
425   0.025000
426  -0.030000
427   0.020000
428   0.050000
429  -0.015000
430  -0.005000
431  -0.005000
432   0.010000
433  -0.010000
434   0.010000
435  -0.060000
436   0.110000
437  -0.030000
438   0.015000
439   0.025000
440  -0.000000
441   0.030000
442   0.040000
443   0.005000
444  -0.035000
445  -0.015000
446  -0.065000
447  -0.005000
448  -0.025000
449  -0.015000
450   0.025000
451   0.025000
452   0.060000
453   0.040000
454   0.020000
455   0.000000
456  -0.040000
457  -0.020000
458  -0.035000
459  -0.040000
460   0.045000
461   0.015000
462   0.025000
463   0.025000
464  -0.070000
465  -0.020000
466  -0.060000
467   0.040000
468   0.025000
469  -0.025000
470   0.020000
471   0.005000
472   0.025000
473   0.080000
474   0.050000
475   0.010000
476  -0.070000
477  -0.055000
478   0.025000
479   0.010000
480  -0.000000
481  -0.050000
482   0.110000
483  -0.055000
484   0.075000
485   0.025000
486  -0.040000
487   0.055000
488   0.060000
489   0.000000
490  -0.030000
491   0.030000
492  -0.030000
493   0.115000
494   0.005000
495   0.005000
496   0.010000
497  -0.030000
498   0.010000
499   0.035000
500   0.050000
-499   0.005000
-498  -0.075000
-497  -0.000000
-496   0.030000
-495  -0.005000
-494   0.060000
-493   0.015000
-492  -0.005000
-491   0.020000
-490  -0.010000
-489   0.120000
-488   0.015000
-487   0.070000
-486   0.005000
-485  -0.100000
-484   0.040000
-483  -0.085000
-482  -0.025000
-481   0.060000
-480   0.045000
-479  -0.030000
-478  -0.005000
-477   0.140000
-476   0.010000
-475  -0.030000
-474  -0.030000
-473  -0.055000
-472  -0.065000
-471   0.030000
-470   0.005000
-469   0.030000
-468   0.005000
-467   0.000000
-466  -0.035000
-465  -0.045000
-464   0.030000
-463   0.010000
-462   0.085000
-461   0.055000
-460  -0.010000
-459   0.010000
-458   0.010000
-457   0.045000
-456  -0.025000
-455  -0.050000
-454  -0.030000
-453   0.070000
-452  -0.055000
-451   0.035000
-450   0.035000
-449  -0.030000
-448  -0.085000
-447   0.005000
-446  -0.050000
-445  -0.030000
-444   0.060000
-443   0.015000
-442   0.015000
-441  -0.040000
-440  -0.045000
-439   0.020000
-438   0.075000
-437  -0.055000
-436  -0.025000
-435  -0.080000
-434  -0.010000
-433   0.010000
-432   0.030000
-431   0.075000
-430  -0.030000
-429  -0.005000
-428   0.040000
-427  -0.015000
-426  -0.125000
-425   0.115000
-424   0.020000
-423  -0.030000
-422  -0.060000
-421  -0.060000
-420   0.030000
-419   0.005000
-418  -0.010000
-417  -0.025000
-416   0.140000
-415  -0.005000
-414  -0.045000
-413  -0.075000
-412   0.125000
-411  -0.060000
-410   0.010000
-409  -0.130000
-408   0.055000
-407   0.000000
-406  -0.015000
-405   0.035000
-404   0.075000
-403   0.010000
-402   0.020000
-401   0.010000
-400  -0.040000
-399  -0.035000
-398  -0.000000
-397  -0.025000
-396  -0.085000
-395  -0.025000
-394   0.045000
-393   0.035000
-392   0.040000
-391   0.000000
-390   0.050000
-389   0.065000
-388  -0.045000
-387   0.030000
-386  -0.010000
-385  -0.030000
-384  -0.065000
-383   0.045000
-382  -0.050000
-381   0.055000
-380   0.005000
-379   0.050000
-378  -0.055000
-377   0.020000
-376   0.010000
-375  -0.010000
-374  -0.080000
-373   0.025000
-372  -0.095000
-371   0.075000
-370  -0.025000
-369   0.020000
-368  -0.010000
-367   0.060000
-366  -0.020000
-365  -0.015000
-364  -0.050000
-363  -0.040000
-362  -0.095000
-361  -0.010000
-360  -0.035000
-359  -0.040000
-358   0.055000
-357   0.005000
-356  -0.020000
-355  -0.030000
-354   0.015000
-353   0.010000
-352   0.025000
-351  -0.035000
-350   0.060000
-349  -0.035000
-348   0.010000
-347   0.050000
-346  -0.005000
-345  -0.070000
-344  -0.050000
-343   0.000000
-342   0.040000
-341  -0.035000
-340  -0.050000
-339   0.065000
-338   0.035000
-337  -0.005000
-336  -0.030000
-335   0.055000
-334  -0.070000
-333   0.015000
-332  -0.005000
-331   0.025000
-330   0.100000
-329  -0.040000
-328   0.025000
-327   0.000000
-326   0.020000
-325  -0.035000
-324   0.135000
-323  -0.060000
-322  -0.045000
-321  -0.020000
-320  -0.010000
-319  -0.070000
-318  -0.055000
-317   0.010000
-316  -0.025000
-315   0.075000
-314   0.115000
-313  -0.075000
-312   0.030000
-311  -0.060000
-310  -0.050000
-309  -0.005000
-308  -0.010000
-307   0.065000
-306  -0.040000
-305  -0.120000
-304   0.000000
-303   0.040000
-302   0.070000
-301   0.080000
-300   0.040000
-299   0.060000
-298  -0.000000
-297  -0.015000
-296  -0.025000
-295   0.040000
-294  -0.055000
-293  -0.105000
-292   0.015000
-291  -0.060000
-290   0.020000
-289  -0.010000
-288  -0.095000
-287   0.110000
-286   0.050000
-285  -0.015000
-284  -0.055000
-283   0.000000
-282  -0.035000
-281   0.025000
-280   0.015000
-279  -0.010000
-278  -0.050000
-277  -0.035000
-276   0.045000
-275   0.025000
-274   0.065000
-273   0.005000
-272  -0.035000
-271  -0.055000
-270   0.000000
-269   0.075000
-268  -0.005000
-267   0.035000
-266  -0.015000
-265  -0.005000
-264  -0.035000
-263  -0.020000
-262   0.040000
-261   0.020000
-260   0.175000
-259   0.085000
-258  -0.055000
-257   0.125000
-256   0.030000
-255   0.010000
-254  -0.005000
-253   0.000000
-252   0.010000
-251   0.070000
-250   0.120000
-249   0.095000
-248  -0.055000
-247   0.000000
-246   0.050000
-245  -0.085000
-244   0.020000
-243   0.085000
-242   0.000000
-241   0.015000
-240   0.030000
-239   0.005000
-238  -0.025000
-237  -0.030000
-236   0.055000
-235   0.045000
-234  -0.020000
-233  -0.015000
-232  -0.005000
-231  -0.050000
-230   0.005000
-229   0.010000
-228   0.065000
-227   0.055000
-226  -0.040000
-225  -0.005000
-224  -0.065000
-223  -0.025000
-222   0.015000
-221  -0.080000
-220  -0.005000
-219  -0.060000
-218  -0.015000
-217   0.085000
-216  -0.030000
-215   0.030000
-214  -0.060000
-213   0.100000
-212  -0.010000
-211   0.025000
-210   0.010000
-209  -0.025000
-208  -0.060000
-207  -0.025000
-206   0.130000
-205  -0.040000
-204  -0.000000
-203  -0.060000
-202  -0.015000
-201   0.005000
-200  -0.040000
-199  -0.015000
-198   0.005000
-197   0.020000
-196   0.010000
-195  -0.050000
-194  -0.020000
-193  -0.090000
-192  -0.070000
-191  -0.015000
-190   0.005000
-189  -0.090000
-188  -0.035000
-187   0.040000
-186   0.020000
-185  -0.100000
-184   0.050000
-183   0.040000
-182   0.025000
-181  -0.065000
-180   0.010000
-179   0.045000
-178   0.020000
-177  -0.075000
-176  -0.040000
-175   0.010000
-174  -0.050000
-173  -0.070000
-172   0.035000
-171   0.010000
-170   0.010000
-169  -0.060000
-168  -0.045000
-167  -0.055000
-166  -0.035000
-165  -0.070000
-164   0.060000
-163   0.005000
-162  -0.005000
-161   0.065000
-160   0.010000
-159   0.055000
-158   0.025000
-157   0.010000
-156   0.015000
-155   0.010000
-154  -0.020000
-153   0.025000
-152  -0.035000
-151   0.055000
-150   0.020000
-149  -0.015000
-148   0.020000
-147   0.035000
-146  -0.005000
-145   0.040000
-144   0.030000
-143   0.015000
-142  -0.035000
-141  -0.040000
-140   0.000000
-139   0.045000
-138   0.025000
-137   0.010000
-136   0.075000
-135   0.020000
-134  -0.055000
-133  -0.025000
-132   0.030000
-131  -0.010000
-130   0.045000
-129  -0.075000
-128  -0.010000
-127  -0.060000
-126   0.030000
-125   0.025000
-124  -0.010000
-123  -0.005000
-122   0.010000
-121   0.010000
-120   0.030000
-119  -0.015000
-118   0.005000
-117   0.030000
-116  -0.075000
-115  -0.015000
-114   0.035000
-113  -0.040000
-112   0.040000
-111   0.000000
-110   0.025000
-109   0.000000
-108   0.070000
-107   0.050000
-106  -0.065000
-105  -0.075000
-104   0.005000
-103   0.015000
-102   0.035000
-101  -0.025000
-100   0.115000
-99  -0.015000
-98   0.005000
-97  -0.095000
-96   0.050000
-95  -0.070000
-94   0.035000
-93   0.020000
-92   0.010000
-91   0.030000
-90   0.020000
-89   0.040000
-88   0.035000
-87   0.000000
-86  -0.005000
-85   0.035000
-84  -0.050000
-83   0.045000
-82  -0.050000
-81  -0.065000
-80  -0.045000
-79   0.060000
-78  -0.020000
-77  -0.010000
-76  -0.005000
-75  -0.015000
-74   0.075000
-73   0.005000
-72   0.005000
-71   0.050000
-70   0.135000
-69  -0.055000
-68   0.050000
-67   0.040000
-66  -0.010000
-65   0.015000
-64   0.000000
-63  -0.040000
-62   0.000000
-61   0.060000
-60  -0.090000
-59  -0.015000
-58  -0.140000
-57   0.035000
-56   0.025000
-55  -0.020000
-54  -0.060000
-53  -0.010000
-52   0.025000
-51  -0.010000
-50   0.050000
-49   0.100000
-48   0.050000
-47   0.005000
-46  -0.010000
-45   0.025000
-44  -0.050000
-43  -0.040000
-42  -0.090000
-41  -0.060000
-40  -0.035000
-39   0.030000
-38  -0.050000
-37   0.055000
-36  -0.035000
-35   0.065000
-34   0.045000
-33   0.020000
-32  -0.030000
-31   0.055000
-30   0.035000
-29   0.030000
-28   0.020000
-27   0.075000
-26   0.090000
-25  -0.020000
-24   0.070000
-23  -0.015000
-22   0.000000
-21  -0.050000
-20  -0.030000
-19  -0.045000
-18   0.005000
-17   0.040000
-16  -0.015000
-15  -0.145000
-14   0.005000
-13   0.015000
-12   0.055000
-11  -0.010000
-10  -0.000000
-9  -0.020000
-8   0.000000
-7   0.035000
-6   0.040000
-5  -0.090000
-4  -0.050000
-3   0.055000
-2   0.000000
-1   0.070000
