0   0.020000
1  -0.035000
2   0.060000
3  -0.045000
4   0.040000
5  -0.030000
6  -0.080000
7  -0.005000
8  -0.090000
9  -0.000000
10   0.025000
11  -0.025000
12  -0.010000
13   0.015000
14   0.090000
15  -0.045000
16  -0.080000
17   0.005000
18  -0.035000
19  -0.050000
20   0.010000
21   0.030000
22  -0.020000
23  -0.030000
24  -0.045000
25  -0.015000
26   0.015000
27  -0.145000
28  -0.035000
29  -0.030000
30   0.030000
31   0.060000
32  -0.005000
33   0.000000
34  -0.090000
35   0.035000
36   0.020000
37  -0.045000
38   0.055000
39   0.025000
40   0.075000
41   0.095000
42  -0.040000
43   0.035000
44   0.015000
45   0.105000
46  -0.105000
47   0.115000
48  -0.000000
49  -0.010000
50   0.045000
51  -0.040000
52   0.015000
53   0.035000
54  -0.045000
55  -0.090000
56  -0.020000
57   0.065000
58   0.020000
59  -0.010000
60   0.040000
61   0.060000
62  -0.000000
63   0.010000
64  -0.030000
65   0.045000
66  -0.090000
67   0.045000
68  -0.005000
69  -0.035000
70   0.025000
71  -0.055000
72   0.030000
73   0.025000
74   0.010000
75   0.025000
76   0.005000
77   0.085000
78   0.030000
79  -0.035000
80   0.105000
81  -0.085000
82  -0.035000
83  -0.020000
84  -0.010000
85  -0.070000
86  -0.050000
87   0.045000
88   0.065000
89   0.045000
90  -0.070000
91   0.035000
92   0.010000
93   0.010000
94  -0.005000
95  -0.015000
96  -0.015000
97  -0.030000
98   0.010000
99  -0.060000
100   0.005000
101   0.070000
102  -0.020000
103  -0.030000
104  -0.110000
105  -0.025000
106   0.035000
107   0.045000
108   0.050000
109   0.030000
110   0.080000
111  -0.030000
112   0.050000
113  -0.030000
114  -0.035000
115   0.005000
116   0.030000
117  -0.030000
118  -0.005000
119   0.080000
120   0.080000
121   0.090000
122  -0.020000
123   0.020000
124  -0.025000
125   0.100000
126  -0.025000
127   0.025000
128  -0.130000
129   0.030000
130   0.010000
131  -0.000000
132   0.015000
133   0.045000
134  -0.095000
135   0.085000
136   0.065000
137   0.015000
138   0.005000
139  -0.060000
140   0.015000
141  -0.060000
142   0.050000
143   0.000000
144   0.005000
145  -0.055000
146   0.070000
147   0.035000
148  -0.020000
149  -0.025000
150  -0.015000
151   0.015000
152  -0.045000
153   0.085000
154   0.090000
155  -0.030000
156  -0.080000
157  -0.005000
158  -0.050000
159  -0.080000
160  -0.020000
161   0.010000
162   0.090000
163  -0.130000
164  -0.005000
165   0.020000
166   0.000000
167   0.015000
168  -0.005000
169  -0.095000
170  -0.075000
171   0.040000
172   0.000000
173  -0.045000
174   0.045000
175  -0.075000
176  -0.030000
177   0.040000
178  -0.005000
179   0.035000
180   0.075000
181  -0.015000
182  -0.075000
183   0.015000
184   0.000000
185  -0.010000
186   0.010000
187  -0.045000
188   0.050000
189  -0.030000
190  -0.065000
191   0.035000
192   0.015000
193   0.010000
194   0.065000
195   0.025000
196   0.005000
197   0.020000
198  -0.070000
199   0.005000
200  -0.010000
201   0.035000
202  -0.040000
203  -0.010000
204   0.030000
205   0.060000
206   0.025000
207   0.010000
208  -0.000000
209  -0.075000
210   0.070000
211  -0.070000
212  -0.055000
213   0.000000
214   0.050000
215   0.030000
216  -0.045000
217  -0.065000
218  -0.050000
219   0.070000
220   0.110000
221  -0.035000
222  -0.045000
223  -0.045000
224   0.070000
225  -0.025000
226   0.120000
227  -0.065000
228   0.010000
229  -0.065000
230  -0.065000
231  -0.045000
232  -0.210000
233   0.075000
234  -0.020000
235  -0.060000
236   0.070000
237   0.020000
238  -0.000000
239   0.120000
240   0.040000
241  -0.040000
242   0.025000
243  -0.005000
244   0.060000
245  -0.085000
246   0.040000
247  -0.045000
248  -0.080000
249  -0.045000
250  -0.060000
251   0.045000
252  -0.010000
253  -0.095000
254   0.050000
255  -0.055000
256  -0.085000
257  -0.145000
258   0.000000
259  -0.015000
260   0.045000
261  -0.020000
262   0.070000
263   0.010000
264   0.075000
265   0.025000
266   0.025000
267   0.040000
268  -0.065000
269  -0.010000
270   0.030000
271  -0.010000
272  -0.085000
273  -0.005000
274   0.045000
275   0.005000
276  -0.025000
277  -0.035000
278   0.020000
279   0.015000
280   0.010000
281  -0.010000
282  -0.045000
283   0.020000
284  -0.100000
285  -0.035000
286  -0.030000
287  -0.000000
288   0.090000
289   0.075000
290   0.060000
291  -0.055000
292  -0.035000
293  -0.075000
294  -0.060000
295  -0.045000
296   0.070000
297   0.005000
298  -0.020000
299   0.045000
300   0.060000
301   0.030000
302  -0.060000
303  -0.020000
304   0.010000
305  -0.070000
306   0.025000
307  -0.025000
308   0.045000
309   0.070000
310   0.020000
311  -0.070000
312  -0.015000
313   0.000000
314   0.005000
315  -0.075000
316  -0.025000
317   0.015000
318  -0.050000
319  -0.035000
320   0.055000
321  -0.070000
322   0.035000
323   0.020000
324   0.030000
325  -0.030000
326   0.090000
327   0.010000
328   0.015000
329  -0.010000
330  -0.010000
331   0.100000
332  -0.020000
333  -0.045000
334  -0.000000
335  -0.015000
336   0.020000
337   0.065000
338  -0.005000
339   0.075000
340   0.070000
341   0.125000
342  -0.055000
343  -0.060000
344  -0.045000
345  -0.070000
346  -0.115000
347  -0.045000
348   0.025000
349   0.010000
350  -0.015000
351  -0.055000
352   0.020000
353   0.095000
354   0.015000
355  -0.090000
356   0.065000
357  -0.020000
358   0.060000
359   0.080000
360  -0.010000
361   0.075000
362  -0.050000
363   0.025000
364  -0.015000
365  -0.005000
366   0.080000
367  -0.005000
368  -0.090000
369   0.000000
370  -0.015000
371   0.075000
372   0.065000
373  -0.050000
374  -0.030000
375   0.045000
376  -0.000000
377   0.045000
378  -0.005000
379  -0.085000
380   0.145000
381   0.005000
382   0.000000
383   0.090000
384  -0.040000
385   0.055000
386   0.035000
387   0.000000
388   0.025000
389   0.035000
390  -0.035000
391  -0.025000
392   0.025000
393   0.105000
394  -0.030000
395  -0.035000
396   0.020000
397  -0.030000
398  -0.050000
399  -0.005000
400  -0.030000
401  -0.010000
402   0.060000
403   0.065000
404  -0.065000
405   0.060000
406   0.050000
407   0.035000
408   0.010000
409  -0.030000
410   0.015000
411  -0.025000
412   0.010000
413  -0.015000
414  -0.060000
415  -0.010000
416   0.020000
417   0.055000
418   0.050000
419   0.055000
420  -0.030000
421  -0.035000
422   0.085000
423  -0.045000
424   0.010000
425   0.020000
426   0.085000
427  -0.020000
428   0.045000
429  -0.040000
430   0.025000
431   0.000000
432  -0.065000
433   0.100000
434   0.010000
435  -0.010000
436  -0.040000
437   0.035000
438  -0.065000
439  -0.045000
440  -0.020000
441  -0.025000
442   0.035000
443   0.070000
444   0.005000
445  -0.030000
446   0.040000
447  -0.035000
448  -0.030000
449   0.015000
450  -0.005000
451  -0.040000
452   0.000000
453  -0.025000
454  -0.010000
455   0.005000
456  -0.020000
457  -0.020000
458   0.025000
459   0.010000
460  -0.060000
461   0.080000
462   0.050000
463  -0.060000
464  -0.160000
465   0.030000
466  -0.055000
467   0.020000
468  -0.045000
469   0.090000
470  -0.065000
471   0.075000
472   0.065000
473   0.030000
474   0.015000
475   0.000000
476  -0.025000
477  -0.030000
478   0.005000
479   0.025000
480  -0.005000
481   0.010000
482  -0.010000
483   0.045000
484   0.040000
485   0.030000
486  -0.065000
487   0.035000
488   0.015000
489   0.015000
490   0.080000
491   0.020000
492  -0.015000
493  -0.010000
494  -0.015000
495   0.000000
496  -0.020000
497   0.040000
498  -0.095000
499   0.015000
500  -0.035000
-499  -0.035000
-498   0.035000
-497  -0.055000
-496   0.015000
-495   0.055000
-494   0.080000
-493   0.005000
-492   0.045000
-491  -0.025000
-490  -0.030000
-489  -0.070000
-488   0.040000
-487   0.090000
-486  -0.045000
-485   0.060000
-484   0.050000
-483   0.060000
-482  -0.060000
-481  -0.030000
-480   0.090000
-479  -0.005000
-478   0.025000
-477  -0.010000
-476   0.120000
-475   0.010000
-474  -0.000000
-473  -0.080000
-472  -0.030000
-471  -0.070000
-470  -0.000000
-469   0.080000
-468   0.030000
-467  -0.060000
-466  -0.125000
-465  -0.005000
-464  -0.030000
-463  -0.050000
-462   0.055000
-461  -0.015000
-460   0.120000
-459   0.015000
-458   0.035000
-457   0.045000
-456  -0.035000
-455   0.020000
-454  -0.070000
-453  -0.040000
-452  -0.015000
-451  -0.010000
-450  -0.010000
-449   0.015000
-448  -0.025000
-447   0.005000
-446  -0.025000
-445   0.100000
-444  -0.005000
-443   0.085000
-442  -0.040000
-441   0.060000
-440  -0.065000
-439  -0.040000
-438   0.075000
-437  -0.005000
-436  -0.000000
-435   0.005000
-434   0.000000
-433  -0.015000
-432   0.055000
-431  -0.035000
-430   0.030000
-429   0.015000
-428   0.010000
-427  -0.020000
-426  -0.030000
-425  -0.005000
-424  -0.040000
-423   0.075000
-422   0.065000
-421  -0.050000
-420   0.040000
-419   0.065000
-418  -0.015000
-417  -0.010000
-416   0.060000
-415  -0.020000
-414   0.015000
-413  -0.025000
-412   0.055000
-411  -0.020000
-410  -0.065000
-409  -0.015000
-408   0.000000
-407   0.025000
-406   0.065000
-405   0.025000
-404  -0.020000
-403  -0.010000
-402   0.050000
-401   0.060000
-400   0.065000
-399   0.040000
-398  -0.015000
-397  -0.015000
-396   0.025000
-395  -0.045000
-394   0.040000
-393  -0.055000
-392   0.015000
-391   0.005000
-390  -0.005000
-389  -0.040000
-388   0.060000
-387   0.175000
-386  -0.045000
-385   0.005000
-384   0.090000
-383   0.000000
-382   0.065000
-381  -0.005000
-380   0.030000
-379   0.100000
-378   0.055000
-377   0.020000
-376   0.045000
-375   0.025000
-374  -0.055000
-373   0.030000
-372  -0.060000
-371   0.050000
-370   0.010000
-369   0.045000
-368   0.080000
-367   0.045000
-366   0.000000
-365  -0.035000
-364   0.075000
-363   0.035000
-362  -0.065000
-361   0.070000
-360   0.025000
-359   0.115000
-358  -0.110000
-357   0.005000
-356   0.010000
-355   0.050000
-354   0.030000
-353   0.045000
-352  -0.030000
-351  -0.015000
-350  -0.090000
-349  -0.005000
-348   0.030000
-347  -0.025000
-346  -0.035000
-345   0.050000
-344   0.050000
-343  -0.050000
-342  -0.050000
-341  -0.045000
-340   0.000000
-339   0.050000
-338  -0.100000
-337   0.025000
-336  -0.045000
-335  -0.015000
-334  -0.040000
-333  -0.025000
-332   0.050000
-331  -0.100000
-330  -0.075000
-329  -0.010000
-328   0.030000
-327  -0.055000
-326   0.030000
-325  -0.030000
-324  -0.010000
-323   0.010000
-322  -0.030000
-321  -0.045000
-320  -0.030000
-319  -0.075000
-318   0.025000
-317  -0.035000
-316   0.100000
-315  -0.020000
-314   0.030000
-313  -0.030000
-312  -0.025000
-311   0.020000
-310  -0.045000
-309  -0.085000
-308  -0.040000
-307  -0.115000
-306   0.025000
-305   0.010000
-304  -0.060000
-303  -0.045000
-302   0.005000
-301   0.020000
-300  -0.015000
-299  -0.045000
-298  -0.075000
-297   0.025000
-296   0.000000
-295   0.015000
-294   0.090000
-293  -0.020000
-292   0.105000
-291  -0.025000
-290  -0.020000
-289   0.010000
-288  -0.005000
-287  -0.070000
-286   0.055000
-285   0.085000
-284  -0.050000
-283  -0.085000
-282   0.040000
-281   0.050000
-280  -0.010000
-279   0.015000
-278   0.040000
-277  -0.130000
-276   0.035000
-275  -0.060000
-274  -0.080000
-273   0.025000
-272   0.040000
-271   0.015000
-270   0.020000
-269  -0.000000
-268  -0.105000
-267  -0.035000
-266  -0.035000
-265   0.015000
-264   0.025000
-263   0.005000
-262   0.045000
-261   0.005000
-260  -0.040000
-259  -0.030000
-258  -0.060000
-257  -0.060000
-256  -0.025000
-255   0.105000
-254  -0.065000
-253  -0.050000
-252   0.035000
-251  -0.010000
-250   0.025000
-249  -0.080000
-248  -0.095000
-247   0.035000
-246  -0.005000
-245  -0.005000
-244   0.055000
-243  -0.025000
-242  -0.005000
-241  -0.070000
-240  -0.060000
-239  -0.045000
-238   0.035000
-237   0.005000
-236  -0.060000
-235   0.135000
-234  -0.035000
-233   0.005000
-232  -0.090000
-231   0.030000
-230   0.055000
-229  -0.020000
-228   0.110000
-227  -0.055000
-226   0.025000
-225   0.060000
-224  -0.070000
-223  -0.045000
-222   0.010000
-221   0.070000
-220   0.025000
-219   0.030000
-218  -0.005000
-217   0.075000
-216  -0.010000
-215  -0.020000
-214  -0.005000
-213   0.050000
-212  -0.060000
-211  -0.070000
-210   0.000000
-209   0.060000
-208   0.020000
-207   0.015000
-206   0.055000
-205  -0.040000
-204  -0.005000
-203  -0.050000
-202  -0.100000
-201   0.065000
-200   0.080000
-199   0.035000
-198   0.000000
-197  -0.030000
-196  -0.030000
-195   0.085000
-194   0.105000
-193   0.015000
-192  -0.055000
-191  -0.010000
-190  -0.125000
-189  -0.045000
-188  -0.070000
-187  -0.050000
-186  -0.035000
-185  -0.045000
-184   0.040000
-183  -0.040000
-182   0.070000
-181   0.030000
-180  -0.010000
-179  -0.015000
-178  -0.020000
-177  -0.040000
-176   0.120000
-175  -0.040000
-174   0.125000
-173   0.095000
-172  -0.015000
-171   0.050000
-170   0.010000
-169   0.010000
-168  -0.045000
-167  -0.075000
-166  -0.010000
-165  -0.015000
-164   0.010000
-163  -0.005000
-162  -0.055000
-161  -0.040000
-160  -0.025000
-159   0.080000
-158  -0.000000
-157  -0.085000
-156  -0.005000
-155   0.055000
-154   0.010000
-153   0.055000
-152  -0.065000
-151   0.130000
-150  -0.005000
-149  -0.045000
-148  -0.010000
-147   0.100000
-146   0.000000
-145   0.010000
-144   0.085000
-143   0.015000
-142  -0.050000
-141  -0.020000
-140   0.070000
-139   0.080000
-138  -0.020000
-137   0.035000
-136   0.020000
-135   0.040000
-134  -0.020000
-133   0.010000
-132   0.005000
-131   0.050000
-130  -0.045000
-129   0.035000
-128   0.070000
-127   0.030000
-126  -0.000000
-125   0.055000
-124   0.020000
-123  -0.045000
-122   0.070000
-121   0.070000
-120  -0.105000
-119   0.095000
-118   0.040000
-117  -0.030000
-116   0.090000
-115  -0.040000
-114   0.020000
-113   0.005000
-112   0.030000
-111  -0.065000
-110   0.010000
-109  -0.065000
-108   0.030000
-107  -0.040000
-106  -0.025000
-105  -0.005000
-104   0.070000
-103  -0.000000
-102  -0.010000
-101  -0.080000
-100  -0.005000
-99   0.080000
-98   0.045000
-97  -0.090000
-96   0.035000
-95  -0.055000
-94   0.025000
-93  -0.095000
-92  -0.010000
-91   0.040000
-90  -0.085000
-89  -0.055000
-88   0.045000
-87  -0.045000
-86  -0.085000
-85  -0.015000
-84   0.000000
-83   0.015000
-82   0.070000
-81   0.030000
-80  -0.010000
-79   0.105000
-78   0.000000
-77   0.005000
-76  -0.025000
-75   0.005000
-74  -0.005000
-73  -0.005000
-72  -0.005000
-71  -0.055000
-70   0.020000
-69   0.010000
-68   0.075000
-67   0.020000
-66  -0.010000
-65   0.080000
-64  -0.045000
-63   0.055000
-62  -0.045000
-61   0.070000
-60   0.065000
-59  -0.025000
-58  -0.075000
-57  -0.030000
-56  -0.000000
-55   0.105000
-54   0.045000
-53   0.025000
-52   0.015000
-51  -0.085000
-50  -0.085000
-49  -0.005000
-48   0.020000
-47   0.015000
-46  -0.095000
-45   0.005000
-44  -0.090000
-43   0.050000
-42   0.075000
-41   0.015000
-40  -0.065000
-39  -0.005000
-38   0.085000
-37   0.000000
-36   0.040000
-35  -0.045000
-34  -0.060000
-33   0.050000
-32   0.050000
-31  -0.040000
-30   0.035000
-29   0.115000
-28  -0.020000
-27  -0.010000
-26   0.015000
-25  -0.005000
-24   0.035000
-23  -0.010000
-22   0.020000
-21   0.060000
-20   0.005000
-19  -0.020000
-18   0.060000
-17   0.055000
-16   0.020000
-15   0.070000
-14   0.005000
-13  -0.075000
-12   0.015000
-11  -0.025000
-10  -0.005000
-9  -0.040000
-8   0.035000
-7   0.005000
-6  -0.020000
-5   0.070000
-4   0.010000
-3  -0.025000
-2   0.085000
-1   0.095000
