0  -0.065000
1  -0.025000
2  -0.040000
3  -0.010000
4  -0.055000
5  -0.020000
6  -0.040000
7   0.055000
8  -0.040000
9  -0.045000
10  -0.065000
11  -0.050000
12  -0.025000
13  -0.025000
14   0.000000
15  -0.000000
16   0.005000
17  -0.050000
18  -0.000000
19   0.005000
20   0.040000
21   0.010000
22  -0.125000
23  -0.010000
24  -0.025000
25   0.015000
26   0.080000
27  -0.040000
28   0.010000
29  -0.015000
30  -0.010000
31  -0.040000
32  -0.085000
33   0.055000
34  -0.020000
35   0.000000
36  -0.065000
37   0.035000
38   0.020000
39   0.045000
40   0.005000
41   0.050000
42   0.045000
43  -0.065000
44   0.025000
45   0.005000
46  -0.020000
47  -0.015000
48  -0.015000
49   0.060000
50   0.030000
51   0.035000
52  -0.040000
53  -0.025000
54   0.080000
55   0.030000
56  -0.015000
57  -0.025000
58  -0.000000
59  -0.050000
60  -0.010000
61  -0.045000
62   0.010000
63  -0.005000
64  -0.015000
65   0.020000
66  -0.005000
67  -0.050000
68  -0.010000
69  -0.010000
70  -0.075000
71  -0.015000
72  -0.080000
73   0.070000
74   0.015000
75   0.025000
76   0.080000
77  -0.040000
78  -0.005000
79   0.055000
80  -0.030000
81  -0.000000
82  -0.035000
83   0.060000
84  -0.025000
85  -0.085000
86   0.015000
87  -0.000000
88  -0.040000
89   0.025000
90   0.075000
91   0.060000
92   0.105000
93  -0.055000
94   0.080000
95   0.020000
96  -0.025000
97   0.070000
98   0.140000
99   0.060000
100  -0.035000
101  -0.015000
102   0.005000
103   0.030000
104   0.010000
105   0.040000
106  -0.020000
107  -0.020000
108   0.055000
109  -0.020000
110  -0.020000
111  -0.050000
112   0.060000
113  -0.050000
114  -0.075000
115  -0.040000
116   0.005000
117   0.015000
118  -0.045000
119   0.005000
120  -0.060000
121   0.005000
122  -0.050000
123   0.065000
124   0.075000
125   0.005000
126   0.060000
127  -0.015000
128  -0.085000
129   0.045000
130   0.090000
131   0.015000
132  -0.060000
133  -0.075000
134   0.050000
135  -0.025000
136   0.010000
137  -0.050000
138   0.080000
139   0.035000
140   0.005000
141  -0.075000
142  -0.005000
143  -0.005000
144  -0.065000
145  -0.060000
146  -0.015000
147   0.005000
148   0.010000
149   0.010000
150   0.010000
151   0.095000
152   0.075000
153  -0.010000
154  -0.000000
155  -0.020000
156  -0.060000
157  -0.035000
158   0.010000
159  -0.035000
160  -0.085000
161   0.020000
162  -0.010000
163  -0.010000
164   0.050000
165  -0.035000
166   0.030000
167   0.080000
168  -0.080000
169  -0.020000
170  -0.065000
171  -0.030000
172  -0.025000
173  -0.005000
174   0.030000
175  -0.005000
176  -0.010000
177   0.035000
178  -0.010000
179  -0.045000
180   0.065000
181  -0.040000
182  -0.000000
183  -0.015000
184   0.020000
185  -0.060000
186   0.060000
187  -0.040000
188  -0.050000
189  -0.045000
190   0.010000
191   0.025000
192   0.010000
193  -0.010000
194  -0.005000
195   0.015000
196  -0.035000
197  -0.010000
198   0.050000
199  -0.030000
200  -0.065000
201   0.035000
202   0.020000
203  -0.005000
204   0.025000
205   0.000000
206   0.010000
207  -0.010000
208  -0.020000
209   0.080000
210  -0.015000
211   0.015000
212   0.040000
213   0.030000
214  -0.040000
215   0.010000
216  -0.025000
217   0.045000
218   0.055000
219  -0.050000
220  -0.075000
221   0.030000
222   0.155000
223  -0.040000
224   0.010000
225   0.040000
226   0.050000
227  -0.055000
228   0.000000
229  -0.010000
230   0.075000
231   0.020000
232  -0.010000
233  -0.085000
234  -0.010000
235   0.030000
236  -0.025000
237   0.055000
238  -0.030000
239   0.010000
240  -0.085000
241   0.065000
242   0.095000
243  -0.055000
244  -0.010000
245   0.065000
246   0.020000
247  -0.040000
248  -0.020000
249   0.030000
250  -0.070000
251  -0.075000
252  -0.060000
253  -0.015000
254   0.010000
255  -0.040000
256  -0.055000
257   0.050000
258  -0.020000
259   0.045000
260   0.070000
261   0.070000
262  -0.045000
263  -0.015000
264   0.080000
265   0.090000
266   0.010000
267   0.045000
268  -0.045000
269   0.025000
270   0.005000
271   0.010000
272  -0.030000
273  -0.050000
274   0.005000
275   0.085000
276  -0.045000
277   0.070000
278   0.005000
279  -0.075000
280  -0.005000
281  -0.050000
282   0.005000
283   0.035000
284   0.020000
285  -0.025000
286   0.035000
287  -0.015000
288  -0.025000
289  -0.005000
290  -0.065000
291   0.010000
292   0.010000
293  -0.070000
294   0.055000
295   0.000000
296  -0.055000
297   0.050000
298   0.050000
299   0.055000
300   0.005000
301  -0.075000
302  -0.050000
303   0.010000
304  -0.010000
305   0.035000
306  -0.030000
307   0.015000
308  -0.045000
309  -0.045000
310   0.025000
311  -0.025000
312   0.075000
313  -0.040000
314  -0.020000
315  -0.015000
316  -0.040000
317   0.000000
318   0.020000
319   0.100000
320  -0.050000
321  -0.015000
322   0.045000
323   0.025000
324   0.035000
325   0.050000
326   0.065000
327   0.095000
328   0.005000
329   0.085000
330   0.000000
331   0.035000
332   0.030000
333   0.060000
334   0.025000
335  -0.020000
336  -0.010000
337  -0.055000
338   0.040000
339   0.030000
340  -0.080000
341   0.030000
342   0.095000
343   0.030000
344  -0.040000
345  -0.040000
346   0.020000
347   0.020000
348  -0.050000
349   0.025000
350  -0.080000
351   0.055000
352   0.050000
353  -0.005000
354   0.080000
355  -0.035000
356   0.065000
357   0.000000
358  -0.015000
359   0.020000
360   0.010000
361   0.050000
362  -0.090000
363  -0.080000
364  -0.025000
365   0.020000
366  -0.075000
367   0.005000
368   0.075000
369   0.030000
370   0.005000
371   0.035000
372   0.030000
373   0.005000
374   0.040000
375   0.045000
376  -0.065000
377   0.045000
378  -0.045000
379   0.010000
380   0.015000
381  -0.070000
382  -0.040000
383  -0.020000
384  -0.055000
385  -0.030000
386   0.035000
387   0.035000
388  -0.065000
389  -0.030000
390  -0.025000
391   0.060000
392  -0.035000
393   0.000000
394  -0.060000
395   0.020000
396  -0.080000
397  -0.025000
398  -0.095000
399  -0.000000
400  -0.020000
401   0.020000
402  -0.085000
403   0.010000
404  -0.070000
405  -0.045000
406   0.030000
407   0.005000
408  -0.050000
409  -0.015000
410  -0.080000
411  -0.020000
412   0.080000
413   0.070000
414   0.045000
415   0.040000
416  -0.050000
417   0.020000
418   0.055000
419  -0.165000
420   0.015000
421   0.030000
422  -0.080000
423  -0.060000
424   0.015000
425   0.020000
426   0.115000
427  -0.020000
428  -0.040000
429   0.045000
430   0.070000
431   0.080000
432   0.020000
433   0.025000
434  -0.095000
435  -0.025000
436  -0.005000
437  -0.030000
438  -0.010000
439  -0.065000
440   0.030000
441  -0.035000
442  -0.055000
443   0.055000
444   0.045000
445  -0.030000
446  -0.015000
447  -0.015000
448   0.020000
449  -0.105000
450   0.095000
451   0.055000
452  -0.065000
453  -0.090000
454  -0.040000
455   0.050000
456  -0.060000
457   0.025000
458  -0.050000
459  -0.035000
460   0.055000
461  -0.035000
462   0.025000
463   0.070000
464  -0.005000
465  -0.010000
466   0.005000
467  -0.020000
468  -0.060000
469   0.045000
470  -0.015000
471  -0.030000
472   0.010000
473   0.075000
474   0.035000
475   0.050000
476   0.030000
477   0.035000
478  -0.010000
479  -0.095000
480  -0.060000
481  -0.030000
482   0.045000
483  -0.060000
484  -0.000000
485  -0.015000
486  -0.000000
487   0.000000
488  -0.005000
489  -0.020000
490  -0.105000
491  -0.015000
492   0.030000
493   0.035000
494   0.095000
495  -0.115000
496   0.040000
497   0.020000
498   0.100000
499   0.010000
500   0.040000
-499   0.030000
-498   0.030000
-497  -0.015000
-496   0.025000
-495   0.040000
-494  -0.040000
-493   0.030000
-492   0.095000
-491  -0.020000
-490   0.005000
-489  -0.035000
-488  -0.125000
-487   0.085000
-486   0.040000
-485  -0.045000
-484  -0.030000
-483   0.050000
-482  -0.045000
-481   0.045000
-480  -0.030000
-479  -0.015000
-478   0.030000
-477   0.010000
-476  -0.025000
-475   0.015000
-474   0.085000
-473   0.075000
-472   0.035000
-471  -0.090000
-470  -0.025000
-469   0.020000
-468   0.020000
-467  -0.035000
-466   0.145000
-465  -0.005000
-464  -0.005000
-463  -0.005000
-462   0.015000
-461   0.070000
-460  -0.055000
-459  -0.050000
-458   0.045000
-457  -0.030000
-456   0.120000
-455  -0.070000
-454   0.020000
-453   0.005000
-452  -0.020000
-451   0.050000
-450  -0.060000
-449  -0.090000
-448  -0.035000
-447   0.020000
-446  -0.055000
-445  -0.025000
-444  -0.045000
-443  -0.065000
-442   0.030000
-441   0.010000
-440  -0.015000
-439  -0.040000
-438   0.060000
-437  -0.015000
-436  -0.035000
-435   0.010000
-434   0.060000
-433  -0.095000
-432  -0.055000
-431  -0.010000
-430   0.055000
-429  -0.010000
-428   0.005000
-427  -0.100000
-426  -0.020000
-425  -0.005000
-424   0.000000
-423   0.065000
-422  -0.065000
-421   0.055000
-420   0.080000
-419  -0.030000
-418   0.040000
-417  -0.040000
-416  -0.030000
-415   0.135000
-414  -0.025000
-413   0.015000
-412   0.015000
-411  -0.070000
-410  -0.005000
-409   0.020000
-408   0.035000
-407  -0.080000
-406   0.040000
-405   0.010000
-404   0.030000
-403  -0.040000
-402  -0.075000
-401   0.090000
-400  -0.025000
-399   0.075000
-398  -0.035000
-397   0.065000
-396   0.050000
-395  -0.045000
-394   0.070000
-393  -0.045000
-392   0.005000
-391  -0.070000
-390  -0.110000
-389   0.095000
-388  -0.020000
-387  -0.005000
-386  -0.020000
-385  -0.010000
-384   0.015000
-383  -0.015000
-382   0.025000
-381  -0.100000
-380  -0.080000
-379   0.050000
-378  -0.010000
-377  -0.045000
-376   0.010000
-375  -0.015000
-374  -0.040000
-373  -0.030000
-372  -0.010000
-371  -0.040000
-370  -0.005000
-369  -0.030000
-368  -0.015000
-367   0.000000
-366  -0.020000
-365  -0.015000
-364  -0.015000
-363   0.005000
-362  -0.010000
-361   0.035000
-360  -0.030000
-359   0.040000
-358   0.005000
-357  -0.065000
-356   0.025000
-355   0.050000
-354   0.030000
-353   0.015000
-352  -0.065000
-351   0.030000
-350  -0.020000
-349  -0.015000
-348   0.020000
-347   0.005000
-346  -0.010000
-345  -0.105000
-344   0.070000
-343   0.000000
-342  -0.015000
-341  -0.105000
-340  -0.035000
-339   0.030000
-338  -0.065000
-337   0.065000
-336   0.040000
-335   0.040000
-334   0.030000
-333  -0.040000
-332  -0.010000
-331   0.100000
-330   0.080000
-329   0.065000
-328  -0.040000
-327  -0.000000
-326   0.040000
-325  -0.040000
-324   0.035000
-323  -0.030000
-322  -0.010000
-321  -0.055000
-320   0.015000
-319   0.045000
-318  -0.035000
-317  -0.035000
-316   0.070000
-315   0.075000
-314  -0.070000
-313   0.020000
-312  -0.080000
-311  -0.015000
-310   0.110000
-309  -0.060000
-308   0.040000
-307   0.095000
-306  -0.040000
-305   0.020000
-304   0.080000
-303   0.035000
-302  -0.055000
-301  -0.030000
-300   0.000000
-299   0.005000
-298  -0.025000
-297  -0.080000
-296   0.025000
-295  -0.060000
-294   0.075000
-293  -0.025000
-292   0.010000
-291  -0.000000
-290   0.060000
-289   0.030000
-288   0.015000
-287  -0.015000
-286  -0.060000
-285   0.055000
-284  -0.045000
-283   0.010000
-282   0.030000
-281  -0.050000
-280   0.000000
-279  -0.020000
-278  -0.040000
-277  -0.020000
-276   0.025000
-275   0.095000
-274   0.005000
-273   0.010000
-272   0.005000
-271  -0.010000
-270  -0.105000
-269   0.025000
-268   0.055000
-267  -0.035000
-266   0.030000
-265  -0.040000
-264   0.020000
-263   0.060000
-262  -0.105000
-261  -0.010000
-260  -0.020000
-259  -0.025000
-258  -0.020000
-257   0.025000
-256  -0.040000
-255   0.035000
-254  -0.005000
-253  -0.025000
-252  -0.025000
-251  -0.080000
-250  -0.040000
-249  -0.060000
-248   0.000000
-247   0.085000
-246  -0.015000
-245   0.035000
-244   0.135000
-243  -0.055000
-242   0.035000
-241  -0.120000
-240  -0.045000
-239  -0.005000
-238   0.010000
-237   0.060000
-236  -0.025000
-235   0.110000
-234   0.090000
-233   0.000000
-232   0.010000
-231  -0.080000
-230   0.010000
-229   0.020000
-228   0.060000
-227  -0.035000
-226  -0.035000
-225  -0.070000
-224  -0.090000
-223   0.040000
-222   0.010000
-221  -0.055000
-220  -0.060000
-219  -0.015000
-218  -0.105000
-217   0.055000
-216  -0.040000
-215  -0.025000
-214  -0.040000
-213   0.015000
-212  -0.020000
-211   0.005000
-210   0.005000
-209  -0.025000
-208   0.035000
-207   0.035000
-206  -0.040000
-205   0.060000
-204   0.020000
-203  -0.045000
-202   0.075000
-201  -0.005000
-200  -0.035000
-199  -0.015000
-198   0.040000
-197  -0.085000
-196   0.060000
-195  -0.025000
-194  -0.025000
-193   0.010000
-192   0.050000
-191   0.120000
-190   0.010000
-189  -0.065000
-188   0.005000
-187  -0.005000
-186  -0.030000
-185   0.025000
-184   0.070000
-183  -0.010000
-182   0.090000
-181   0.050000
-180  -0.005000
-179   0.005000
-178   0.055000
-177  -0.035000
-176  -0.070000
-175   0.060000
-174  -0.050000
-173  -0.010000
-172  -0.055000
-171   0.030000
-170   0.025000
-169   0.035000
-168   0.020000
-167   0.105000
-166  -0.010000
-165  -0.025000
-164  -0.050000
-163  -0.020000
-162   0.005000
-161  -0.035000
-160   0.045000
-159  -0.045000
-158  -0.020000
-157  -0.030000
-156   0.035000
-155  -0.005000
-154   0.010000
-153   0.005000
-152   0.035000
-151  -0.030000
-150   0.075000
-149  -0.025000
-148  -0.070000
-147   0.165000
-146   0.010000
-145   0.020000
-144  -0.030000
-143   0.010000
-142  -0.010000
-141  -0.030000
-140   0.090000
-139   0.000000
-138  -0.025000
-137   0.065000
-136   0.045000
-135  -0.040000
-134   0.025000
-133  -0.040000
-132   0.050000
-131  -0.060000
-130   0.015000
-129   0.005000
-128  -0.075000
-127  -0.035000
-126  -0.060000
-125  -0.010000
-124  -0.015000
-123   0.065000
-122   0.035000
-121   0.090000
-120  -0.010000
-119   0.015000
-118  -0.005000
-117   0.105000
-116  -0.080000
-115  -0.015000
-114  -0.060000
-113   0.015000
-112  -0.060000
-111  -0.035000
-110   0.100000
-109  -0.060000
-108   0.025000
-107   0.055000
-106  -0.020000
-105  -0.090000
-104   0.030000
-103  -0.050000
-102  -0.025000
-101   0.015000
-100  -0.025000
-99  -0.005000
-98   0.015000
-97  -0.095000
-96   0.055000
-95   0.025000
-94  -0.040000
-93  -0.075000
-92  -0.010000
-91   0.190000
-90   0.010000
-89  -0.070000
-88  -0.060000
-87   0.045000
-86   0.005000
-85  -0.020000
-84   0.055000
-83   0.025000
-82   0.005000
-81   0.020000
-80  -0.060000
-79   0.015000
-78  -0.055000
-77  -0.025000
-76  -0.070000
-75   0.010000
-74  -0.080000
-73   0.130000
-72   0.005000
-71  -0.045000
-70  -0.055000
-69  -0.010000
-68  -0.100000
-67  -0.000000
-66   0.040000
-65  -0.055000
-64   0.045000
-63  -0.040000
-62  -0.015000
-61   0.035000
-60   0.040000
-59  -0.030000
-58   0.120000
-57   0.040000
-56   0.020000
-55  -0.025000
-54  -0.115000
-53   0.070000
-52   0.030000
-51   0.030000
-50  -0.110000
-49   0.055000
-48  -0.090000
-47  -0.010000
-46  -0.070000
-45  -0.030000
-44  -0.045000
-43   0.035000
-42  -0.045000
-41   0.075000
-40  -0.025000
-39  -0.045000
-38   0.040000
-37  -0.005000
-36  -0.100000
-35  -0.050000
-34  -0.055000
-33  -0.045000
-32   0.010000
-31  -0.020000
-30   0.015000
-29   0.060000
-28  -0.020000
-27  -0.015000
-26  -0.060000
-25   0.005000
-24  -0.055000
-23  -0.015000
-22   0.035000
-21  -0.085000
-20  -0.005000
-19   0.035000
-18  -0.025000
-17   0.155000
-16   0.000000
-15  -0.010000
-14  -0.020000
-13  -0.035000
-12   0.105000
-11   0.095000
-10   0.080000
-9   0.125000
-8  -0.020000
-7  -0.015000
-6  -0.025000
-5  -0.045000
-4   0.045000
-3  -0.035000
-2   0.015000
-1   0.005000
