0  -0.010000
1   0.020000
2  -0.050000
3   0.020000
4   0.025000
5   0.025000
6   0.040000
7   0.045000
8   0.025000
9   0.025000
10   0.050000
11   0.005000
12   0.020000
13  -0.015000
14   0.050000
15   0.020000
16   0.005000
17   0.035000
18   0.040000
19   0.060000
20   0.030000
21   0.010000
22   0.060000
23  -0.095000
24  -0.040000
25   0.040000
26   0.015000
27   0.005000
28   0.035000
29  -0.015000
30   0.030000
31   0.025000
32   0.025000
33  -0.040000
34   0.035000
35   0.030000
36  -0.010000
37  -0.045000
38   0.070000
39   0.055000
40   0.015000
41   0.060000
42  -0.105000
43  -0.025000
44  -0.040000
45  -0.020000
46  -0.015000
47  -0.055000
48   0.030000
49  -0.030000
50  -0.010000
51   0.020000
52   0.005000
53  -0.040000
54  -0.055000
55  -0.065000
56  -0.115000
57   0.085000
58   0.035000
59   0.025000
60  -0.045000
61   0.010000
62  -0.040000
63   0.000000
64   0.035000
65  -0.020000
66   0.075000
67   0.015000
68  -0.010000
69   0.060000
70   0.030000
71   0.010000
72  -0.085000
73   0.045000
74   0.075000
75   0.050000
76   0.005000
77  -0.025000
78   0.050000
79   0.020000
80  -0.015000
81  -0.040000
82   0.050000
83   0.110000
84  -0.130000
85   0.015000
86  -0.090000
87   0.040000
88   0.040000
89   0.080000
90  -0.050000
91   0.090000
92   0.090000
93   0.010000
94  -0.010000
95   0.020000
96   0.090000
97   0.035000
98  -0.050000
99  -0.060000
100  -0.090000
101  -0.085000
102  -0.005000
103   0.065000
104  -0.035000
105   0.010000
106  -0.025000
107  -0.005000
108   0.090000
109  -0.025000
110  -0.000000
111   0.035000
112   0.040000
113  -0.045000
114   0.040000
115   0.075000
116   0.045000
117  -0.075000
118   0.025000
119   0.015000
120   0.070000
121  -0.045000
122  -0.020000
123   0.015000
124   0.030000
125  -0.075000
126   0.015000
127   0.065000
128   0.055000
129   0.015000
130   0.010000
131  -0.005000
132   0.040000
133  -0.020000
134  -0.075000
135   0.040000
136   0.050000
137  -0.060000
138  -0.025000
139   0.060000
140   0.100000
141  -0.020000
142  -0.005000
143   0.080000
144   0.075000
145   0.010000
146   0.010000
147  -0.030000
148  -0.020000
149  -0.030000
150  -0.030000
151   0.060000
152  -0.065000
153   0.015000
154   0.030000
155  -0.085000
156   0.005000
157  -0.005000
158   0.030000
159  -0.050000
160  -0.015000
161  -0.045000
162   0.015000
163   0.095000
164   0.005000
165   0.015000
166  -0.040000
167  -0.105000
168   0.050000
169  -0.055000
170   0.035000
171  -0.035000
172   0.005000
173   0.065000
174  -0.115000
175  -0.015000
176  -0.050000
177   0.075000
178   0.030000
179  -0.015000
180  -0.085000
181  -0.060000
182  -0.050000
183  -0.010000
184   0.035000
185  -0.020000
186   0.000000
187   0.015000
188   0.050000
189   0.050000
190   0.045000
191   0.000000
192  -0.035000
193  -0.020000
194   0.005000
195   0.065000
196   0.000000
197   0.065000
198   0.010000
199  -0.140000
200   0.005000
201  -0.165000
202   0.005000
203   0.025000
204   0.005000
205  -0.005000
206   0.010000
207  -0.075000
208  -0.030000
209  -0.010000
210   0.010000
211  -0.060000
212  -0.085000
213   0.025000
214   0.055000
215  -0.085000
216   0.005000
217   0.015000
218  -0.055000
219   0.015000
220  -0.040000
221  -0.015000
222   0.070000
223  -0.140000
224   0.055000
225  -0.000000
226  -0.010000
227   0.025000
228  -0.010000
229   0.060000
230   0.035000
231   0.070000
232   0.015000
233  -0.055000
234  -0.010000
235   0.005000
236  -0.070000
237   0.085000
238  -0.010000
239   0.065000
240   0.065000
241   0.070000
242   0.000000
243  -0.000000
244  -0.055000
245  -0.115000
246   0.030000
247  -0.065000
248  -0.005000
249   0.105000
250   0.055000
251  -0.090000
252   0.015000
253  -0.025000
254   0.025000
255   0.020000
256   0.035000
257   0.015000
258   0.055000
259   0.035000
260  -0.015000
261  -0.050000
262   0.030000
263  -0.025000
264   0.085000
265  -0.075000
266   0.025000
267  -0.090000
268   0.095000
269   0.005000
270  -0.045000
271   0.010000
272   0.020000
273  -0.055000
274   0.015000
275   0.070000
276   0.015000
277   0.010000
278  -0.010000
279   0.015000
280   0.005000
281  -0.015000
282  -0.080000
283  -0.025000
284  -0.005000
285  -0.005000
286  -0.040000
287  -0.030000
288   0.025000
289  -0.090000
290   0.015000
291   0.005000
292   0.015000
293   0.020000
294  -0.020000
295   0.005000
296   0.050000
297  -0.055000
298  -0.065000
299  -0.065000
300   0.030000
301  -0.100000
302  -0.020000
303   0.035000
304   0.015000
305  -0.105000
306  -0.010000
307  -0.045000
308   0.010000
309   0.080000
310   0.040000
311  -0.035000
312   0.065000
313   0.020000
314  -0.050000
315   0.010000
316  -0.025000
317  -0.025000
318   0.055000
319   0.005000
320   0.000000
321  -0.010000
322   0.085000
323  -0.075000
324   0.055000
325  -0.005000
326   0.085000
327   0.040000
328   0.015000
329   0.025000
330  -0.010000
331  -0.040000
332   0.020000
333  -0.020000
334  -0.030000
335   0.035000
336  -0.030000
337  -0.025000
338   0.055000
339  -0.035000
340  -0.015000
341   0.085000
342   0.075000
343  -0.010000
344  -0.005000
345  -0.005000
346   0.020000
347   0.015000
348  -0.000000
349  -0.010000
350  -0.030000
351  -0.065000
352  -0.010000
353   0.045000
354   0.095000
355  -0.020000
356   0.005000
357  -0.015000
358   0.040000
359   0.055000
360   0.040000
361  -0.050000
362   0.040000
363   0.040000
364   0.065000
365  -0.055000
366  -0.040000
367   0.025000
368  -0.095000
369  -0.070000
370  -0.065000
371   0.115000
372  -0.085000
373   0.020000
374  -0.005000
375  -0.000000
376  -0.040000
377   0.040000
378   0.015000
379  -0.010000
380   0.020000
381  -0.105000
382   0.000000
383   0.080000
384  -0.055000
385   0.005000
386  -0.005000
387   0.100000
388   0.005000
389  -0.040000
390   0.110000
391   0.110000
392   0.040000
393   0.025000
394  -0.050000
395   0.045000
396   0.015000
397   0.015000
398   0.055000
399  -0.090000
400  -0.025000
401   0.025000
402   0.040000
403   0.095000
404   0.030000
405  -0.055000
406   0.085000
407  -0.055000
408  -0.115000
409   0.030000
410   0.000000
411  -0.115000
412  -0.035000
413   0.060000
414  -0.075000
415   0.035000
416   0.040000
417  -0.020000
418   0.020000
419  -0.130000
420   0.070000
421  -0.010000
422  -0.015000
423  -0.045000
424  -0.030000
425   0.020000
426  -0.065000
427   0.045000
428  -0.040000
429  -0.030000
430  -0.025000
431  -0.015000
432   0.020000
433   0.075000
434  -0.015000
435   0.060000
436   0.045000
437   0.070000
438   0.135000
439   0.020000
440  -0.030000
441   0.080000
442   0.085000
443   0.010000
444  -0.070000
445  -0.020000
446   0.020000
447  -0.030000
448  -0.040000
449  -0.005000
450   0.065000
451   0.015000
452  -0.020000
453   0.030000
454   0.030000
455  -0.010000
456   0.010000
457  -0.040000
458  -0.085000
459  -0.005000
460  -0.085000
461  -0.030000
462  -0.025000
463   0.025000
464   0.000000
465   0.020000
466   0.010000
467  -0.035000
468  -0.085000
469   0.020000
470  -0.015000
471   0.070000
472  -0.010000
473   0.050000
474   0.030000
475   0.010000
476  -0.025000
477  -0.030000
478   0.050000
479   0.025000
480  -0.045000
481  -0.080000
482   0.095000
483  -0.000000
484   0.010000
485  -0.090000
486   0.030000
487   0.015000
488  -0.050000
489   0.060000
490   0.035000
491  -0.020000
492  -0.175000
493   0.065000
494   0.020000
495   0.100000
496   0.040000
497   0.115000
498   0.080000
499   0.035000
500   0.025000
-499  -0.080000
-498  -0.050000
-497  -0.050000
-496   0.035000
-495  -0.105000
-494   0.005000
-493   0.015000
-492   0.020000
-491   0.055000
-490   0.030000
-489  -0.030000
-488   0.075000
-487   0.100000
-486   0.065000
-485  -0.020000
-484  -0.025000
-483  -0.070000
-482  -0.065000
-481  -0.020000
-480  -0.100000
-479  -0.010000
-478   0.060000
-477   0.035000
-476  -0.020000
-475  -0.040000
-474  -0.060000
-473   0.010000
-472   0.025000
-471  -0.025000
-470   0.025000
-469   0.065000
-468  -0.100000
-467   0.005000
-466   0.035000
-465   0.060000
-464  -0.025000
-463  -0.110000
-462   0.075000
-461  -0.020000
-460  -0.025000
-459   0.065000
-458   0.085000
-457  -0.005000
-456  -0.030000
-455  -0.045000
-454   0.025000
-453  -0.020000
-452   0.000000
-451  -0.030000
-450  -0.010000
-449   0.015000
-448   0.010000
-447   0.010000
-446  -0.015000
-445  -0.045000
-444   0.020000
-443   0.015000
-442   0.035000
-441  -0.005000
-440   0.040000
-439  -0.020000
-438   0.060000
-437  -0.050000
-436   0.045000
-435   0.010000
-434   0.080000
-433   0.025000
-432   0.070000
-431  -0.015000
-430  -0.145000
-429  -0.030000
-428  -0.025000
-427  -0.040000
-426   0.045000
-425  -0.020000
-424   0.030000
-423  -0.030000
-422  -0.050000
-421   0.040000
-420  -0.005000
-419  -0.110000
-418   0.100000
-417   0.005000
-416   0.025000
-415   0.010000
-414  -0.020000
-413   0.065000
-412  -0.030000
-411  -0.055000
-410   0.010000
-409  -0.005000
-408  -0.020000
-407  -0.025000
-406   0.055000
-405  -0.020000
-404  -0.020000
-403  -0.030000
-402  -0.020000
-401  -0.010000
-400   0.030000
-399   0.020000
-398  -0.045000
-397   0.015000
-396   0.045000
-395  -0.050000
-394  -0.065000
-393  -0.045000
-392   0.010000
-391   0.075000
-390  -0.070000
-389  -0.065000
-388   0.075000
-387  -0.125000
-386   0.020000
-385   0.090000
-384  -0.020000
-383  -0.005000
-382  -0.020000
-381  -0.040000
-380   0.075000
-379  -0.075000
-378   0.015000
-377  -0.045000
-376   0.065000
-375  -0.035000
-374  -0.035000
-373  -0.010000
-372   0.020000
-371   0.035000
-370  -0.005000
-369   0.050000
-368   0.005000
-367  -0.005000
-366  -0.000000
-365  -0.005000
-364  -0.035000
-363  -0.050000
-362   0.025000
-361   0.025000
-360   0.060000
-359  -0.020000
-358   0.015000
-357   0.060000
-356  -0.005000
-355  -0.035000
-354  -0.005000
-353  -0.025000
-352  -0.025000
-351  -0.025000
-350   0.000000
-349  -0.010000
-348  -0.030000
-347  -0.065000
-346   0.005000
-345   0.050000
-344  -0.035000
-343  -0.025000
-342  -0.070000
-341   0.040000
-340  -0.005000
-339  -0.050000
-338  -0.030000
-337  -0.025000
-336  -0.065000
-335   0.090000
-334   0.015000
-333  -0.055000
-332  -0.035000
-331   0.065000
-330   0.110000
-329   0.130000
-328  -0.070000
-327   0.015000
-326  -0.030000
-325   0.035000
-324   0.100000
-323  -0.045000
-322  -0.020000
-321   0.020000
-320  -0.050000
-319   0.040000
-318  -0.050000
-317   0.025000
-316   0.085000
-315   0.025000
-314   0.025000
-313   0.015000
-312   0.115000
-311  -0.015000
-310  -0.070000
-309   0.020000
-308   0.070000
-307   0.070000
-306  -0.045000
-305  -0.015000
-304   0.055000
-303  -0.005000
-302  -0.020000
-301  -0.015000
-300   0.035000
-299  -0.005000
-298  -0.045000
-297   0.025000
-296  -0.070000
-295  -0.035000
-294  -0.045000
-293   0.015000
-292   0.025000
-291   0.015000
-290   0.000000
-289  -0.035000
-288   0.040000
-287  -0.085000
-286   0.120000
-285   0.005000
-284  -0.060000
-283   0.005000
-282  -0.050000
-281   0.000000
-280  -0.015000
-279   0.010000
-278   0.060000
-277  -0.085000
-276   0.015000
-275   0.035000
-274   0.000000
-273   0.040000
-272  -0.015000
-271  -0.015000
-270   0.075000
-269   0.005000
-268   0.060000
-267   0.005000
-266  -0.025000
-265   0.040000
-264  -0.000000
-263  -0.035000
-262   0.000000
-261   0.040000
-260   0.045000
-259  -0.000000
-258  -0.030000
-257   0.045000
-256   0.025000
-255   0.030000
-254   0.010000
-253   0.065000
-252   0.055000
-251  -0.010000
-250  -0.025000
-249  -0.115000
-248  -0.025000
-247  -0.055000
-246   0.010000
-245  -0.080000
-244  -0.045000
-243   0.005000
-242   0.035000
-241   0.040000
-240  -0.025000
-239  -0.000000
-238   0.015000
-237   0.015000
-236  -0.010000
-235  -0.035000
-234   0.035000
-233   0.025000
-232   0.000000
-231   0.020000
-230   0.040000
-229  -0.015000
-228  -0.005000
-227   0.065000
-226   0.040000
-225   0.040000
-224  -0.010000
-223   0.055000
-222  -0.035000
-221   0.030000
-220  -0.015000
-219  -0.010000
-218  -0.090000
-217  -0.010000
-216  -0.065000
-215  -0.040000
-214   0.085000
-213   0.030000
-212   0.045000
-211   0.080000
-210   0.105000
-209   0.000000
-208  -0.020000
-207  -0.070000
-206   0.010000
-205  -0.015000
-204   0.020000
-203  -0.010000
-202  -0.035000
-201  -0.010000
-200  -0.040000
-199  -0.040000
-198  -0.015000
-197   0.030000
-196   0.005000
-195  -0.070000
-194  -0.055000
-193   0.015000
-192  -0.005000
-191  -0.035000
-190   0.020000
-189   0.070000
-188   0.040000
-187  -0.050000
-186   0.030000
-185   0.020000
-184  -0.015000
-183   0.015000
-182  -0.070000
-181  -0.015000
-180   0.090000
-179   0.045000
-178  -0.085000
-177  -0.010000
-176  -0.070000
-175   0.055000
-174   0.025000
-173  -0.015000
-172   0.045000
-171  -0.005000
-170   0.015000
-169  -0.030000
-168  -0.015000
-167   0.045000
-166   0.060000
-165  -0.015000
-164  -0.095000
-163   0.045000
-162   0.000000
-161  -0.025000
-160   0.075000
-159  -0.050000
-158  -0.015000
-157  -0.005000
-156   0.035000
-155  -0.005000
-154  -0.000000
-153   0.045000
-152   0.040000
-151  -0.010000
-150  -0.005000
-149   0.025000
-148  -0.045000
-147   0.035000
-146   0.025000
-145   0.055000
-144   0.010000
-143   0.005000
-142   0.015000
-141  -0.010000
-140  -0.060000
-139  -0.050000
-138   0.020000
-137   0.005000
-136  -0.030000
-135   0.015000
-134  -0.020000
-133   0.065000
-132  -0.010000
-131  -0.025000
-130   0.015000
-129  -0.010000
-128  -0.060000
-127   0.135000
-126   0.070000
-125  -0.010000
-124  -0.055000
-123  -0.040000
-122   0.090000
-121   0.080000
-120  -0.040000
-119  -0.065000
-118  -0.020000
-117  -0.025000
-116   0.035000
-115  -0.045000
-114  -0.035000
-113   0.030000
-112  -0.005000
-111  -0.090000
-110  -0.060000
-109   0.080000
-108   0.010000
-107  -0.015000
-106   0.020000
-105  -0.030000
-104  -0.000000
-103   0.035000
-102   0.000000
-101  -0.025000
-100  -0.085000
-99   0.000000
-98  -0.005000
-97  -0.010000
-96  -0.030000
-95   0.110000
-94  -0.110000
-93  -0.100000
-92   0.040000
-91  -0.020000
-90   0.060000
-89   0.025000
-88   0.020000
-87  -0.070000
-86   0.155000
-85  -0.120000
-84   0.015000
-83   0.015000
-82  -0.050000
-81  -0.075000
-80  -0.045000
-79  -0.060000
-78   0.050000
-77   0.005000
-76  -0.060000
-75   0.055000
-74   0.050000
-73  -0.020000
-72  -0.050000
-71  -0.020000
-70  -0.020000
-69   0.050000
-68   0.035000
-67   0.020000
-66   0.050000
-65  -0.030000
-64   0.065000
-63   0.015000
-62  -0.030000
-61  -0.005000
-60   0.005000
-59   0.030000
-58   0.045000
-57  -0.005000
-56   0.020000
-55  -0.055000
-54   0.015000
-53   0.085000
-52   0.085000
-51   0.030000
-50   0.020000
-49   0.025000
-48  -0.075000
-47   0.005000
-46   0.020000
-45  -0.070000
-44   0.055000
-43   0.055000
-42  -0.135000
-41   0.075000
-40   0.050000
-39  -0.005000
-38  -0.070000
-37  -0.025000
-36   0.085000
-35  -0.030000
-34   0.010000
-33  -0.000000
-32  -0.015000
-31   0.075000
-30  -0.015000
-29   0.005000
-28  -0.005000
-27   0.005000
-26   0.025000
-25   0.005000
-24   0.050000
-23   0.085000
-22  -0.030000
-21   0.070000
-20   0.045000
-19   0.005000
-18   0.105000
-17  -0.040000
-16   0.000000
-15   0.005000
-14   0.025000
-13  -0.050000
-12   0.095000
-11  -0.085000
-10   0.060000
-9   0.025000
-8  -0.030000
-7  -0.015000
-6  -0.005000
-5   0.060000
-4   0.065000
-3  -0.045000
-2  -0.045000
-1  -0.065000
