0   0.045000
1  -0.055000
2  -0.080000
3  -0.010000
4   0.010000
5  -0.005000
6  -0.065000
7  -0.080000
8  -0.035000
9   0.030000
10  -0.005000
11  -0.030000
12   0.015000
13  -0.090000
14   0.105000
15   0.010000
16  -0.105000
17  -0.015000
18  -0.020000
19   0.015000
20  -0.005000
21  -0.000000
22  -0.100000
23   0.015000
24  -0.055000
25  -0.095000
26   0.030000
27  -0.005000
28  -0.050000
29   0.005000
30   0.010000
31  -0.030000
32   0.020000
33  -0.110000
34  -0.130000
35   0.025000
36  -0.050000
37  -0.040000
38   0.025000
39   0.070000
40   0.025000
41   0.090000
42  -0.090000
43  -0.035000
44  -0.025000
45   0.060000
46  -0.005000
47   0.115000
48   0.010000
49   0.010000
50   0.020000
51   0.070000
52  -0.055000
53   0.075000
54   0.030000
55  -0.005000
56  -0.035000
57   0.050000
58   0.075000
59   0.020000
60   0.050000
61  -0.015000
62  -0.005000
63   0.070000
64   0.000000
65   0.065000
66   0.020000
67   0.085000
68   0.025000
69   0.025000
70  -0.000000
71  -0.055000
72   0.055000
73  -0.045000
74   0.005000
75   0.095000
76  -0.050000
77   0.050000
78   0.065000
79   0.070000
80   0.045000
81  -0.100000
82   0.015000
83  -0.005000
84  -0.020000
85  -0.185000
86   0.050000
87  -0.035000
88   0.015000
89   0.040000
90   0.015000
91  -0.015000
92  -0.035000
93   0.025000
94   0.100000
95  -0.065000
96  -0.115000
97   0.050000
98   0.075000
99   0.020000
100   0.045000
101   0.060000
102  -0.055000
103  -0.000000
104  -0.060000
105   0.035000
106   0.055000
107   0.065000
108   0.010000
109   0.055000
110   0.025000
111   0.020000
112  -0.010000
113   0.035000
114  -0.050000
115   0.075000
116   0.025000
117   0.055000
118   0.030000
119   0.115000
120   0.010000
121   0.020000
122  -0.005000
123   0.015000
124   0.070000
125   0.045000
126   0.005000
127   0.040000
128  -0.035000
129   0.000000
130   0.045000
131  -0.075000
132  -0.020000
133   0.005000
134  -0.085000
135   0.095000
136  -0.025000
137  -0.075000
138   0.010000
139  -0.030000
140   0.075000
141  -0.005000
142   0.025000
143  -0.040000
144  -0.040000
145  -0.010000
146   0.100000
147   0.015000
148   0.025000
149  -0.050000
150  -0.030000
151   0.020000
152   0.050000
153   0.010000
154  -0.030000
155   0.020000
156  -0.035000
157   0.030000
158   0.035000
159   0.010000
160   0.030000
161  -0.045000
162   0.030000
163  -0.065000
164   0.015000
165   0.015000
166   0.110000
167   0.050000
168  -0.030000
169  -0.115000
170   0.000000
171   0.010000
172   0.050000
173   0.050000
174   0.065000
175  -0.035000
176   0.030000
177   0.075000
178   0.035000
179  -0.065000
180  -0.015000
181   0.010000
182  -0.060000
183   0.065000
184  -0.015000
185  -0.020000
186  -0.025000
187  -0.045000
188  -0.110000
189  -0.010000
190  -0.050000
191   0.010000
192  -0.015000
193   0.015000
194   0.010000
195   0.005000
196   0.025000
197  -0.045000
198   0.020000
199  -0.030000
200  -0.020000
201   0.015000
202  -0.090000
203   0.010000
204   0.005000
205   0.085000
206  -0.045000
207  -0.080000
208   0.030000
209  -0.015000
210   0.105000
211  -0.045000
212  -0.020000
213   0.065000
214  -0.025000
215   0.095000
216  -0.005000
217  -0.005000
218   0.060000
219   0.040000
220   0.060000
221   0.030000
222  -0.040000
223  -0.050000
224   0.045000
225  -0.005000
226   0.015000
227  -0.020000
228   0.005000
229  -0.065000
230  -0.015000
231  -0.045000
232  -0.090000
233   0.015000
234   0.030000
235  -0.110000
236  -0.045000
237   0.005000
238  -0.015000
239   0.030000
240   0.040000
241   0.015000
242  -0.040000
243  -0.080000
244  -0.065000
245  -0.075000
246  -0.020000
247  -0.090000
248  -0.045000
249   0.030000
250  -0.070000
251   0.015000
252  -0.045000
253  -0.060000
254  -0.040000
255  -0.020000
256  -0.035000
257  -0.060000
258  -0.005000
259  -0.075000
260   0.100000
261   0.075000
262   0.005000
263  -0.030000
264   0.085000
265   0.020000
266   0.070000
267   0.005000
268  -0.040000
269  -0.020000
270   0.040000
271   0.095000
272  -0.075000
273  -0.010000
274   0.045000
275   0.010000
276  -0.020000
277   0.010000
278  -0.015000
279  -0.080000
280  -0.055000
281   0.055000
282  -0.060000
283   0.010000
284  -0.085000
285  -0.030000
286  -0.015000
287   0.020000
288   0.020000
289   0.000000
290   0.060000
291  -0.095000
292  -0.010000
293  -0.020000
294   0.095000
295  -0.045000
296   0.080000
297   0.015000
298   0.010000
299   0.055000
300   0.045000
301   0.015000
302  -0.070000
303   0.020000
304   0.030000
305  -0.020000
306   0.020000
307  -0.020000
308  -0.025000
309  -0.070000
310  -0.010000
311  -0.010000
312   0.020000
313  -0.025000
314  -0.005000
315  -0.010000
316   0.005000
317  -0.035000
318  -0.035000
319  -0.130000
320   0.050000
321  -0.090000
322  -0.020000
323   0.010000
324   0.030000
325   0.055000
326   0.015000
327  -0.040000
328  -0.020000
329  -0.010000
330   0.025000
331   0.020000
332  -0.045000
333  -0.065000
334   0.030000
335   0.130000
336  -0.055000
337  -0.000000
338  -0.020000
339   0.035000
340   0.005000
341   0.030000
342  -0.070000
343   0.005000
344  -0.045000
345  -0.010000
346  -0.055000
347  -0.015000
348  -0.065000
349   0.055000
350  -0.080000
351  -0.065000
352   0.010000
353  -0.030000
354  -0.000000
355  -0.080000
356   0.045000
357  -0.005000
358   0.050000
359  -0.015000
360  -0.050000
361   0.005000
362  -0.095000
363   0.025000
364   0.035000
365  -0.050000
366   0.035000
367  -0.020000
368   0.000000
369   0.015000
370  -0.050000
371   0.005000
372   0.000000
373  -0.010000
374  -0.015000
375   0.055000
376  -0.025000
377   0.140000
378   0.050000
379  -0.040000
380   0.090000
381   0.020000
382  -0.030000
383  -0.020000
384  -0.100000
385   0.035000
386   0.025000
387   0.045000
388  -0.015000
389   0.070000
390  -0.040000
391  -0.030000
392  -0.060000
393   0.005000
394   0.005000
395   0.020000
396  -0.065000
397   0.000000
398   0.030000
399   0.025000
400  -0.070000
401   0.010000
402   0.060000
403   0.105000
404  -0.045000
405  -0.020000
406   0.025000
407  -0.015000
408   0.030000
409  -0.025000
410   0.105000
411   0.075000
412   0.005000
413  -0.005000
414  -0.060000
415  -0.010000
416   0.020000
417   0.050000
418   0.010000
419   0.070000
420  -0.005000
421  -0.070000
422   0.075000
423  -0.105000
424   0.010000
425   0.025000
426   0.070000
427   0.010000
428   0.000000
429   0.055000
430   0.030000
431  -0.025000
432  -0.030000
433   0.020000
434  -0.010000
435   0.045000
436  -0.025000
437   0.000000
438  -0.095000
439   0.035000
440   0.015000
441  -0.070000
442   0.035000
443   0.035000
444   0.030000
445   0.085000
446  -0.040000
447  -0.050000
448   0.040000
449   0.030000
450   0.025000
451  -0.090000
452   0.040000
453  -0.005000
454   0.020000
455   0.085000
456   0.060000
457   0.020000
458   0.060000
459  -0.020000
460  -0.040000
461   0.030000
462   0.060000
463  -0.075000
464  -0.070000
465  -0.020000
466  -0.060000
467   0.065000
468  -0.070000
469  -0.010000
470   0.005000
471   0.005000
472  -0.020000
473  -0.055000
474  -0.030000
475   0.050000
476   0.025000
477   0.010000
478   0.005000
479  -0.010000
480  -0.060000
481   0.015000
482  -0.010000
483   0.070000
484  -0.010000
485   0.010000
486   0.005000
487   0.060000
488  -0.035000
489  -0.035000
490  -0.010000
491  -0.020000
492  -0.080000
493  -0.045000
494   0.015000
495   0.025000
496  -0.020000
497   0.000000
498  -0.075000
499   0.075000
500   0.020000
-499  -0.035000
-498  -0.005000
-497   0.030000
-496  -0.080000
-495   0.015000
-494   0.030000
-493  -0.060000
-492   0.025000
-491  -0.060000
-490  -0.115000
-489   0.085000
-488  -0.065000
-487   0.085000
-486   0.055000
-485   0.095000
-484  -0.005000
-483   0.075000
-482  -0.035000
-481  -0.005000
-480   0.025000
-479   0.020000
-478  -0.060000
-477   0.010000
-476   0.020000
-475   0.055000
-474   0.035000
-473  -0.080000
-472   0.010000
-471  -0.015000
-470   0.020000
-469   0.040000
-468  -0.010000
-467  -0.010000
-466  -0.005000
-465  -0.085000
-464   0.100000
-463  -0.025000
-462  -0.040000
-461   0.090000
-460   0.055000
-459   0.055000
-458   0.025000
-457   0.010000
-456  -0.045000
-455  -0.000000
-454  -0.015000
-453  -0.070000
-452   0.035000
-451   0.060000
-450   0.035000
-449  -0.005000
-448  -0.055000
-447  -0.060000
-446   0.010000
-445   0.110000
-444  -0.050000
-443   0.015000
-442  -0.015000
-441  -0.075000
-440  -0.050000
-439   0.035000
-438   0.055000
-437  -0.020000
-436  -0.095000
-435  -0.025000
-434  -0.020000
-433   0.015000
-432   0.170000
-431  -0.030000
-430  -0.040000
-429  -0.020000
-428   0.020000
-427  -0.060000
-426  -0.050000
-425   0.005000
-424   0.035000
-423   0.090000
-422  -0.055000
-421   0.005000
-420  -0.005000
-419  -0.045000
-418  -0.020000
-417  -0.030000
-416  -0.005000
-415   0.010000
-414   0.095000
-413   0.040000
-412   0.030000
-411   0.035000
-410  -0.065000
-409  -0.010000
-408   0.005000
-407  -0.020000
-406   0.015000
-405   0.005000
-404   0.020000
-403  -0.015000
-402   0.035000
-401   0.010000
-400   0.090000
-399   0.010000
-398  -0.020000
-397  -0.080000
-396   0.060000
-395   0.010000
-394  -0.015000
-393  -0.035000
-392  -0.055000
-391  -0.085000
-390   0.040000
-389  -0.030000
-388   0.030000
-387   0.015000
-386  -0.075000
-385   0.020000
-384  -0.035000
-383  -0.010000
-382   0.095000
-381  -0.050000
-380  -0.040000
-379   0.185000
-378  -0.010000
-377  -0.010000
-376   0.080000
-375   0.095000
-374  -0.040000
-373   0.030000
-372   0.030000
-371  -0.065000
-370  -0.015000
-369  -0.010000
-368   0.045000
-367   0.010000
-366   0.000000
-365   0.015000
-364   0.125000
-363   0.030000
-362  -0.035000
-361   0.025000
-360   0.020000
-359   0.035000
-358  -0.075000
-357  -0.055000
-356   0.065000
-355   0.070000
-354  -0.070000
-353   0.110000
-352  -0.055000
-351   0.075000
-350  -0.060000
-349   0.065000
-348  -0.065000
-347  -0.035000
-346  -0.010000
-345   0.050000
-344  -0.030000
-343   0.045000
-342  -0.055000
-341  -0.005000
-340  -0.070000
-339   0.005000
-338  -0.025000
-337   0.080000
-336   0.035000
-335  -0.065000
-334  -0.030000
-333  -0.035000
-332   0.010000
-331  -0.115000
-330   0.070000
-329  -0.025000
-328   0.030000
-327   0.020000
-326   0.030000
-325   0.015000
-324   0.025000
-323   0.035000
-322  -0.000000
-321  -0.050000
-320  -0.040000
-319  -0.035000
-318   0.025000
-317  -0.050000
-316   0.075000
-315  -0.055000
-314   0.025000
-313  -0.020000
-312   0.025000
-311   0.030000
-310  -0.115000
-309  -0.005000
-308  -0.045000
-307   0.070000
-306   0.020000
-305  -0.045000
-304  -0.050000
-303  -0.030000
-302   0.015000
-301   0.035000
-300   0.020000
-299   0.060000
-298  -0.025000
-297  -0.020000
-296  -0.120000
-295   0.020000
-294  -0.015000
-293   0.060000
-292   0.050000
-291  -0.065000
-290   0.055000
-289  -0.100000
-288   0.080000
-287   0.005000
-286  -0.040000
-285   0.065000
-284  -0.015000
-283  -0.080000
-282   0.025000
-281   0.005000
-280  -0.045000
-279  -0.030000
-278   0.030000
-277   0.005000
-276   0.055000
-275  -0.000000
-274   0.005000
-273   0.020000
-272   0.050000
-271  -0.025000
-270  -0.025000
-269   0.000000
-268  -0.080000
-267   0.015000
-266  -0.015000
-265  -0.000000
-264   0.005000
-263  -0.035000
-262   0.030000
-261   0.015000
-260   0.025000
-259   0.020000
-258  -0.015000
-257   0.025000
-256  -0.120000
-255   0.030000
-254  -0.015000
-253   0.040000
-252  -0.035000
-251  -0.040000
-250  -0.025000
-249   0.010000
-248  -0.085000
-247   0.045000
-246   0.005000
-245   0.015000
-244   0.005000
-243  -0.030000
-242  -0.005000
-241  -0.005000
-240  -0.075000
-239   0.050000
-238   0.015000
-237   0.130000
-236  -0.030000
-235   0.075000
-234  -0.025000
-233   0.090000
-232  -0.145000
-231  -0.050000
-230   0.060000
-229  -0.015000
-228   0.055000
-227  -0.040000
-226  -0.045000
-225  -0.080000
-224  -0.050000
-223  -0.100000
-222  -0.055000
-221   0.045000
-220   0.030000
-219   0.005000
-218   0.010000
-217   0.050000
-216  -0.005000
-215   0.035000
-214  -0.045000
-213   0.080000
-212   0.065000
-211   0.065000
-210   0.015000
-209   0.015000
-208   0.005000
-207   0.015000
-206   0.010000
-205  -0.010000
-204   0.035000
-203  -0.040000
-202  -0.110000
-201   0.090000
-200   0.015000
-199  -0.070000
-198  -0.010000
-197   0.005000
-196  -0.000000
-195   0.080000
-194   0.120000
-193   0.085000
-192  -0.030000
-191   0.060000
-190  -0.025000
-189  -0.045000
-188  -0.060000
-187  -0.020000
-186  -0.015000
-185   0.050000
-184  -0.005000
-183  -0.005000
-182   0.060000
-181   0.005000
-180   0.030000
-179  -0.010000
-178  -0.120000
-177   0.015000
-176   0.130000
-175  -0.105000
-174   0.065000
-173  -0.045000
-172   0.010000
-171   0.020000
-170  -0.055000
-169  -0.050000
-168  -0.035000
-167  -0.075000
-166   0.015000
-165  -0.045000
-164   0.045000
-163   0.050000
-162   0.010000
-161   0.005000
-160   0.005000
-159   0.000000
-158   0.005000
-157   0.100000
-156   0.050000
-155   0.045000
-154   0.060000
-153   0.065000
-152   0.010000
-151   0.070000
-150   0.025000
-149  -0.045000
-148   0.040000
-147   0.030000
-146   0.105000
-145  -0.110000
-144   0.035000
-143   0.040000
-142  -0.010000
-141   0.000000
-140   0.045000
-139   0.010000
-138  -0.015000
-137  -0.050000
-136   0.100000
-135   0.095000
-134  -0.005000
-133  -0.040000
-132   0.000000
-131  -0.030000
-130  -0.010000
-129   0.080000
-128   0.075000
-127   0.050000
-126  -0.035000
-125   0.020000
-124   0.060000
-123  -0.040000
-122   0.025000
-121   0.035000
-120   0.005000
-119   0.125000
-118  -0.005000
-117  -0.090000
-116   0.055000
-115  -0.040000
-114   0.000000
-113  -0.010000
-112   0.030000
-111   0.000000
-110   0.030000
-109   0.070000
-108   0.065000
-107  -0.030000
-106   0.030000
-105   0.055000
-104  -0.010000
-103  -0.005000
-102   0.045000
-101  -0.035000
-100  -0.010000
-99   0.075000
-98  -0.025000
-97  -0.145000
-96  -0.065000
-95   0.020000
-94   0.005000
-93   0.000000
-92   0.025000
-91   0.045000
-90  -0.010000
-89  -0.055000
-88  -0.045000
-87   0.030000
-86  -0.005000
-85  -0.070000
-84   0.120000
-83  -0.015000
-82   0.055000
-81  -0.010000
-80  -0.090000
-79   0.015000
-78  -0.060000
-77  -0.000000
-76  -0.055000
-75  -0.045000
-74  -0.025000
-73   0.115000
-72  -0.030000
-71   0.055000
-70  -0.035000
-69   0.080000
-68   0.105000
-67   0.055000
-66   0.035000
-65   0.040000
-64   0.025000
-63  -0.025000
-62   0.055000
-61   0.005000
-60   0.015000
-59   0.015000
-58  -0.055000
-57  -0.020000
-56  -0.080000
-55   0.040000
-54  -0.005000
-53   0.005000
-52  -0.015000
-51  -0.030000
-50  -0.035000
-49   0.010000
-48  -0.065000
-47   0.010000
-46  -0.045000
-45   0.060000
-44  -0.020000
-43   0.075000
-42   0.060000
-41  -0.025000
-40  -0.090000
-39  -0.045000
-38   0.010000
-37  -0.030000
-36  -0.035000
-35  -0.035000
-34  -0.060000
-33   0.075000
-32  -0.015000
-31  -0.035000
-30  -0.000000
-29   0.095000
-28   0.005000
-27  -0.010000
-26   0.015000
-25  -0.005000
-24  -0.035000
-23   0.010000
-22   0.025000
-21  -0.005000
-20  -0.005000
-19  -0.045000
-18  -0.015000
-17   0.095000
-16   0.060000
-15   0.045000
-14  -0.025000
-13   0.010000
-12  -0.030000
-11  -0.030000
-10   0.030000
-9  -0.030000
-8   0.035000
-7   0.020000
-6  -0.015000
-5   0.140000
-4  -0.060000
-3  -0.095000
-2   0.090000
-1  -0.035000
