0   0.035000
1  -0.080000
2   0.055000
3   0.075000
4   0.000000
5   0.025000
6  -0.040000
7   0.035000
8   0.090000
9  -0.005000
10   0.050000
11   0.025000
12   0.050000
13  -0.025000
14   0.025000
15   0.010000
16   0.035000
17   0.150000
18   0.020000
19   0.080000
20  -0.015000
21  -0.050000
22  -0.010000
23  -0.015000
24  -0.035000
25   0.030000
26   0.015000
27   0.040000
28  -0.015000
29   0.050000
30  -0.080000
31   0.005000
32  -0.050000
33  -0.040000
34  -0.015000
35   0.010000
36  -0.075000
37   0.045000
38  -0.010000
39   0.090000
40  -0.085000
41  -0.110000
42   0.020000
43  -0.075000
44   0.040000
45  -0.115000
46  -0.050000
47  -0.010000
48  -0.035000
49   0.005000
50   0.015000
51   0.035000
52   0.050000
53  -0.010000
54  -0.045000
55  -0.045000
56  -0.020000
57  -0.025000
58   0.040000
59   0.065000
60  -0.060000
61  -0.095000
62  -0.005000
63  -0.035000
64   0.005000
65  -0.010000
66   0.025000
67  -0.055000
68   0.020000
69  -0.045000
70  -0.010000
71  -0.010000
72  -0.010000
73  -0.010000
74  -0.010000
75  -0.065000
76   0.015000
77  -0.025000
78   0.030000
79  -0.070000
80  -0.065000
81   0.085000
82  -0.050000
83  -0.035000
84  -0.005000
85   0.115000
86   0.145000
87  -0.025000
88  -0.075000
89   0.060000
90  -0.090000
91  -0.005000
92   0.035000
93  -0.065000
94   0.030000
95  -0.080000
96  -0.080000
97   0.055000
98   0.035000
99   0.025000
100  -0.050000
101   0.095000
102   0.070000
103  -0.005000
104  -0.040000
105   0.105000
106   0.015000
107  -0.075000
108  -0.010000
109   0.025000
110   0.000000
111  -0.025000
112  -0.020000
113  -0.040000
114   0.005000
115   0.045000
116   0.045000
117   0.070000
118   0.095000
119   0.040000
120   0.010000
121   0.000000
122  -0.065000
123  -0.095000
124  -0.060000
125  -0.050000
126   0.000000
127  -0.035000
128  -0.020000
129   0.080000
130   0.090000
131   0.035000
132   0.050000
133  -0.005000
134   0.115000
135   0.100000
136   0.045000
137  -0.035000
138  -0.105000
139   0.115000
140   0.000000
141   0.015000
142   0.060000
143   0.130000
144   0.025000
145  -0.015000
146   0.000000
147  -0.020000
148   0.025000
149  -0.010000
150  -0.075000
151  -0.050000
152  -0.010000
153  -0.035000
154   0.055000
155   0.085000
156   0.090000
157   0.030000
158   0.060000
159   0.060000
160  -0.025000
161  -0.045000
162   0.085000
163  -0.105000
164  -0.035000
165   0.040000
166  -0.065000
167  -0.070000
168   0.030000
169   0.005000
170  -0.040000
171   0.055000
172   0.055000
173   0.000000
174   0.020000
175   0.015000
176  -0.035000
177   0.030000
178  -0.010000
179   0.080000
180  -0.070000
181  -0.025000
182   0.050000
183   0.025000
184  -0.055000
185  -0.080000
186  -0.010000
187  -0.030000
188  -0.085000
189   0.040000
190  -0.005000
191  -0.045000
192   0.005000
193   0.055000
194   0.075000
195  -0.010000
196  -0.045000
197   0.045000
198   0.050000
199  -0.045000
200  -0.035000
201  -0.005000
202   0.055000
203  -0.025000
204  -0.055000
205  -0.030000
206  -0.010000
207  -0.045000
208   0.060000
209   0.020000
210   0.085000
211   0.085000
212  -0.035000
213  -0.080000
214  -0.050000
215   0.010000
216  -0.065000
217  -0.055000
218   0.015000
219   0.065000
220   0.045000
221   0.030000
222   0.035000
223   0.010000
224  -0.035000
225   0.005000
226   0.010000
227   0.090000
228   0.020000
229  -0.025000
230  -0.095000
231  -0.065000
232   0.005000
233   0.045000
234   0.040000
235  -0.030000
236   0.040000
237   0.065000
238   0.045000
239   0.080000
240   0.015000
241  -0.010000
242   0.025000
243   0.010000
244   0.030000
245   0.065000
246  -0.005000
247  -0.145000
248   0.030000
249  -0.005000
250  -0.015000
251   0.115000
252  -0.055000
253   0.000000
254  -0.015000
255  -0.020000
256  -0.070000
257   0.045000
258   0.020000
259  -0.040000
260   0.025000
261  -0.050000
262  -0.080000
263  -0.030000
264   0.000000
265  -0.130000
266   0.060000
267   0.090000
268   0.085000
269  -0.060000
270   0.010000
271   0.030000
272  -0.010000
273  -0.020000
274  -0.010000
275   0.015000
276   0.010000
277   0.020000
278  -0.030000
279   0.010000
280  -0.035000
281  -0.025000
282   0.080000
283  -0.005000
284  -0.070000
285  -0.055000
286   0.040000
287   0.045000
288   0.045000
289   0.040000
290   0.035000
291   0.075000
292   0.025000
293  -0.075000
294  -0.085000
295  -0.075000
296  -0.030000
297   0.000000
298  -0.060000
299   0.090000
300   0.060000
301   0.015000
302   0.025000
303   0.010000
304   0.045000
305  -0.080000
306   0.050000
307   0.010000
308   0.010000
309  -0.065000
310  -0.005000
311  -0.010000
312  -0.020000
313   0.085000
314   0.025000
315  -0.045000
316   0.005000
317   0.065000
318   0.045000
319  -0.035000
320  -0.060000
321  -0.055000
322  -0.005000
323   0.080000
324  -0.025000
325   0.045000
326   0.105000
327  -0.015000
328   0.020000
329   0.015000
330   0.065000
331  -0.085000
332   0.020000
333   0.000000
334  -0.070000
335  -0.040000
336   0.000000
337  -0.025000
338  -0.060000
339   0.030000
340  -0.080000
341  -0.015000
342  -0.010000
343  -0.045000
344   0.075000
345   0.020000
346   0.000000
347   0.020000
348  -0.025000
349   0.000000
350  -0.070000
351   0.055000
352   0.000000
353  -0.025000
354  -0.025000
355   0.055000
356   0.020000
357  -0.080000
358  -0.065000
359  -0.005000
360  -0.005000
361  -0.070000
362  -0.065000
363   0.040000
364  -0.130000
365  -0.050000
366   0.000000
367   0.010000
368  -0.050000
369   0.020000
370   0.015000
371   0.075000
372   0.055000
373   0.025000
374   0.005000
375   0.060000
376   0.015000
377  -0.010000
378   0.035000
379  -0.065000
380  -0.010000
381  -0.025000
382   0.035000
383   0.020000
384   0.010000
385   0.020000
386  -0.045000
387   0.015000
388   0.065000
389   0.040000
390  -0.025000
391  -0.025000
392  -0.045000
393   0.040000
394   0.020000
395  -0.005000
396  -0.025000
397  -0.080000
398  -0.005000
399  -0.005000
400   0.025000
401   0.090000
402  -0.085000
403  -0.005000
404  -0.055000
405   0.055000
406  -0.065000
407  -0.065000
408   0.050000
409   0.100000
410   0.005000
411  -0.035000
412   0.005000
413  -0.050000
414  -0.050000
415  -0.060000
416  -0.055000
417  -0.000000
418  -0.010000
419  -0.015000
420  -0.045000
421  -0.035000
422   0.050000
423  -0.000000
424   0.020000
425  -0.040000
426  -0.020000
427  -0.085000
428   0.005000
429   0.030000
430   0.020000
431  -0.005000
432  -0.060000
433  -0.035000
434  -0.045000
435  -0.005000
436   0.080000
437  -0.040000
438   0.005000
439  -0.010000
440  -0.015000
441  -0.055000
442   0.065000
443   0.030000
444  -0.125000
445  -0.075000
446   0.025000
447   0.075000
448   0.080000
449   0.055000
450  -0.035000
451  -0.010000
452  -0.050000
453  -0.010000
454   0.015000
455  -0.120000
456  -0.120000
457   0.015000
458   0.090000
459  -0.010000
460  -0.055000
461   0.025000
462  -0.015000
463   0.035000
464  -0.025000
465   0.010000
466   0.010000
467   0.030000
468   0.105000
469   0.040000
470   0.040000
471   0.025000
472   0.045000
473   0.050000
474  -0.035000
475   0.030000
476   0.030000
477  -0.060000
478   0.025000
479   0.025000
480  -0.020000
481   0.035000
482   0.035000
483  -0.010000
484  -0.005000
485   0.000000
486  -0.075000
487  -0.055000
488  -0.125000
489   0.030000
490   0.075000
491  -0.075000
492  -0.025000
493  -0.095000
494  -0.060000
495  -0.040000
496  -0.060000
497  -0.020000
498   0.050000
499  -0.020000
500  -0.070000
-499  -0.085000
-498  -0.055000
-497  -0.020000
-496   0.095000
-495  -0.030000
-494  -0.060000
-493  -0.055000
-492   0.025000
-491  -0.050000
-490   0.020000
-489   0.000000
-488  -0.005000
-487   0.015000
-486  -0.040000
-485  -0.020000
-484   0.005000
-483   0.005000
-482   0.055000
-481   0.035000
-480   0.045000
-479  -0.005000
-478  -0.070000
-477  -0.075000
-476   0.005000
-475   0.015000
-474  -0.075000
-473  -0.015000
-472  -0.075000
-471  -0.020000
-470   0.015000
-469   0.005000
-468  -0.060000
-467   0.000000
-466  -0.040000
-465  -0.005000
-464   0.105000
-463  -0.015000
-462   0.020000
-461  -0.040000
-460   0.015000
-459   0.055000
-458   0.015000
-457  -0.045000
-456  -0.015000
-455   0.045000
-454   0.075000
-453   0.010000
-452  -0.065000
-451  -0.035000
-450   0.005000
-449   0.030000
-448   0.020000
-447   0.045000
-446  -0.015000
-445   0.035000
-444   0.040000
-443   0.040000
-442  -0.005000
-441  -0.015000
-440   0.045000
-439  -0.040000
-438  -0.045000
-437  -0.070000
-436  -0.005000
-435   0.015000
-434  -0.015000
-433  -0.030000
-432  -0.080000
-431  -0.045000
-430   0.010000
-429  -0.015000
-428  -0.025000
-427  -0.045000
-426  -0.025000
-425  -0.050000
-424   0.010000
-423  -0.065000
-422  -0.005000
-421  -0.015000
-420  -0.115000
-419   0.040000
-418  -0.060000
-417  -0.010000
-416  -0.085000
-415   0.075000
-414   0.125000
-413   0.055000
-412   0.015000
-411  -0.015000
-410   0.055000
-409   0.075000
-408   0.070000
-407  -0.015000
-406  -0.015000
-405   0.020000
-404   0.040000
-403   0.005000
-402  -0.025000
-401  -0.020000
-400  -0.015000
-399  -0.145000
-398   0.045000
-397  -0.030000
-396  -0.065000
-395  -0.025000
-394  -0.030000
-393   0.070000
-392  -0.045000
-391   0.045000
-390   0.055000
-389  -0.045000
-388   0.085000
-387   0.020000
-386  -0.110000
-385  -0.020000
-384   0.120000
-383   0.085000
-382   0.020000
-381  -0.020000
-380   0.015000
-379  -0.005000
-378   0.065000
-377  -0.010000
-376  -0.010000
-375  -0.030000
-374   0.075000
-373   0.020000
-372   0.020000
-371   0.035000
-370  -0.045000
-369  -0.010000
-368   0.040000
-367  -0.030000
-366   0.020000
-365   0.095000
-364  -0.020000
-363   0.030000
-362   0.005000
-361  -0.030000
-360  -0.070000
-359  -0.040000
-358   0.050000
-357   0.035000
-356   0.010000
-355   0.025000
-354  -0.025000
-353  -0.110000
-352  -0.095000
-351  -0.015000
-350  -0.025000
-349  -0.035000
-348  -0.015000
-347   0.090000
-346   0.035000
-345  -0.060000
-344   0.010000
-343   0.035000
-342   0.070000
-341   0.050000
-340   0.035000
-339   0.000000
-338   0.015000
-337   0.070000
-336  -0.040000
-335   0.000000
-334  -0.065000
-333   0.035000
-332  -0.005000
-331  -0.060000
-330  -0.005000
-329  -0.025000
-328   0.010000
-327   0.015000
-326  -0.060000
-325   0.070000
-324   0.010000
-323  -0.040000
-322   0.020000
-321  -0.050000
-320  -0.025000
-319  -0.020000
-318   0.045000
-317   0.015000
-316   0.010000
-315  -0.005000
-314  -0.015000
-313   0.025000
-312   0.020000
-311  -0.010000
-310   0.040000
-309  -0.085000
-308  -0.025000
-307   0.035000
-306  -0.090000
-305  -0.040000
-304   0.075000
-303  -0.040000
-302  -0.030000
-301   0.085000
-300  -0.120000
-299  -0.055000
-298   0.035000
-297  -0.060000
-296   0.055000
-295   0.045000
-294   0.050000
-293  -0.040000
-292  -0.020000
-291   0.005000
-290  -0.030000
-289  -0.085000
-288  -0.070000
-287  -0.070000
-286   0.045000
-285  -0.060000
-284  -0.050000
-283   0.020000
-282   0.000000
-281  -0.085000
-280  -0.155000
-279  -0.020000
-278  -0.070000
-277  -0.070000
-276  -0.010000
-275  -0.085000
-274  -0.030000
-273   0.040000
-272   0.100000
-271  -0.035000
-270   0.050000
-269  -0.065000
-268   0.045000
-267  -0.005000
-266   0.005000
-265  -0.030000
-264  -0.020000
-263   0.080000
-262   0.060000
-261   0.015000
-260   0.005000
-259  -0.015000
-258   0.060000
-257  -0.030000
-256  -0.040000
-255   0.000000
-254  -0.055000
-253   0.030000
-252  -0.030000
-251  -0.030000
-250   0.045000
-249   0.050000
-248   0.005000
-247   0.020000
-246   0.000000
-245   0.075000
-244  -0.005000
-243  -0.055000
-242  -0.005000
-241  -0.075000
-240   0.060000
-239  -0.005000
-238  -0.145000
-237  -0.010000
-236   0.065000
-235  -0.070000
-234   0.035000
-233   0.035000
-232  -0.065000
-231   0.020000
-230   0.025000
-229  -0.030000
-228   0.060000
-227  -0.010000
-226   0.050000
-225  -0.010000
-224   0.030000
-223   0.010000
-222   0.075000
-221  -0.060000
-220  -0.045000
-219  -0.005000
-218   0.050000
-217  -0.050000
-216   0.030000
-215   0.005000
-214  -0.055000
-213   0.040000
-212   0.000000
-211  -0.015000
-210   0.050000
-209  -0.125000
-208  -0.010000
-207  -0.030000
-206  -0.005000
-205  -0.030000
-204  -0.040000
-203  -0.020000
-202  -0.055000
-201   0.005000
-200   0.095000
-199   0.040000
-198   0.025000
-197   0.050000
-196  -0.055000
-195   0.015000
-194  -0.065000
-193   0.020000
-192   0.015000
-191  -0.025000
-190   0.045000
-189  -0.010000
-188  -0.020000
-187   0.025000
-186  -0.005000
-185  -0.030000
-184  -0.085000
-183   0.020000
-182  -0.095000
-181   0.095000
-180  -0.025000
-179  -0.040000
-178   0.095000
-177   0.010000
-176  -0.020000
-175  -0.010000
-174  -0.055000
-173  -0.050000
-172  -0.005000
-171  -0.035000
-170  -0.020000
-169  -0.020000
-168  -0.035000
-167   0.030000
-166  -0.060000
-165   0.050000
-164  -0.030000
-163  -0.010000
-162  -0.045000
-161  -0.070000
-160  -0.005000
-159   0.085000
-158  -0.095000
-157   0.015000
-156  -0.085000
-155   0.035000
-154  -0.030000
-153   0.130000
-152   0.050000
-151  -0.010000
-150  -0.070000
-149   0.025000
-148   0.120000
-147   0.020000
-146   0.060000
-145  -0.070000
-144  -0.045000
-143  -0.050000
-142   0.030000
-141   0.020000
-140   0.045000
-139  -0.025000
-138   0.015000
-137  -0.115000
-136   0.005000
-135  -0.035000
-134  -0.015000
-133   0.015000
-132  -0.015000
-131   0.075000
-130  -0.045000
-129  -0.015000
-128   0.045000
-127  -0.005000
-126  -0.055000
-125   0.115000
-124   0.050000
-123  -0.085000
-122  -0.025000
-121  -0.070000
-120   0.010000
-119   0.000000
-118   0.025000
-117   0.045000
-116  -0.075000
-115   0.040000
-114   0.020000
-113  -0.040000
-112   0.065000
-111   0.155000
-110  -0.020000
-109   0.005000
-108  -0.035000
-107   0.005000
-106   0.025000
-105  -0.010000
-104   0.010000
-103  -0.020000
-102  -0.060000
-101   0.050000
-100  -0.010000
-99   0.125000
-98   0.090000
-97   0.015000
-96  -0.085000
-95   0.075000
-94  -0.075000
-93   0.045000
-92  -0.035000
-91   0.045000
-90  -0.075000
-89   0.080000
-88   0.035000
-87   0.055000
-86   0.040000
-85   0.010000
-84   0.025000
-83   0.035000
-82   0.125000
-81  -0.115000
-80   0.030000
-79   0.045000
-78  -0.040000
-77  -0.065000
-76   0.070000
-75  -0.045000
-74   0.070000
-73  -0.060000
-72  -0.080000
-71   0.000000
-70   0.015000
-69  -0.005000
-68  -0.035000
-67   0.035000
-66  -0.030000
-65   0.025000
-64   0.035000
-63  -0.005000
-62  -0.020000
-61   0.100000
-60   0.015000
-59  -0.005000
-58  -0.095000
-57  -0.015000
-56  -0.015000
-55   0.025000
-54   0.065000
-53  -0.050000
-52   0.005000
-51  -0.075000
-50  -0.035000
-49   0.000000
-48   0.050000
-47  -0.075000
-46  -0.055000
-45   0.025000
-44  -0.050000
-43  -0.075000
-42  -0.000000
-41   0.020000
-40   0.045000
-39   0.010000
-38   0.065000
-37   0.045000
-36   0.065000
-35   0.040000
-34  -0.040000
-33  -0.055000
-32   0.055000
-31   0.005000
-30   0.015000
-29   0.045000
-28  -0.040000
-27   0.050000
-26   0.010000
-25   0.015000
-24   0.135000
-23   0.030000
-22   0.050000
-21  -0.010000
-20  -0.025000
-19  -0.045000
-18  -0.040000
-17  -0.055000
-16  -0.005000
-15   0.005000
-14   0.030000
-13   0.085000
-12  -0.035000
-11   0.050000
-10  -0.005000
-9  -0.000000
-8   0.010000
-7   0.075000
-6   0.000000
-5   0.045000
-4   0.040000
-3   0.040000
-2  -0.080000
-1   0.060000
