0   0.000000
1   0.010000
2   0.060000
3   0.065000
4   0.040000
5   0.010000
6   0.015000
7  -0.020000
8   0.010000
9   0.015000
10  -0.035000
11   0.020000
12  -0.025000
13   0.055000
14  -0.015000
15   0.040000
16   0.030000
17  -0.015000
18  -0.015000
19  -0.085000
20   0.020000
21  -0.110000
22  -0.010000
23  -0.090000
24   0.070000
25   0.085000
26  -0.025000
27   0.010000
28  -0.045000
29  -0.020000
30  -0.010000
31  -0.010000
32  -0.070000
33  -0.135000
34  -0.045000
35   0.080000
36  -0.045000
37   0.030000
38  -0.015000
39  -0.015000
40  -0.040000
41  -0.045000
42   0.015000
43  -0.030000
44  -0.010000
45  -0.070000
46  -0.020000
47   0.045000
48  -0.030000
49  -0.040000
50  -0.030000
51   0.015000
52  -0.000000
53  -0.035000
54  -0.025000
55  -0.015000
56   0.025000
57  -0.070000
58  -0.000000
59  -0.060000
60  -0.035000
61   0.005000
62  -0.040000
63   0.030000
64  -0.055000
65   0.005000
66  -0.025000
67   0.060000
68   0.015000
69   0.005000
70   0.010000
71   0.065000
72   0.045000
73   0.050000
74   0.015000
75   0.060000
76   0.000000
77   0.120000
78   0.075000
79   0.050000
80  -0.020000
81  -0.035000
82   0.025000
83  -0.030000
84   0.010000
85  -0.030000
86   0.005000
87   0.020000
88   0.015000
89  -0.120000
90   0.020000
91  -0.055000
92  -0.070000
93  -0.060000
94   0.000000
95  -0.070000
96   0.000000
97   0.025000
98  -0.065000
99   0.030000
100  -0.030000
101  -0.040000
102  -0.010000
103   0.060000
104   0.030000
105   0.065000
106  -0.045000
107  -0.095000
108  -0.005000
109   0.070000
110   0.035000
111   0.000000
112  -0.145000
113   0.000000
114   0.085000
115   0.120000
116  -0.050000
117   0.000000
118  -0.010000
119   0.060000
120  -0.010000
121   0.010000
122   0.090000
123  -0.055000
124   0.010000
125   0.025000
126  -0.025000
127   0.055000
128   0.065000
129   0.080000
130   0.080000
131  -0.050000
132  -0.110000
133   0.035000
134   0.055000
135  -0.045000
136  -0.080000
137  -0.070000
138   0.040000
139  -0.000000
140   0.045000
141   0.035000
142   0.040000
143   0.130000
144  -0.060000
145   0.040000
146  -0.075000
147   0.020000
148   0.105000
149   0.035000
150  -0.045000
151  -0.030000
152  -0.025000
153  -0.055000
154  -0.100000
155  -0.060000
156   0.025000
157  -0.010000
158  -0.005000
159   0.000000
160  -0.080000
161   0.035000
162  -0.030000
163  -0.070000
164  -0.040000
165   0.045000
166   0.010000
167   0.045000
168  -0.165000
169   0.040000
170  -0.005000
171  -0.065000
172  -0.040000
173   0.000000
174  -0.080000
175  -0.025000
176   0.015000
177  -0.025000
178  -0.055000
179  -0.050000
180  -0.025000
181  -0.035000
182  -0.005000
183  -0.055000
184  -0.050000
185  -0.035000
186   0.040000
187  -0.050000
188   0.060000
189   0.020000
190   0.045000
191   0.030000
192  -0.005000
193  -0.065000
194  -0.005000
195   0.040000
196  -0.045000
197  -0.030000
198   0.005000
199   0.045000
200  -0.030000
201   0.015000
202  -0.005000
203   0.050000
204   0.055000
205   0.040000
206  -0.040000
207   0.105000
208  -0.060000
209  -0.025000
210  -0.045000
211   0.005000
212   0.055000
213   0.040000
214  -0.090000
215   0.045000
216   0.085000
217  -0.010000
218   0.025000
219   0.070000
220  -0.035000
221   0.000000
222   0.000000
223  -0.050000
224   0.065000
225   0.015000
226   0.010000
227  -0.135000
228  -0.035000
229  -0.065000
230   0.000000
231   0.065000
232   0.065000
233   0.040000
234  -0.050000
235   0.080000
236   0.000000
237   0.020000
238  -0.015000
239   0.025000
240  -0.060000
241  -0.025000
242  -0.120000
243  -0.040000
244   0.030000
245  -0.025000
246  -0.060000
247   0.075000
248   0.045000
249  -0.020000
250  -0.025000
251   0.040000
252   0.115000
253  -0.055000
254  -0.030000
255   0.055000
256   0.020000
257   0.025000
258   0.020000
259  -0.095000
260  -0.035000
261  -0.080000
262  -0.075000
263  -0.015000
264  -0.050000
265  -0.070000
266  -0.030000
267  -0.035000
268   0.035000
269   0.070000
270  -0.130000
271   0.075000
272  -0.075000
273   0.020000
274  -0.040000
275  -0.005000
276  -0.010000
277  -0.050000
278  -0.030000
279  -0.065000
280   0.035000
281   0.050000
282   0.100000
283   0.040000
284   0.070000
285   0.035000
286  -0.055000
287  -0.040000
288  -0.045000
289   0.015000
290  -0.080000
291   0.030000
292  -0.175000
293   0.005000
294   0.010000
295  -0.010000
296   0.085000
297  -0.095000
298   0.075000
299  -0.040000
300  -0.030000
301   0.045000
302   0.020000
303   0.005000
304  -0.010000
305  -0.080000
306  -0.045000
307  -0.030000
308  -0.035000
309  -0.055000
310  -0.040000
311  -0.060000
312  -0.080000
313  -0.160000
314   0.055000
315  -0.035000
316   0.045000
317  -0.010000
318   0.035000
319   0.000000
320  -0.050000
321   0.010000
322   0.010000
323  -0.095000
324   0.060000
325  -0.020000
326  -0.085000
327  -0.065000
328  -0.005000
329  -0.070000
330  -0.050000
331  -0.045000
332  -0.020000
333  -0.055000
334   0.005000
335   0.035000
336  -0.035000
337   0.010000
338  -0.010000
339  -0.005000
340  -0.065000
341  -0.005000
342   0.045000
343   0.060000
344   0.030000
345  -0.095000
346   0.000000
347   0.060000
348   0.025000
349  -0.025000
350   0.070000
351   0.075000
352   0.020000
353   0.025000
354   0.060000
355  -0.065000
356   0.060000
357   0.070000
358  -0.030000
359  -0.050000
360   0.025000
361   0.035000
362   0.070000
363   0.030000
364   0.030000
365   0.010000
366  -0.030000
367  -0.025000
368  -0.145000
369  -0.095000
370   0.015000
371  -0.035000
372   0.020000
373  -0.005000
374  -0.005000
375  -0.015000
376  -0.045000
377   0.040000
378   0.015000
379  -0.020000
380   0.025000
381   0.020000
382  -0.010000
383   0.025000
384   0.025000
385   0.050000
386   0.010000
387   0.000000
388   0.100000
389   0.085000
390   0.000000
391   0.005000
392  -0.080000
393  -0.010000
394   0.010000
395  -0.065000
396   0.000000
397   0.005000
398   0.075000
399  -0.055000
400  -0.050000
401   0.045000
402  -0.035000
403   0.015000
404   0.115000
405  -0.010000
406  -0.000000
407  -0.020000
408  -0.030000
409   0.040000
410  -0.065000
411  -0.030000
412  -0.005000
413   0.020000
414   0.000000
415   0.010000
416  -0.085000
417  -0.025000
418   0.050000
419  -0.030000
420   0.030000
421  -0.065000
422   0.005000
423  -0.070000
424  -0.045000
425  -0.005000
426   0.000000
427   0.070000
428   0.065000
429   0.000000
430   0.010000
431  -0.080000
432   0.060000
433  -0.020000
434   0.035000
435   0.040000
436  -0.005000
437   0.020000
438   0.050000
439  -0.070000
440  -0.060000
441  -0.020000
442   0.020000
443  -0.055000
444  -0.020000
445   0.010000
446   0.050000
447  -0.075000
448  -0.005000
449  -0.015000
450   0.000000
451   0.130000
452  -0.040000
453  -0.050000
454   0.030000
455  -0.075000
456  -0.045000
457  -0.000000
458   0.025000
459  -0.040000
460  -0.045000
461   0.030000
462  -0.050000
463  -0.105000
464   0.065000
465   0.015000
466   0.030000
467   0.025000
468  -0.010000
469   0.045000
470  -0.025000
471   0.005000
472   0.050000
473   0.040000
474   0.080000
475  -0.070000
476   0.005000
477  -0.030000
478   0.035000
479  -0.100000
480   0.040000
481  -0.125000
482   0.030000
483  -0.035000
484  -0.085000
485  -0.005000
486   0.055000
487  -0.035000
488  -0.075000
489   0.080000
490  -0.020000
491   0.010000
492   0.030000
493  -0.005000
494  -0.020000
495   0.015000
496  -0.035000
497   0.000000
498  -0.070000
499  -0.070000
500   0.090000
-499  -0.030000
-498  -0.065000
-497  -0.055000
-496  -0.015000
-495   0.035000
-494   0.040000
-493   0.025000
-492   0.045000
-491  -0.030000
-490   0.015000
-489  -0.010000
-488   0.010000
-487  -0.020000
-486  -0.015000
-485   0.025000
-484   0.010000
-483  -0.005000
-482  -0.040000
-481   0.070000
-480   0.050000
-479  -0.040000
-478  -0.105000
-477  -0.085000
-476   0.015000
-475   0.025000
-474  -0.040000
-473   0.020000
-472  -0.065000
-471  -0.025000
-470  -0.075000
-469   0.040000
-468  -0.085000
-467   0.035000
-466  -0.085000
-465  -0.040000
-464   0.095000
-463  -0.005000
-462   0.060000
-461   0.095000
-460   0.110000
-459  -0.015000
-458   0.030000
-457   0.035000
-456   0.015000
-455   0.005000
-454  -0.015000
-453  -0.030000
-452   0.050000
-451   0.025000
-450  -0.005000
-449  -0.010000
-448   0.040000
-447   0.020000
-446  -0.040000
-445  -0.050000
-444   0.085000
-443   0.030000
-442   0.040000
-441  -0.050000
-440   0.025000
-439   0.060000
-438   0.010000
-437   0.085000
-436  -0.105000
-435   0.065000
-434   0.000000
-433  -0.100000
-432  -0.025000
-431   0.050000
-430  -0.045000
-429  -0.040000
-428  -0.135000
-427   0.055000
-426  -0.025000
-425   0.025000
-424   0.050000
-423   0.000000
-422   0.015000
-421   0.025000
-420  -0.010000
-419  -0.025000
-418  -0.005000
-417   0.020000
-416  -0.055000
-415   0.070000
-414  -0.065000
-413  -0.025000
-412   0.070000
-411  -0.025000
-410  -0.010000
-409   0.055000
-408   0.025000
-407  -0.055000
-406   0.005000
-405   0.045000
-404   0.020000
-403   0.080000
-402   0.080000
-401  -0.005000
-400  -0.130000
-399  -0.035000
-398  -0.095000
-397   0.045000
-396  -0.150000
-395  -0.045000
-394   0.030000
-393   0.000000
-392  -0.130000
-391  -0.070000
-390  -0.050000
-389   0.005000
-388   0.035000
-387  -0.010000
-386  -0.025000
-385   0.050000
-384   0.005000
-383   0.035000
-382  -0.015000
-381   0.100000
-380   0.060000
-379   0.005000
-378   0.080000
-377   0.030000
-376   0.020000
-375   0.040000
-374   0.005000
-373   0.015000
-372  -0.070000
-371   0.005000
-370   0.090000
-369   0.030000
-368  -0.045000
-367   0.050000
-366  -0.040000
-365   0.010000
-364  -0.035000
-363   0.040000
-362  -0.050000
-361   0.040000
-360   0.070000
-359  -0.005000
-358  -0.085000
-357  -0.085000
-356  -0.045000
-355  -0.045000
-354  -0.010000
-353  -0.065000
-352   0.115000
-351  -0.050000
-350  -0.020000
-349  -0.090000
-348   0.040000
-347   0.080000
-346   0.075000
-345  -0.035000
-344   0.170000
-343  -0.060000
-342  -0.050000
-341   0.130000
-340   0.075000
-339   0.035000
-338   0.000000
-337  -0.010000
-336  -0.030000
-335   0.035000
-334  -0.110000
-333  -0.040000
-332   0.010000
-331  -0.060000
-330  -0.020000
-329  -0.020000
-328   0.035000
-327   0.005000
-326  -0.060000
-325   0.025000
-324   0.070000
-323   0.035000
-322   0.020000
-321   0.015000
-320   0.015000
-319  -0.010000
-318  -0.045000
-317  -0.005000
-316   0.070000
-315   0.015000
-314  -0.020000
-313   0.055000
-312  -0.050000
-311   0.075000
-310  -0.030000
-309   0.035000
-308   0.040000
-307  -0.075000
-306  -0.055000
-305   0.010000
-304   0.055000
-303   0.020000
-302  -0.020000
-301  -0.035000
-300   0.035000
-299   0.040000
-298  -0.035000
-297  -0.020000
-296   0.065000
-295  -0.010000
-294   0.005000
-293   0.030000
-292  -0.070000
-291   0.030000
-290  -0.025000
-289   0.010000
-288  -0.090000
-287   0.035000
-286  -0.080000
-285   0.000000
-284   0.025000
-283  -0.040000
-282  -0.080000
-281  -0.000000
-280  -0.020000
-279  -0.025000
-278  -0.095000
-277  -0.040000
-276  -0.015000
-275  -0.020000
-274  -0.005000
-273   0.035000
-272  -0.020000
-271   0.030000
-270  -0.015000
-269  -0.020000
-268   0.075000
-267   0.075000
-266   0.010000
-265  -0.075000
-264  -0.005000
-263   0.000000
-262   0.010000
-261  -0.020000
-260   0.035000
-259  -0.005000
-258  -0.005000
-257   0.000000
-256  -0.020000
-255   0.085000
-254   0.030000
-253   0.050000
-252   0.095000
-251   0.040000
-250   0.030000
-249   0.045000
-248   0.000000
-247   0.005000
-246   0.010000
-245  -0.000000
-244   0.060000
-243  -0.015000
-242   0.005000
-241  -0.050000
-240  -0.100000
-239  -0.030000
-238   0.020000
-237  -0.085000
-236   0.085000
-235  -0.015000
-234   0.005000
-233  -0.025000
-232   0.015000
-231  -0.040000
-230   0.015000
-229  -0.020000
-228  -0.020000
-227   0.010000
-226  -0.050000
-225  -0.050000
-224   0.020000
-223  -0.045000
-222  -0.115000
-221   0.040000
-220   0.045000
-219   0.060000
-218  -0.095000
-217  -0.015000
-216  -0.020000
-215   0.075000
-214  -0.015000
-213   0.010000
-212  -0.060000
-211  -0.030000
-210  -0.085000
-209   0.065000
-208  -0.060000
-207  -0.020000
-206   0.005000
-205  -0.085000
-204   0.025000
-203   0.055000
-202  -0.035000
-201  -0.060000
-200   0.010000
-199  -0.010000
-198  -0.015000
-197  -0.045000
-196   0.020000
-195   0.010000
-194  -0.020000
-193   0.095000
-192  -0.080000
-191  -0.070000
-190   0.035000
-189  -0.020000
-188  -0.085000
-187   0.000000
-186  -0.060000
-185  -0.015000
-184  -0.005000
-183  -0.065000
-182  -0.090000
-181   0.115000
-180  -0.020000
-179   0.040000
-178   0.090000
-177  -0.010000
-176   0.135000
-175  -0.035000
-174   0.010000
-173  -0.035000
-172  -0.065000
-171   0.005000
-170  -0.065000
-169  -0.005000
-168   0.045000
-167   0.070000
-166  -0.030000
-165  -0.045000
-164   0.060000
-163   0.055000
-162   0.025000
-161  -0.055000
-160   0.090000
-159  -0.035000
-158  -0.045000
-157  -0.055000
-156   0.025000
-155  -0.020000
-154   0.005000
-153   0.000000
-152  -0.020000
-151  -0.055000
-150  -0.035000
-149  -0.010000
-148   0.000000
-147   0.030000
-146   0.000000
-145  -0.025000
-144   0.010000
-143  -0.035000
-142   0.070000
-141  -0.010000
-140   0.085000
-139   0.040000
-138   0.010000
-137   0.055000
-136   0.010000
-135   0.060000
-134   0.010000
-133  -0.040000
-132  -0.050000
-131  -0.000000
-130  -0.020000
-129  -0.005000
-128  -0.060000
-127  -0.085000
-126   0.000000
-125   0.015000
-124   0.005000
-123   0.040000
-122   0.030000
-121  -0.030000
-120   0.055000
-119   0.020000
-118  -0.010000
-117  -0.025000
-116   0.075000
-115   0.100000
-114   0.020000
-113  -0.050000
-112   0.030000
-111  -0.030000
-110   0.060000
-109  -0.005000
-108  -0.005000
-107   0.070000
-106  -0.005000
-105  -0.030000
-104  -0.080000
-103  -0.040000
-102  -0.030000
-101   0.040000
-100   0.000000
-99   0.045000
-98   0.100000
-97   0.005000
-96   0.025000
-95  -0.080000
-94  -0.130000
-93   0.040000
-92  -0.135000
-91   0.045000
-90   0.050000
-89   0.030000
-88   0.075000
-87   0.100000
-86  -0.045000
-85   0.005000
-84  -0.045000
-83  -0.040000
-82   0.020000
-81   0.010000
-80   0.040000
-79  -0.060000
-78   0.010000
-77  -0.060000
-76   0.035000
-75   0.005000
-74  -0.110000
-73  -0.020000
-72   0.010000
-71  -0.010000
-70  -0.020000
-69  -0.005000
-68  -0.060000
-67   0.020000
-66  -0.010000
-65   0.120000
-64  -0.020000
-63  -0.085000
-62   0.120000
-61  -0.065000
-60  -0.075000
-59   0.055000
-58   0.005000
-57  -0.030000
-56  -0.065000
-55  -0.065000
-54   0.100000
-53   0.015000
-52  -0.055000
-51  -0.065000
-50  -0.005000
-49   0.060000
-48  -0.070000
-47   0.015000
-46  -0.060000
-45  -0.110000
-44   0.030000
-43   0.070000
-42  -0.040000
-41   0.000000
-40  -0.055000
-39   0.005000
-38  -0.010000
-37  -0.005000
-36   0.050000
-35   0.075000
-34   0.030000
-33  -0.020000
-32   0.015000
-31  -0.020000
-30  -0.075000
-29   0.020000
-28   0.040000
-27  -0.060000
-26   0.035000
-25  -0.075000
-24  -0.010000
-23  -0.015000
-22   0.030000
-21   0.025000
-20   0.005000
-19   0.070000
-18  -0.000000
-17  -0.015000
-16   0.045000
-15  -0.120000
-14  -0.000000
-13   0.040000
-12  -0.060000
-11   0.065000
-10   0.050000
-9   0.045000
-8   0.030000
-7   0.045000
-6  -0.040000
-5   0.055000
-4  -0.015000
-3  -0.060000
-2   0.050000
-1   0.040000
