0   0.010000
1   0.020000
2  -0.015000
3   0.030000
4   0.055000
5   0.020000
6  -0.015000
7  -0.055000
8  -0.010000
9  -0.180000
10   0.080000
11   0.035000
12   0.105000
13   0.010000
14  -0.070000
15   0.045000
16  -0.070000
17  -0.010000
18  -0.010000
19  -0.030000
20   0.020000
21   0.065000
22   0.045000
23   0.010000
24   0.015000
25  -0.080000
26  -0.010000
27  -0.060000
28  -0.085000
29  -0.035000
30   0.025000
31   0.060000
32  -0.005000
33   0.010000
34   0.065000
35  -0.015000
36   0.050000
37  -0.045000
38   0.100000
39  -0.075000
40   0.025000
41   0.030000
42   0.015000
43  -0.035000
44   0.065000
45   0.000000
46   0.025000
47   0.010000
48  -0.005000
49  -0.005000
50  -0.030000
51   0.030000
52   0.000000
53  -0.050000
54  -0.070000
55  -0.055000
56  -0.055000
57   0.025000
58  -0.010000
59  -0.020000
60   0.155000
61  -0.005000
62   0.080000
63   0.035000
64   0.020000
65   0.005000
66  -0.130000
67  -0.045000
68   0.050000
69  -0.100000
70   0.065000
71  -0.060000
72   0.105000
73  -0.030000
74  -0.025000
75   0.105000
76  -0.065000
77  -0.030000
78  -0.030000
79  -0.030000
80  -0.090000
81   0.045000
82   0.010000
83   0.040000
84  -0.000000
85   0.045000
86   0.015000
87   0.025000
88  -0.110000
89   0.035000
90  -0.000000
91   0.150000
92   0.055000
93  -0.025000
94  -0.020000
95  -0.055000
96  -0.005000
97   0.040000
98   0.045000
99  -0.045000
100  -0.040000
101  -0.020000
102   0.035000
103   0.045000
104  -0.055000
105  -0.015000
106   0.005000
107  -0.075000
108   0.070000
109  -0.010000
110   0.055000
111   0.075000
112  -0.000000
113   0.020000
114   0.085000
115   0.005000
116   0.035000
117   0.015000
118  -0.115000
119  -0.070000
120   0.050000
121   0.070000
122  -0.050000
123   0.050000
124  -0.015000
125  -0.005000
126  -0.010000
127  -0.100000
128   0.070000
129  -0.025000
130   0.020000
131   0.030000
132   0.045000
133  -0.030000
134   0.045000
135   0.005000
136  -0.125000
137   0.015000
138   0.055000
139   0.015000
140  -0.035000
141   0.010000
142  -0.005000
143   0.025000
144   0.010000
145  -0.080000
146   0.015000
147  -0.010000
148   0.080000
149  -0.060000
150   0.040000
151   0.065000
152   0.040000
153   0.045000
154   0.045000
155  -0.125000
156   0.025000
157  -0.045000
158   0.020000
159   0.025000
160   0.015000
161  -0.015000
162   0.040000
163  -0.035000
164   0.085000
165   0.050000
166   0.055000
167  -0.095000
168   0.050000
169   0.015000
170   0.035000
171  -0.025000
172  -0.040000
173  -0.045000
174   0.005000
175  -0.010000
176   0.090000
177   0.070000
178   0.055000
179  -0.035000
180  -0.085000
181  -0.030000
182   0.055000
183  -0.025000
184   0.050000
185  -0.045000
186   0.010000
187   0.040000
188   0.095000
189   0.020000
190   0.015000
191   0.025000
192   0.040000
193   0.030000
194  -0.025000
195  -0.005000
196   0.045000
197   0.035000
198  -0.080000
199   0.030000
200   0.060000
201  -0.025000
202   0.025000
203   0.050000
204  -0.020000
205   0.025000
206   0.000000
207   0.100000
208  -0.020000
209  -0.040000
210   0.060000
211   0.015000
212   0.035000
213  -0.115000
214   0.080000
215  -0.120000
216   0.015000
217  -0.025000
218  -0.000000
219   0.030000
220   0.020000
221   0.035000
222   0.020000
223   0.020000
224   0.095000
225  -0.070000
226  -0.020000
227  -0.055000
228   0.080000
229  -0.085000
230   0.025000
231  -0.045000
232  -0.070000
233  -0.055000
234   0.020000
235   0.135000
236  -0.070000
237   0.010000
238   0.060000
239   0.060000
240  -0.010000
241   0.020000
242   0.005000
243  -0.020000
244  -0.025000
245   0.055000
246  -0.010000
247   0.030000
248  -0.010000
249   0.045000
250   0.010000
251   0.010000
252  -0.035000
253  -0.000000
254   0.035000
255   0.010000
256   0.045000
257   0.030000
258  -0.015000
259  -0.050000
260   0.015000
261  -0.025000
262  -0.005000
263   0.050000
264   0.010000
265  -0.060000
266   0.000000
267  -0.015000
268   0.005000
269  -0.035000
270   0.020000
271   0.020000
272   0.000000
273   0.025000
274  -0.000000
275  -0.015000
276  -0.050000
277  -0.050000
278   0.030000
279   0.035000
280   0.050000
281  -0.095000
282   0.045000
283   0.015000
284  -0.010000
285   0.020000
286   0.025000
287  -0.065000
288   0.015000
289   0.005000
290  -0.005000
291  -0.015000
292   0.015000
293  -0.130000
294   0.035000
295  -0.030000
296  -0.015000
297  -0.015000
298   0.030000
299   0.085000
300   0.065000
301   0.020000
302   0.045000
303   0.005000
304   0.090000
305   0.035000
306   0.020000
307   0.015000
308  -0.080000
309   0.045000
310   0.045000
311   0.020000
312  -0.030000
313   0.055000
314   0.035000
315   0.065000
316   0.065000
317   0.015000
318   0.025000
319  -0.005000
320   0.065000
321  -0.025000
322   0.065000
323  -0.015000
324  -0.020000
325  -0.020000
326  -0.035000
327   0.015000
328   0.025000
329  -0.055000
330   0.050000
331  -0.020000
332  -0.025000
333   0.040000
334  -0.030000
335   0.040000
336  -0.020000
337  -0.020000
338  -0.030000
339   0.065000
340  -0.020000
341   0.095000
342  -0.025000
343   0.035000
344   0.005000
345  -0.005000
346  -0.090000
347   0.000000
348   0.125000
349  -0.045000
350   0.005000
351   0.040000
352  -0.035000
353  -0.005000
354  -0.000000
355   0.065000
356  -0.060000
357  -0.015000
358   0.005000
359   0.015000
360   0.085000
361  -0.055000
362   0.060000
363   0.020000
364  -0.005000
365  -0.020000
366   0.060000
367  -0.030000
368   0.135000
369   0.025000
370   0.010000
371  -0.005000
372   0.045000
373  -0.080000
374   0.035000
375  -0.025000
376  -0.005000
377   0.095000
378  -0.005000
379  -0.040000
380   0.020000
381   0.045000
382  -0.020000
383   0.020000
384   0.070000
385   0.010000
386   0.045000
387   0.020000
388  -0.035000
389   0.070000
390   0.085000
391   0.035000
392  -0.005000
393   0.035000
394  -0.055000
395  -0.070000
396   0.065000
397  -0.030000
398   0.070000
399  -0.050000
400  -0.060000
401  -0.060000
402  -0.010000
403  -0.095000
404   0.075000
405  -0.080000
406  -0.040000
407   0.000000
408   0.115000
409  -0.025000
410   0.100000
411  -0.110000
412   0.075000
413  -0.090000
414   0.040000
415   0.015000
416   0.100000
417  -0.065000
418   0.010000
419   0.020000
420   0.090000
421   0.015000
422  -0.055000
423  -0.075000
424   0.030000
425   0.040000
426   0.020000
427  -0.005000
428  -0.020000
429   0.010000
430   0.025000
431   0.025000
432  -0.010000
433   0.020000
434   0.085000
435   0.015000
436  -0.085000
437   0.040000
438   0.070000
439   0.025000
440  -0.050000
441   0.010000
442   0.055000
443   0.075000
444  -0.090000
445   0.015000
446   0.010000
447   0.035000
448  -0.070000
449  -0.040000
450   0.010000
451  -0.040000
452  -0.040000
453   0.015000
454   0.025000
455  -0.005000
456  -0.025000
457  -0.035000
458  -0.045000
459  -0.020000
460  -0.065000
461  -0.050000
462   0.015000
463   0.000000
464   0.035000
465  -0.035000
466   0.015000
467   0.055000
468   0.020000
469  -0.060000
470  -0.055000
471  -0.055000
472   0.005000
473  -0.010000
474  -0.055000
475  -0.055000
476  -0.055000
477  -0.055000
478   0.070000
479   0.020000
480  -0.025000
481  -0.025000
482  -0.010000
483  -0.050000
484   0.050000
485  -0.060000
486   0.115000
487   0.015000
488  -0.070000
489  -0.010000
490  -0.045000
491   0.095000
492   0.000000
493   0.075000
494   0.000000
495   0.060000
496  -0.000000
497   0.025000
498   0.035000
499  -0.035000
500  -0.040000
-499   0.070000
-498  -0.050000
-497   0.015000
-496  -0.025000
-495  -0.055000
-494  -0.050000
-493   0.155000
-492  -0.045000
-491  -0.060000
-490   0.005000
-489   0.010000
-488   0.045000
-487  -0.115000
-486   0.050000
-485  -0.055000
-484   0.065000
-483   0.040000
-482   0.015000
-481  -0.030000
-480  -0.035000
-479  -0.010000
-478  -0.005000
-477   0.015000
-476   0.005000
-475   0.020000
-474   0.095000
-473   0.035000
-472  -0.095000
-471   0.015000
-470   0.055000
-469   0.070000
-468   0.010000
-467  -0.050000
-466   0.040000
-465   0.015000
-464   0.065000
-463  -0.115000
-462   0.010000
-461  -0.010000
-460  -0.080000
-459  -0.065000
-458  -0.040000
-457   0.005000
-456   0.005000
-455   0.005000
-454   0.060000
-453  -0.035000
-452   0.010000
-451   0.050000
-450   0.095000
-449  -0.015000
-448  -0.050000
-447   0.015000
-446  -0.010000
-445   0.080000
-444  -0.020000
-443   0.075000
-442  -0.060000
-441   0.055000
-440   0.005000
-439  -0.040000
-438  -0.060000
-437  -0.015000
-436  -0.060000
-435  -0.025000
-434  -0.015000
-433   0.100000
-432   0.035000
-431  -0.015000
-430   0.035000
-429  -0.055000
-428  -0.015000
-427  -0.035000
-426  -0.060000
-425  -0.015000
-424   0.030000
-423   0.020000
-422   0.020000
-421   0.020000
-420  -0.065000
-419   0.070000
-418   0.035000
-417  -0.005000
-416   0.015000
-415   0.070000
-414  -0.085000
-413  -0.055000
-412  -0.075000
-411  -0.010000
-410  -0.125000
-409   0.055000
-408  -0.055000
-407   0.005000
-406   0.065000
-405   0.005000
-404  -0.020000
-403   0.030000
-402  -0.005000
-401  -0.020000
-400   0.015000
-399  -0.040000
-398   0.045000
-397  -0.110000
-396  -0.080000
-395  -0.095000
-394  -0.065000
-393   0.020000
-392   0.050000
-391  -0.075000
-390  -0.025000
-389  -0.070000
-388   0.005000
-387  -0.005000
-386   0.020000
-385  -0.010000
-384   0.005000
-383  -0.075000
-382  -0.045000
-381   0.025000
-380  -0.030000
-379   0.035000
-378  -0.100000
-377  -0.035000
-376   0.010000
-375  -0.035000
-374   0.130000
-373   0.005000
-372  -0.110000
-371  -0.070000
-370   0.030000
-369   0.080000
-368  -0.005000
-367   0.060000
-366  -0.040000
-365   0.035000
-364  -0.085000
-363  -0.110000
-362   0.020000
-361  -0.005000
-360   0.060000
-359  -0.105000
-358   0.055000
-357   0.025000
-356   0.035000
-355   0.040000
-354  -0.040000
-353   0.010000
-352   0.010000
-351  -0.070000
-350  -0.075000
-349   0.020000
-348  -0.010000
-347   0.075000
-346  -0.030000
-345  -0.010000
-344   0.030000
-343  -0.020000
-342   0.085000
-341   0.040000
-340   0.005000
-339   0.030000
-338  -0.010000
-337   0.015000
-336   0.005000
-335  -0.040000
-334  -0.090000
-333   0.015000
-332  -0.015000
-331   0.045000
-330   0.030000
-329   0.040000
-328   0.105000
-327   0.090000
-326   0.050000
-325  -0.030000
-324   0.055000
-323   0.040000
-322  -0.020000
-321   0.070000
-320   0.060000
-319   0.040000
-318  -0.025000
-317   0.035000
-316  -0.115000
-315   0.050000
-314  -0.105000
-313  -0.030000
-312   0.115000
-311  -0.010000
-310   0.010000
-309   0.040000
-308   0.025000
-307   0.045000
-306  -0.095000
-305   0.000000
-304  -0.025000
-303   0.005000
-302   0.025000
-301   0.090000
-300   0.000000
-299  -0.045000
-298  -0.050000
-297   0.140000
-296  -0.045000
-295   0.010000
-294   0.100000
-293  -0.010000
-292  -0.045000
-291  -0.020000
-290  -0.035000
-289   0.010000
-288   0.005000
-287  -0.055000
-286  -0.075000
-285  -0.025000
-284  -0.055000
-283  -0.070000
-282   0.060000
-281  -0.025000
-280   0.015000
-279   0.025000
-278   0.015000
-277  -0.010000
-276   0.020000
-275  -0.105000
-274   0.000000
-273  -0.070000
-272  -0.020000
-271   0.055000
-270  -0.015000
-269  -0.015000
-268  -0.030000
-267   0.085000
-266  -0.090000
-265  -0.050000
-264  -0.015000
-263   0.005000
-262   0.030000
-261  -0.075000
-260  -0.035000
-259  -0.025000
-258  -0.020000
-257   0.025000
-256   0.045000
-255   0.005000
-254   0.005000
-253  -0.080000
-252  -0.000000
-251  -0.035000
-250   0.010000
-249   0.000000
-248  -0.045000
-247  -0.050000
-246  -0.070000
-245  -0.030000
-244  -0.020000
-243   0.050000
-242  -0.030000
-241  -0.020000
-240   0.025000
-239   0.075000
-238   0.050000
-237   0.015000
-236   0.065000
-235  -0.045000
-234  -0.060000
-233   0.055000
-232   0.005000
-231   0.020000
-230  -0.060000
-229   0.010000
-228   0.030000
-227  -0.080000
-226  -0.010000
-225  -0.005000
-224  -0.040000
-223  -0.075000
-222   0.095000
-221  -0.010000
-220  -0.070000
-219   0.030000
-218  -0.015000
-217   0.110000
-216  -0.025000
-215   0.025000
-214  -0.000000
-213   0.010000
-212  -0.000000
-211  -0.025000
-210   0.020000
-209   0.020000
-208   0.060000
-207  -0.045000
-206  -0.035000
-205   0.065000
-204   0.070000
-203  -0.065000
-202  -0.025000
-201   0.145000
-200   0.030000
-199   0.050000
-198  -0.030000
-197  -0.040000
-196  -0.015000
-195   0.105000
-194  -0.055000
-193   0.015000
-192   0.105000
-191  -0.045000
-190  -0.050000
-189  -0.055000
-188  -0.055000
-187  -0.060000
-186  -0.085000
-185  -0.020000
-184   0.050000
-183  -0.005000
-182   0.080000
-181   0.015000
-180   0.055000
-179   0.015000
-178   0.075000
-177  -0.065000
-176   0.015000
-175  -0.015000
-174   0.065000
-173  -0.050000
-172   0.030000
-171   0.110000
-170  -0.110000
-169  -0.030000
-168  -0.100000
-167  -0.040000
-166   0.050000
-165   0.065000
-164  -0.065000
-163  -0.055000
-162  -0.030000
-161  -0.045000
-160  -0.035000
-159  -0.045000
-158   0.050000
-157  -0.070000
-156  -0.050000
-155  -0.015000
-154  -0.010000
-153   0.020000
-152   0.015000
-151  -0.030000
-150   0.005000
-149   0.055000
-148  -0.020000
-147  -0.060000
-146  -0.065000
-145   0.020000
-144   0.040000
-143   0.035000
-142   0.035000
-141  -0.005000
-140   0.045000
-139   0.020000
-138   0.075000
-137  -0.050000
-136  -0.055000
-135   0.005000
-134   0.000000
-133   0.045000
-132   0.030000
-131  -0.010000
-130  -0.010000
-129   0.075000
-128  -0.005000
-127  -0.010000
-126   0.070000
-125   0.035000
-124  -0.040000
-123   0.045000
-122  -0.015000
-121  -0.050000
-120   0.015000
-119   0.045000
-118  -0.045000
-117  -0.055000
-116  -0.035000
-115  -0.010000
-114  -0.010000
-113  -0.045000
-112  -0.090000
-111   0.060000
-110  -0.075000
-109   0.065000
-108  -0.040000
-107  -0.045000
-106   0.090000
-105  -0.005000
-104   0.065000
-103  -0.095000
-102   0.005000
-101   0.010000
-100  -0.030000
-99  -0.045000
-98  -0.085000
-97  -0.040000
-96  -0.035000
-95   0.000000
-94   0.025000
-93   0.060000
-92   0.100000
-91  -0.050000
-90  -0.035000
-89  -0.035000
-88  -0.020000
-87   0.035000
-86  -0.050000
-85   0.030000
-84   0.050000
-83  -0.025000
-82  -0.065000
-81   0.010000
-80   0.050000
-79   0.060000
-78  -0.025000
-77   0.010000
-76  -0.085000
-75  -0.015000
-74  -0.010000
-73  -0.065000
-72  -0.015000
-71  -0.095000
-70   0.010000
-69  -0.040000
-68  -0.035000
-67   0.025000
-66   0.020000
-65   0.085000
-64   0.015000
-63  -0.030000
-62   0.045000
-61   0.015000
-60   0.015000
-59   0.005000
-58   0.015000
-57  -0.015000
-56   0.020000
-55  -0.085000
-54  -0.070000
-53   0.045000
-52  -0.035000
-51  -0.005000
-50  -0.045000
-49  -0.000000
-48  -0.055000
-47   0.035000
-46  -0.010000
-45  -0.060000
-44   0.025000
-43   0.005000
-42  -0.020000
-41  -0.005000
-40   0.005000
-39   0.045000
-38  -0.060000
-37   0.025000
-36  -0.020000
-35   0.040000
-34   0.045000
-33   0.000000
-32  -0.050000
-31  -0.060000
-30   0.020000
-29   0.065000
-28   0.035000
-27  -0.045000
-26   0.005000
-25   0.050000
-24   0.105000
-23   0.015000
-22  -0.145000
-21   0.095000
-20  -0.030000
-19  -0.080000
-18   0.000000
-17  -0.015000
-16  -0.000000
-15   0.025000
-14  -0.065000
-13  -0.040000
-12   0.065000
-11   0.015000
-10   0.065000
-9   0.015000
-8   0.015000
-7   0.015000
-6   0.025000
-5   0.040000
-4  -0.045000
-3  -0.025000
-2  -0.000000
-1   0.005000
