0  -0.040000
1  -0.020000
2  -0.005000
3   0.060000
4   0.035000
5   0.005000
6   0.030000
7  -0.045000
8  -0.075000
9  -0.025000
10  -0.030000
11  -0.080000
12  -0.005000
13  -0.050000
14   0.000000
15   0.030000
16   0.020000
17   0.010000
18  -0.010000
19  -0.030000
20  -0.010000
21  -0.020000
22  -0.020000
23   0.045000
24   0.025000
25  -0.070000
26  -0.035000
27  -0.065000
28   0.090000
29  -0.090000
30  -0.015000
31  -0.070000
32   0.000000
33  -0.095000
34  -0.025000
35  -0.025000
36   0.025000
37  -0.050000
38  -0.050000
39  -0.055000
40  -0.035000
41   0.015000
42  -0.005000
43   0.090000
44   0.040000
45   0.050000
46  -0.055000
47  -0.035000
48   0.030000
49  -0.015000
50   0.020000
51  -0.005000
52  -0.055000
53  -0.095000
54  -0.005000
55   0.000000
56  -0.010000
57   0.005000
58  -0.070000
59   0.070000
60  -0.085000
61  -0.010000
62   0.055000
63  -0.045000
64  -0.005000
65  -0.110000
66   0.070000
67  -0.055000
68  -0.000000
69  -0.045000
70  -0.035000
71   0.050000
72  -0.040000
73   0.075000
74  -0.015000
75   0.035000
76  -0.055000
77   0.080000
78   0.030000
79  -0.035000
80  -0.020000
81   0.020000
82   0.000000
83  -0.040000
84  -0.045000
85   0.045000
86   0.085000
87   0.005000
88   0.080000
89   0.010000
90   0.060000
91   0.005000
92  -0.060000
93  -0.085000
94   0.010000
95  -0.060000
96   0.000000
97   0.080000
98   0.005000
99  -0.070000
100  -0.005000
101  -0.015000
102   0.055000
103   0.045000
104  -0.060000
105  -0.050000
106  -0.070000
107  -0.030000
108   0.075000
109  -0.040000
110   0.045000
111  -0.030000
112  -0.040000
113  -0.015000
114   0.010000
115   0.055000
116   0.010000
117  -0.005000
118   0.085000
119  -0.020000
120  -0.060000
121  -0.000000
122  -0.030000
123   0.015000
124  -0.010000
125   0.040000
126  -0.040000
127  -0.015000
128   0.005000
129  -0.045000
130  -0.120000
131   0.030000
132   0.010000
133   0.010000
134  -0.020000
135   0.005000
136   0.080000
137   0.085000
138   0.035000
139  -0.075000
140   0.070000
141   0.045000
142  -0.025000
143  -0.010000
144   0.020000
145   0.070000
146  -0.040000
147  -0.005000
148  -0.035000
149  -0.040000
150   0.045000
151  -0.075000
152  -0.020000
153   0.065000
154   0.095000
155  -0.040000
156   0.055000
157  -0.065000
158  -0.050000
159   0.060000
160  -0.055000
161  -0.005000
162  -0.000000
163  -0.000000
164   0.055000
165  -0.005000
166   0.025000
167  -0.095000
168   0.065000
169   0.040000
170   0.035000
171   0.025000
172  -0.045000
173   0.035000
174  -0.025000
175   0.130000
176   0.030000
177   0.050000
178  -0.015000
179   0.025000
180   0.060000
181   0.050000
182  -0.095000
183   0.030000
184  -0.025000
185   0.045000
186   0.005000
187  -0.045000
188   0.035000
189   0.005000
190  -0.100000
191  -0.045000
192   0.120000
193   0.015000
194   0.030000
195  -0.110000
196   0.025000
197  -0.080000
198   0.130000
199   0.100000
200   0.040000
201   0.020000
202  -0.005000
203  -0.040000
204  -0.100000
205   0.020000
206  -0.030000
207   0.035000
208  -0.030000
209   0.000000
210   0.000000
211   0.020000
212  -0.090000
213  -0.005000
214   0.090000
215   0.020000
216   0.005000
217  -0.035000
218  -0.045000
219   0.065000
220  -0.020000
221  -0.010000
222  -0.010000
223  -0.015000
224   0.000000
225  -0.030000
226  -0.085000
227   0.025000
228  -0.015000
229  -0.060000
230  -0.040000
231  -0.065000
232   0.005000
233  -0.050000
234   0.025000
235  -0.005000
236  -0.005000
237   0.060000
238   0.045000
239  -0.035000
240   0.005000
241  -0.045000
242  -0.035000
243   0.075000
244  -0.035000
245  -0.070000
246  -0.060000
247  -0.025000
248  -0.025000
249  -0.010000
250  -0.010000
251  -0.015000
252   0.015000
253  -0.025000
254   0.015000
255  -0.005000
256  -0.000000
257   0.010000
258  -0.035000
259  -0.070000
260   0.025000
261   0.000000
262   0.050000
263  -0.015000
264  -0.025000
265   0.000000
266  -0.030000
267   0.055000
268  -0.110000
269  -0.015000
270  -0.100000
271  -0.020000
272  -0.045000
273   0.045000
274  -0.000000
275   0.035000
276   0.045000
277  -0.135000
278  -0.020000
279  -0.010000
280   0.060000
281  -0.055000
282  -0.025000
283  -0.020000
284  -0.035000
285   0.000000
286  -0.005000
287  -0.030000
288   0.045000
289  -0.040000
290   0.045000
291   0.115000
292  -0.010000
293   0.045000
294   0.050000
295   0.080000
296  -0.040000
297   0.045000
298  -0.010000
299  -0.075000
300  -0.000000
301   0.050000
302   0.000000
303  -0.015000
304   0.055000
305   0.005000
306  -0.010000
307   0.020000
308  -0.000000
309   0.030000
310   0.055000
311  -0.005000
312  -0.110000
313   0.040000
314   0.070000
315  -0.085000
316  -0.020000
317   0.065000
318   0.030000
319  -0.060000
320   0.060000
321  -0.035000
322   0.080000
323  -0.030000
324  -0.010000
325  -0.085000
326   0.020000
327  -0.080000
328  -0.030000
329   0.030000
330   0.090000
331  -0.025000
332   0.045000
333  -0.100000
334  -0.025000
335   0.045000
336   0.010000
337   0.080000
338   0.090000
339   0.055000
340  -0.005000
341  -0.050000
342  -0.055000
343   0.035000
344   0.005000
345   0.050000
346   0.030000
347   0.065000
348   0.020000
349   0.040000
350   0.020000
351   0.055000
352   0.055000
353   0.035000
354  -0.040000
355   0.035000
356   0.030000
357   0.070000
358  -0.085000
359   0.010000
360   0.040000
361   0.090000
362  -0.000000
363   0.030000
364  -0.120000
365  -0.015000
366  -0.040000
367  -0.050000
368  -0.045000
369   0.115000
370  -0.050000
371   0.020000
372  -0.040000
373   0.075000
374   0.055000
375  -0.020000
376  -0.020000
377   0.075000
378   0.075000
379   0.070000
380   0.085000
381   0.055000
382  -0.035000
383   0.050000
384  -0.040000
385   0.055000
386   0.070000
387  -0.030000
388  -0.030000
389  -0.050000
390   0.105000
391   0.105000
392   0.015000
393   0.060000
394   0.045000
395   0.110000
396  -0.020000
397   0.025000
398  -0.120000
399   0.030000
400  -0.035000
401  -0.015000
402  -0.025000
403   0.060000
404   0.075000
405   0.040000
406   0.055000
407  -0.015000
408   0.040000
409   0.005000
410   0.050000
411  -0.050000
412  -0.035000
413  -0.045000
414   0.000000
415  -0.010000
416   0.035000
417   0.105000
418  -0.015000
419  -0.030000
420  -0.050000
421  -0.060000
422  -0.030000
423   0.015000
424  -0.020000
425  -0.000000
426  -0.010000
427  -0.025000
428  -0.090000
429   0.035000
430   0.070000
431  -0.030000
432   0.110000
433   0.030000
434   0.010000
435  -0.015000
436  -0.005000
437   0.010000
438  -0.020000
439  -0.020000
440   0.035000
441   0.045000
442  -0.045000
443   0.050000
444   0.010000
445   0.020000
446  -0.030000
447  -0.030000
448   0.025000
449  -0.030000
450   0.065000
451   0.020000
452  -0.095000
453   0.055000
454   0.045000
455   0.000000
456  -0.075000
457  -0.010000
458   0.010000
459   0.010000
460  -0.005000
461  -0.035000
462   0.060000
463   0.015000
464  -0.040000
465   0.005000
466  -0.030000
467  -0.070000
468   0.070000
469   0.005000
470   0.100000
471  -0.110000
472   0.095000
473  -0.025000
474  -0.010000
475  -0.075000
476   0.020000
477   0.005000
478  -0.110000
479  -0.035000
480   0.025000
481  -0.030000
482   0.000000
483   0.030000
484   0.070000
485   0.140000
486   0.015000
487  -0.045000
488   0.020000
489   0.025000
490  -0.040000
491  -0.005000
492  -0.045000
493   0.025000
494  -0.055000
495   0.020000
496   0.055000
497   0.035000
498  -0.030000
499  -0.035000
500   0.045000
-499   0.025000
-498  -0.070000
-497  -0.035000
-496  -0.010000
-495   0.100000
-494   0.020000
-493   0.010000
-492  -0.055000
-491   0.040000
-490  -0.025000
-489  -0.040000
-488   0.030000
-487  -0.065000
-486  -0.070000
-485  -0.000000
-484  -0.030000
-483  -0.070000
-482  -0.025000
-481  -0.030000
-480  -0.050000
-479   0.045000
-478   0.115000
-477  -0.045000
-476  -0.055000
-475   0.035000
-474  -0.035000
-473   0.005000
-472  -0.075000
-471  -0.025000
-470  -0.010000
-469   0.010000
-468   0.005000
-467   0.100000
-466   0.020000
-465  -0.085000
-464   0.140000
-463   0.015000
-462  -0.015000
-461  -0.005000
-460  -0.010000
-459  -0.010000
-458   0.035000
-457  -0.055000
-456   0.040000
-455   0.010000
-454  -0.010000
-453   0.070000
-452   0.045000
-451  -0.020000
-450   0.030000
-449  -0.110000
-448  -0.025000
-447  -0.010000
-446  -0.005000
-445  -0.040000
-444  -0.005000
-443   0.045000
-442  -0.045000
-441   0.025000
-440   0.065000
-439   0.030000
-438   0.035000
-437  -0.025000
-436   0.085000
-435  -0.070000
-434   0.020000
-433   0.040000
-432   0.010000
-431  -0.010000
-430  -0.025000
-429   0.065000
-428  -0.060000
-427   0.005000
-426  -0.015000
-425  -0.025000
-424   0.030000
-423  -0.015000
-422  -0.035000
-421  -0.075000
-420  -0.065000
-419   0.010000
-418  -0.025000
-417   0.010000
-416   0.065000
-415  -0.075000
-414  -0.015000
-413  -0.035000
-412  -0.045000
-411   0.025000
-410   0.025000
-409   0.045000
-408   0.065000
-407  -0.040000
-406   0.060000
-405  -0.015000
-404   0.105000
-403  -0.015000
-402  -0.010000
-401   0.105000
-400  -0.045000
-399  -0.015000
-398  -0.055000
-397   0.080000
-396   0.000000
-395   0.025000
-394  -0.010000
-393  -0.055000
-392  -0.020000
-391  -0.030000
-390  -0.030000
-389  -0.060000
-388  -0.015000
-387  -0.040000
-386   0.000000
-385  -0.035000
-384  -0.055000
-383  -0.000000
-382  -0.010000
-381   0.065000
-380  -0.065000
-379   0.025000
-378   0.135000
-377  -0.070000
-376   0.010000
-375   0.085000
-374   0.035000
-373  -0.010000
-372   0.060000
-371  -0.040000
-370   0.065000
-369   0.020000
-368   0.025000
-367  -0.040000
-366  -0.115000
-365  -0.030000
-364  -0.050000
-363   0.035000
-362   0.010000
-361  -0.015000
-360  -0.010000
-359   0.035000
-358   0.025000
-357  -0.000000
-356   0.025000
-355  -0.070000
-354   0.025000
-353   0.065000
-352   0.000000
-351  -0.060000
-350  -0.095000
-349   0.005000
-348  -0.015000
-347   0.055000
-346   0.045000
-345   0.015000
-344   0.025000
-343   0.015000
-342   0.005000
-341  -0.010000
-340   0.045000
-339   0.015000
-338  -0.000000
-337  -0.030000
-336  -0.005000
-335  -0.075000
-334   0.025000
-333  -0.030000
-332  -0.045000
-331   0.115000
-330  -0.025000
-329  -0.020000
-328   0.065000
-327  -0.070000
-326   0.065000
-325   0.015000
-324  -0.040000
-323   0.030000
-322  -0.025000
-321   0.015000
-320  -0.020000
-319   0.000000
-318  -0.010000
-317   0.115000
-316  -0.105000
-315   0.055000
-314   0.015000
-313  -0.075000
-312  -0.040000
-311   0.025000
-310  -0.055000
-309   0.010000
-308  -0.070000
-307   0.040000
-306   0.005000
-305   0.015000
-304   0.105000
-303   0.075000
-302   0.030000
-301  -0.020000
-300   0.105000
-299   0.055000
-298   0.005000
-297   0.020000
-296  -0.040000
-295   0.010000
-294   0.055000
-293   0.065000
-292  -0.025000
-291   0.030000
-290   0.070000
-289  -0.075000
-288   0.030000
-287  -0.035000
-286   0.015000
-285  -0.030000
-284  -0.005000
-283  -0.110000
-282   0.035000
-281   0.015000
-280   0.030000
-279  -0.045000
-278   0.025000
-277   0.015000
-276  -0.015000
-275   0.125000
-274  -0.005000
-273  -0.005000
-272   0.045000
-271   0.035000
-270  -0.050000
-269  -0.030000
-268  -0.045000
-267  -0.035000
-266   0.135000
-265   0.070000
-264   0.030000
-263   0.080000
-262  -0.020000
-261   0.005000
-260  -0.050000
-259  -0.000000
-258   0.055000
-257   0.000000
-256  -0.065000
-255  -0.015000
-254  -0.100000
-253   0.110000
-252   0.040000
-251  -0.020000
-250   0.010000
-249  -0.055000
-248  -0.020000
-247   0.005000
-246  -0.030000
-245   0.005000
-244  -0.050000
-243  -0.005000
-242  -0.060000
-241   0.030000
-240  -0.020000
-239  -0.030000
-238   0.030000
-237   0.090000
-236  -0.030000
-235  -0.045000
-234  -0.010000
-233  -0.025000
-232   0.060000
-231  -0.035000
-230   0.000000
-229  -0.045000
-228  -0.080000
-227   0.030000
-226   0.015000
-225   0.025000
-224   0.065000
-223  -0.005000
-222   0.055000
-221   0.035000
-220   0.005000
-219  -0.020000
-218   0.035000
-217  -0.025000
-216  -0.010000
-215  -0.085000
-214  -0.060000
-213   0.030000
-212   0.010000
-211  -0.030000
-210  -0.015000
-209   0.035000
-208   0.000000
-207  -0.035000
-206   0.025000
-205  -0.025000
-204  -0.075000
-203  -0.035000
-202   0.055000
-201  -0.080000
-200   0.035000
-199  -0.130000
-198   0.025000
-197   0.010000
-196  -0.110000
-195  -0.090000
-194   0.025000
-193   0.025000
-192   0.005000
-191  -0.040000
-190  -0.040000
-189  -0.035000
-188  -0.055000
-187   0.040000
-186  -0.135000
-185   0.025000
-184  -0.040000
-183  -0.060000
-182   0.095000
-181  -0.010000
-180  -0.050000
-179  -0.025000
-178  -0.010000
-177   0.035000
-176   0.080000
-175   0.055000
-174  -0.045000
-173  -0.035000
-172   0.125000
-171  -0.015000
-170  -0.075000
-169  -0.015000
-168  -0.035000
-167   0.060000
-166  -0.005000
-165  -0.000000
-164   0.055000
-163  -0.010000
-162  -0.015000
-161   0.015000
-160  -0.035000
-159  -0.020000
-158  -0.005000
-157   0.045000
-156   0.005000
-155  -0.045000
-154  -0.030000
-153  -0.010000
-152   0.090000
-151  -0.050000
-150  -0.030000
-149   0.090000
-148  -0.090000
-147  -0.005000
-146  -0.045000
-145  -0.060000
-144   0.040000
-143   0.015000
-142   0.040000
-141  -0.030000
-140  -0.010000
-139   0.000000
-138   0.025000
-137  -0.055000
-136   0.060000
-135  -0.080000
-134   0.060000
-133   0.065000
-132   0.075000
-131  -0.040000
-130   0.020000
-129  -0.000000
-128   0.080000
-127   0.045000
-126   0.100000
-125   0.015000
-124   0.055000
-123   0.040000
-122  -0.005000
-121   0.010000
-120   0.075000
-119  -0.060000
-118  -0.035000
-117   0.035000
-116   0.095000
-115  -0.050000
-114   0.080000
-113   0.015000
-112   0.000000
-111   0.015000
-110  -0.020000
-109   0.070000
-108   0.010000
-107   0.015000
-106  -0.045000
-105  -0.025000
-104   0.025000
-103  -0.100000
-102   0.040000
-101   0.025000
-100   0.065000
-99   0.005000
-98   0.065000
-97   0.025000
-96   0.010000
-95   0.015000
-94  -0.050000
-93  -0.025000
-92   0.005000
-91   0.035000
-90   0.065000
-89  -0.010000
-88  -0.050000
-87  -0.020000
-86   0.005000
-85  -0.030000
-84   0.025000
-83   0.015000
-82  -0.095000
-81   0.035000
-80  -0.085000
-79  -0.050000
-78   0.075000
-77  -0.015000
-76   0.055000
-75  -0.005000
-74   0.080000
-73  -0.030000
-72  -0.050000
-71   0.015000
-70   0.035000
-69  -0.015000
-68   0.035000
-67  -0.070000
-66  -0.010000
-65  -0.040000
-64   0.035000
-63  -0.075000
-62  -0.015000
-61  -0.020000
-60  -0.060000
-59   0.035000
-58   0.020000
-57   0.030000
-56   0.020000
-55  -0.155000
-54  -0.045000
-53  -0.035000
-52  -0.050000
-51   0.000000
-50  -0.035000
-49   0.015000
-48   0.030000
-47   0.040000
-46  -0.080000
-45  -0.125000
-44   0.060000
-43  -0.030000
-42   0.015000
-41   0.015000
-40   0.000000
-39   0.005000
-38  -0.035000
-37   0.020000
-36  -0.015000
-35   0.120000
-34  -0.025000
-33  -0.045000
-32  -0.050000
-31  -0.025000
-30  -0.050000
-29   0.055000
-28  -0.080000
-27   0.070000
-26   0.055000
-25   0.000000
-24  -0.035000
-23  -0.045000
-22   0.015000
-21  -0.000000
-20   0.080000
-19  -0.010000
-18  -0.015000
-17   0.015000
-16  -0.025000
-15  -0.040000
-14   0.090000
-13  -0.035000
-12  -0.015000
-11  -0.075000
-10  -0.040000
-9   0.020000
-8   0.070000
-7   0.115000
-6  -0.035000
-5   0.030000
-4  -0.005000
-3  -0.020000
-2  -0.065000
-1  -0.085000
