0  -0.085000
1  -0.015000
2  -0.010000
3   0.050000
4  -0.020000
5   0.000000
6  -0.055000
7   0.065000
8   0.000000
9  -0.035000
10  -0.105000
11  -0.025000
12  -0.020000
13  -0.040000
14  -0.025000
15   0.025000
16  -0.005000
17  -0.075000
18   0.015000
19   0.065000
20   0.065000
21   0.020000
22  -0.095000
23   0.025000
24   0.015000
25  -0.060000
26   0.075000
27  -0.005000
28   0.050000
29   0.000000
30  -0.010000
31   0.015000
32  -0.025000
33   0.010000
34  -0.035000
35  -0.015000
36  -0.045000
37   0.020000
38   0.025000
39   0.055000
40   0.035000
41   0.075000
42   0.000000
43  -0.050000
44   0.065000
45   0.040000
46   0.005000
47  -0.060000
48  -0.015000
49   0.035000
50   0.020000
51   0.095000
52  -0.055000
53  -0.030000
54   0.065000
55   0.100000
56  -0.045000
57   0.000000
58  -0.020000
59  -0.020000
60  -0.010000
61  -0.020000
62  -0.025000
63  -0.035000
64  -0.050000
65  -0.000000
66  -0.000000
67   0.025000
68  -0.015000
69  -0.010000
70  -0.020000
71  -0.045000
72  -0.010000
73   0.085000
74  -0.020000
75   0.010000
76   0.070000
77   0.040000
78  -0.015000
79   0.020000
80  -0.065000
81   0.005000
82   0.005000
83   0.030000
84  -0.080000
85  -0.045000
86  -0.015000
87   0.020000
88  -0.020000
89   0.015000
90   0.080000
91   0.095000
92   0.085000
93  -0.055000
94   0.070000
95  -0.010000
96  -0.010000
97   0.085000
98   0.095000
99   0.045000
100   0.035000
101   0.000000
102   0.020000
103  -0.010000
104  -0.045000
105  -0.030000
106  -0.035000
107   0.005000
108   0.030000
109  -0.040000
110  -0.030000
111  -0.020000
112   0.045000
113  -0.040000
114  -0.070000
115  -0.035000
116   0.035000
117  -0.005000
118   0.010000
119  -0.030000
120  -0.040000
121   0.050000
122   0.035000
123  -0.015000
124   0.100000
125   0.010000
126   0.025000
127  -0.090000
128  -0.030000
129   0.060000
130   0.055000
131   0.040000
132  -0.090000
133  -0.100000
134  -0.005000
135  -0.045000
136  -0.065000
137   0.030000
138   0.090000
139   0.055000
140  -0.000000
141  -0.015000
142  -0.010000
143  -0.060000
144  -0.070000
145  -0.030000
146  -0.030000
147   0.045000
148   0.015000
149  -0.010000
150   0.045000
151   0.050000
152   0.090000
153  -0.035000
154  -0.005000
155  -0.055000
156  -0.095000
157  -0.040000
158   0.030000
159  -0.075000
160  -0.035000
161  -0.025000
162   0.030000
163   0.000000
164   0.035000
165   0.035000
166   0.015000
167   0.030000
168  -0.120000
169  -0.020000
170  -0.100000
171  -0.075000
172   0.005000
173  -0.020000
174   0.070000
175   0.015000
176  -0.025000
177   0.050000
178   0.035000
179  -0.045000
180   0.080000
181  -0.085000
182   0.010000
183  -0.015000
184   0.000000
185  -0.080000
186   0.080000
187  -0.015000
188  -0.080000
189  -0.010000
190  -0.020000
191   0.025000
192   0.005000
193  -0.000000
194   0.060000
195  -0.040000
196   0.010000
197  -0.010000
198   0.075000
199  -0.135000
200  -0.085000
201   0.045000
202   0.015000
203   0.020000
204   0.030000
205  -0.040000
206   0.015000
207   0.045000
208  -0.035000
209   0.130000
210   0.015000
211   0.020000
212  -0.010000
213   0.005000
214  -0.040000
215   0.050000
216   0.025000
217   0.055000
218   0.110000
219  -0.030000
220  -0.070000
221   0.040000
222   0.120000
223  -0.035000
224   0.015000
225   0.025000
226  -0.010000
227  -0.085000
228   0.010000
229   0.030000
230   0.075000
231  -0.010000
232   0.000000
233  -0.015000
234  -0.040000
235   0.045000
236  -0.055000
237   0.025000
238  -0.080000
239   0.070000
240  -0.055000
241   0.035000
242   0.035000
243  -0.065000
244   0.005000
245   0.070000
246   0.005000
247  -0.060000
248  -0.000000
249   0.040000
250  -0.045000
251  -0.075000
252  -0.035000
253   0.010000
254   0.045000
255  -0.070000
256  -0.015000
257   0.055000
258  -0.040000
259   0.025000
260   0.025000
261   0.040000
262  -0.015000
263  -0.010000
264   0.095000
265   0.105000
266   0.005000
267  -0.005000
268  -0.005000
269   0.010000
270   0.040000
271   0.015000
272  -0.035000
273  -0.105000
274   0.015000
275   0.035000
276   0.035000
277   0.065000
278   0.035000
279  -0.055000
280   0.010000
281  -0.055000
282  -0.035000
283   0.025000
284   0.050000
285  -0.005000
286   0.030000
287   0.040000
288  -0.045000
289   0.065000
290  -0.035000
291  -0.060000
292   0.045000
293  -0.040000
294   0.095000
295   0.030000
296  -0.030000
297   0.100000
298   0.075000
299   0.045000
300   0.025000
301   0.000000
302  -0.035000
303   0.045000
304   0.015000
305   0.055000
306  -0.010000
307   0.030000
308  -0.105000
309  -0.030000
310  -0.025000
311   0.005000
312   0.010000
313  -0.020000
314   0.005000
315   0.040000
316   0.020000
317   0.060000
318  -0.005000
319   0.030000
320  -0.030000
321  -0.010000
322   0.070000
323  -0.010000
324   0.010000
325   0.080000
326   0.050000
327   0.105000
328  -0.040000
329   0.095000
330   0.010000
331   0.005000
332   0.010000
333   0.095000
334   0.010000
335   0.030000
336  -0.025000
337  -0.040000
338   0.030000
339   0.010000
340  -0.060000
341  -0.015000
342   0.120000
343   0.025000
344  -0.030000
345  -0.040000
346   0.040000
347   0.050000
348  -0.025000
349   0.010000
350  -0.005000
351   0.060000
352   0.060000
353   0.035000
354   0.070000
355  -0.050000
356   0.015000
357   0.030000
358  -0.025000
359  -0.005000
360   0.005000
361   0.055000
362  -0.030000
363  -0.020000
364  -0.035000
365  -0.015000
366  -0.050000
367   0.020000
368   0.045000
369   0.035000
370  -0.020000
371   0.075000
372  -0.015000
373  -0.020000
374  -0.005000
375   0.025000
376  -0.030000
377   0.025000
378  -0.025000
379  -0.030000
380   0.030000
381  -0.055000
382  -0.030000
383   0.015000
384  -0.090000
385  -0.020000
386   0.025000
387   0.070000
388  -0.085000
389  -0.020000
390   0.010000
391   0.015000
392   0.035000
393  -0.010000
394  -0.045000
395  -0.005000
396  -0.070000
397  -0.035000
398  -0.035000
399   0.035000
400   0.000000
401   0.065000
402  -0.045000
403   0.025000
404  -0.100000
405  -0.045000
406  -0.040000
407   0.055000
408   0.000000
409   0.005000
410  -0.050000
411  -0.030000
412   0.080000
413   0.035000
414   0.080000
415   0.030000
416  -0.075000
417  -0.030000
418   0.015000
419  -0.125000
420   0.030000
421   0.020000
422  -0.005000
423  -0.040000
424  -0.010000
425   0.020000
426   0.050000
427   0.020000
428  -0.040000
429   0.035000
430   0.025000
431   0.075000
432   0.010000
433   0.010000
434  -0.025000
435  -0.060000
436   0.000000
437  -0.050000
438  -0.015000
439  -0.110000
440   0.055000
441  -0.030000
442  -0.085000
443   0.045000
444  -0.005000
445  -0.030000
446   0.005000
447   0.015000
448   0.035000
449  -0.035000
450   0.090000
451   0.100000
452  -0.060000
453  -0.060000
454   0.010000
455  -0.000000
456  -0.000000
457   0.020000
458  -0.095000
459  -0.080000
460   0.060000
461  -0.020000
462   0.020000
463   0.020000
464   0.055000
465   0.035000
466   0.015000
467  -0.020000
468  -0.010000
469  -0.050000
470  -0.020000
471  -0.030000
472  -0.010000
473   0.065000
474   0.070000
475   0.010000
476   0.020000
477   0.045000
478  -0.030000
479  -0.070000
480  -0.060000
481   0.010000
482   0.075000
483  -0.030000
484  -0.020000
485   0.035000
486  -0.005000
487  -0.035000
488   0.020000
489  -0.015000
490  -0.075000
491   0.010000
492   0.025000
493   0.040000
494   0.125000
495  -0.135000
496   0.035000
497   0.010000
498   0.080000
499   0.025000
500   0.020000
-499   0.005000
-498   0.030000
-497  -0.010000
-496   0.030000
-495   0.040000
-494  -0.015000
-493   0.060000
-492   0.120000
-491  -0.030000
-490  -0.015000
-489  -0.065000
-488  -0.100000
-487   0.055000
-486   0.040000
-485  -0.040000
-484  -0.040000
-483   0.020000
-482   0.020000
-481   0.015000
-480   0.025000
-479  -0.010000
-478   0.035000
-477  -0.010000
-476   0.030000
-475   0.065000
-474   0.055000
-473   0.060000
-472   0.025000
-471  -0.110000
-470  -0.010000
-469   0.020000
-468   0.025000
-467  -0.040000
-466   0.130000
-465   0.020000
-464  -0.035000
-463  -0.065000
-462   0.005000
-461  -0.010000
-460  -0.085000
-459  -0.010000
-458   0.045000
-457   0.010000
-456   0.060000
-455   0.005000
-454  -0.015000
-453   0.020000
-452  -0.085000
-451   0.045000
-450   0.040000
-449  -0.090000
-448  -0.040000
-447   0.005000
-446  -0.015000
-445  -0.035000
-444  -0.015000
-443  -0.050000
-442   0.030000
-441  -0.055000
-440  -0.005000
-439  -0.005000
-438   0.070000
-437   0.005000
-436  -0.005000
-435   0.020000
-434   0.095000
-433  -0.100000
-432  -0.040000
-431  -0.010000
-430   0.030000
-429  -0.035000
-428  -0.010000
-427  -0.050000
-426   0.070000
-425  -0.035000
-424  -0.025000
-423   0.080000
-422  -0.090000
-421   0.040000
-420   0.070000
-419   0.030000
-418   0.020000
-417  -0.020000
-416  -0.025000
-415   0.135000
-414  -0.040000
-413   0.000000
-412   0.055000
-411  -0.060000
-410  -0.015000
-409   0.040000
-408   0.055000
-407  -0.095000
-406   0.005000
-405  -0.000000
-404   0.030000
-403  -0.090000
-402  -0.080000
-401   0.075000
-400  -0.035000
-399   0.045000
-398  -0.050000
-397   0.015000
-396   0.015000
-395  -0.035000
-394   0.030000
-393  -0.055000
-392   0.035000
-391  -0.075000
-390  -0.085000
-389   0.070000
-388  -0.070000
-387  -0.000000
-386  -0.010000
-385  -0.060000
-384   0.055000
-383  -0.010000
-382   0.015000
-381  -0.115000
-380  -0.080000
-379   0.030000
-378  -0.040000
-377  -0.020000
-376   0.040000
-375  -0.005000
-374  -0.055000
-373   0.045000
-372  -0.010000
-371  -0.100000
-370   0.005000
-369   0.020000
-368   0.005000
-367  -0.005000
-366  -0.055000
-365   0.020000
-364  -0.085000
-363   0.035000
-362  -0.040000
-361   0.080000
-360  -0.075000
-359   0.010000
-358   0.030000
-357   0.010000
-356   0.050000
-355   0.060000
-354   0.030000
-353  -0.050000
-352  -0.065000
-351   0.005000
-350  -0.030000
-349  -0.040000
-348   0.005000
-347  -0.005000
-346  -0.020000
-345  -0.100000
-344   0.050000
-343   0.045000
-342   0.020000
-341  -0.100000
-340  -0.050000
-339   0.065000
-338  -0.045000
-337   0.045000
-336   0.060000
-335   0.065000
-334   0.040000
-333  -0.025000
-332   0.025000
-331   0.120000
-330   0.105000
-329   0.080000
-328  -0.070000
-327  -0.060000
-326   0.025000
-325  -0.045000
-324   0.040000
-323  -0.010000
-322  -0.055000
-321  -0.015000
-320  -0.035000
-319  -0.025000
-318   0.050000
-317  -0.055000
-316   0.050000
-315   0.070000
-314  -0.020000
-313   0.035000
-312  -0.080000
-311  -0.040000
-310   0.085000
-309  -0.045000
-308  -0.000000
-307   0.095000
-306  -0.040000
-305   0.040000
-304   0.075000
-303   0.055000
-302  -0.030000
-301  -0.015000
-300  -0.080000
-299   0.025000
-298  -0.015000
-297  -0.100000
-296   0.065000
-295  -0.050000
-294  -0.010000
-293   0.025000
-292  -0.055000
-291   0.025000
-290   0.045000
-289   0.085000
-288  -0.005000
-287  -0.010000
-286  -0.060000
-285   0.050000
-284  -0.080000
-283  -0.010000
-282   0.025000
-281  -0.085000
-280  -0.025000
-279  -0.000000
-278  -0.070000
-277   0.010000
-276   0.020000
-275   0.085000
-274   0.035000
-273   0.060000
-272   0.020000
-271   0.005000
-270  -0.140000
-269   0.005000
-268   0.065000
-267  -0.025000
-266   0.035000
-265  -0.060000
-264   0.040000
-263   0.045000
-262  -0.105000
-261   0.000000
-260  -0.020000
-259  -0.085000
-258  -0.020000
-257   0.025000
-256  -0.075000
-255  -0.005000
-254   0.000000
-253  -0.025000
-252  -0.005000
-251  -0.080000
-250  -0.045000
-249  -0.060000
-248  -0.080000
-247   0.070000
-246  -0.040000
-245   0.030000
-244   0.115000
-243  -0.040000
-242   0.035000
-241  -0.085000
-240  -0.035000
-239   0.005000
-238   0.045000
-237   0.050000
-236  -0.075000
-235   0.040000
-234   0.035000
-233   0.000000
-232   0.075000
-231  -0.100000
-230  -0.035000
-229  -0.010000
-228   0.010000
-227  -0.045000
-226   0.020000
-225  -0.060000
-224  -0.105000
-223   0.035000
-222   0.030000
-221  -0.050000
-220  -0.005000
-219  -0.060000
-218  -0.050000
-217   0.020000
-216  -0.085000
-215  -0.035000
-214  -0.010000
-213   0.025000
-212  -0.005000
-211  -0.015000
-210   0.010000
-209  -0.055000
-208   0.045000
-207   0.030000
-206  -0.045000
-205   0.030000
-204   0.005000
-203  -0.065000
-202   0.090000
-201   0.015000
-200  -0.040000
-199  -0.035000
-198   0.010000
-197  -0.110000
-196   0.055000
-195  -0.010000
-194  -0.020000
-193   0.040000
-192   0.060000
-191   0.125000
-190  -0.055000
-189  -0.065000
-188  -0.005000
-187   0.015000
-186  -0.040000
-185   0.030000
-184   0.030000
-183  -0.035000
-182   0.035000
-181   0.040000
-180  -0.035000
-179  -0.040000
-178   0.080000
-177  -0.070000
-176  -0.030000
-175   0.055000
-174  -0.040000
-173   0.015000
-172   0.025000
-171   0.045000
-170   0.050000
-169  -0.005000
-168  -0.015000
-167   0.120000
-166  -0.020000
-165   0.005000
-164  -0.050000
-163  -0.030000
-162  -0.025000
-161  -0.045000
-160   0.075000
-159  -0.060000
-158   0.005000
-157  -0.020000
-156   0.045000
-155  -0.010000
-154  -0.015000
-153   0.010000
-152   0.020000
-151  -0.040000
-150   0.075000
-149  -0.065000
-148  -0.050000
-147   0.115000
-146   0.045000
-145   0.030000
-144  -0.060000
-143   0.020000
-142  -0.070000
-141  -0.035000
-140   0.105000
-139  -0.005000
-138  -0.020000
-137   0.065000
-136   0.060000
-135  -0.095000
-134   0.065000
-133  -0.035000
-132   0.040000
-131   0.005000
-130  -0.030000
-129  -0.015000
-128  -0.015000
-127  -0.005000
-126  -0.020000
-125   0.050000
-124   0.020000
-123   0.060000
-122   0.055000
-121   0.065000
-120  -0.015000
-119  -0.015000
-118   0.030000
-117   0.095000
-116  -0.090000
-115  -0.035000
-114  -0.040000
-113  -0.005000
-112  -0.115000
-111  -0.010000
-110   0.080000
-109  -0.020000
-108   0.005000
-107   0.060000
-106  -0.010000
-105  -0.050000
-104  -0.015000
-103  -0.040000
-102   0.015000
-101   0.030000
-100  -0.015000
-99  -0.005000
-98  -0.005000
-97  -0.000000
-96   0.055000
-95   0.030000
-94  -0.035000
-93  -0.130000
-92  -0.005000
-91   0.150000
-90  -0.085000
-89  -0.050000
-88  -0.075000
-87   0.005000
-86   0.015000
-85  -0.070000
-84   0.025000
-83   0.045000
-82  -0.015000
-81  -0.005000
-80  -0.020000
-79  -0.060000
-78   0.005000
-77  -0.025000
-76  -0.020000
-75   0.005000
-74  -0.060000
-73   0.120000
-72   0.020000
-71   0.025000
-70  -0.010000
-69  -0.015000
-68  -0.065000
-67  -0.015000
-66   0.035000
-65  -0.055000
-64   0.055000
-63  -0.075000
-62  -0.035000
-61   0.025000
-60   0.025000
-59  -0.045000
-58   0.155000
-57   0.020000
-56   0.010000
-55  -0.030000
-54  -0.090000
-53   0.035000
-52  -0.005000
-51   0.025000
-50  -0.075000
-49   0.120000
-48  -0.060000
-47   0.045000
-46  -0.040000
-45  -0.050000
-44  -0.085000
-43   0.080000
-42  -0.055000
-41   0.070000
-40  -0.010000
-39  -0.075000
-38   0.040000
-37  -0.010000
-36  -0.055000
-35  -0.040000
-34  -0.065000
-33  -0.035000
-32  -0.045000
-31   0.035000
-30  -0.025000
-29   0.065000
-28  -0.030000
-27  -0.040000
-26   0.010000
-25   0.055000
-24  -0.065000
-23  -0.010000
-22   0.065000
-21   0.000000
-20  -0.015000
-19   0.015000
-18   0.015000
-17   0.115000
-16   0.045000
-15  -0.020000
-14  -0.050000
-13  -0.055000
-12   0.150000
-11   0.065000
-10   0.070000
-9   0.090000
-8  -0.115000
-7  -0.000000
-6  -0.020000
-5  -0.025000
-4   0.010000
-3  -0.005000
-2  -0.010000
-1   0.020000
