0   0.015000
1  -0.025000
2   0.010000
3  -0.035000
4  -0.005000
5   0.045000
6   0.005000
7  -0.055000
8   0.000000
9   0.080000
10   0.070000
11   0.010000
12   0.050000
13  -0.010000
14   0.005000
15   0.045000
16   0.060000
17   0.025000
18   0.005000
19  -0.040000
20  -0.080000
21  -0.015000
22  -0.015000
23   0.030000
24   0.020000
25  -0.020000
26  -0.070000
27  -0.030000
28  -0.005000
29   0.025000
30   0.060000
31   0.030000
32  -0.005000
33   0.030000
34  -0.050000
35   0.000000
36  -0.020000
37   0.095000
38   0.130000
39  -0.015000
40  -0.025000
41  -0.000000
42   0.050000
43   0.055000
44   0.045000
45   0.020000
46  -0.095000
47   0.040000
48  -0.015000
49   0.020000
50  -0.025000
51  -0.005000
52  -0.015000
53   0.015000
54   0.145000
55   0.015000
56  -0.005000
57   0.010000
58  -0.020000
59   0.030000
60   0.070000
61   0.015000
62   0.075000
63  -0.000000
64   0.010000
65   0.070000
66   0.030000
67   0.030000
68   0.040000
69  -0.095000
70  -0.025000
71  -0.090000
72   0.025000
73  -0.070000
74   0.080000
75   0.010000
76  -0.025000
77   0.045000
78   0.065000
79   0.030000
80   0.070000
81   0.070000
82   0.020000
83   0.000000
84   0.015000
85  -0.010000
86  -0.030000
87  -0.060000
88   0.065000
89   0.005000
90  -0.005000
91   0.075000
92   0.010000
93  -0.015000
94   0.115000
95   0.035000
96  -0.085000
97  -0.050000
98  -0.060000
99   0.045000
100   0.080000
101  -0.005000
102  -0.025000
103   0.015000
104   0.035000
105  -0.015000
106   0.115000
107   0.040000
108  -0.045000
109   0.030000
110   0.020000
111   0.025000
112  -0.045000
113  -0.030000
114   0.080000
115   0.005000
116   0.020000
117  -0.005000
118   0.010000
119   0.050000
120  -0.075000
121   0.035000
122   0.015000
123   0.010000
124   0.080000
125   0.005000
126  -0.020000
127   0.030000
128  -0.105000
129  -0.005000
130   0.085000
131  -0.025000
132  -0.105000
133   0.015000
134   0.015000
135  -0.065000
136  -0.000000
137   0.080000
138  -0.000000
139  -0.000000
140  -0.040000
141   0.030000
142   0.075000
143   0.025000
144   0.090000
145   0.050000
146  -0.015000
147  -0.040000
148  -0.030000
149   0.035000
150   0.025000
151  -0.010000
152  -0.015000
153   0.020000
154  -0.035000
155   0.060000
156  -0.035000
157   0.005000
158  -0.000000
159   0.000000
160  -0.015000
161   0.015000
162  -0.015000
163   0.045000
164  -0.065000
165  -0.055000
166   0.010000
167  -0.075000
168   0.110000
169   0.025000
170  -0.090000
171  -0.055000
172  -0.005000
173   0.005000
174   0.030000
175  -0.020000
176   0.005000
177   0.005000
178  -0.030000
179  -0.040000
180  -0.055000
181  -0.015000
182  -0.020000
183   0.005000
184   0.025000
185   0.045000
186  -0.015000
187   0.080000
188   0.060000
189   0.020000
190  -0.015000
191   0.075000
192  -0.055000
193  -0.065000
194  -0.030000
195   0.020000
196  -0.070000
197  -0.065000
198   0.055000
199   0.080000
200  -0.065000
201   0.045000
202  -0.080000
203   0.020000
204   0.045000
205  -0.005000
206  -0.065000
207  -0.025000
208   0.025000
209  -0.030000
210  -0.020000
211   0.060000
212   0.005000
213  -0.050000
214   0.050000
215   0.005000
216  -0.005000
217   0.010000
218   0.005000
219  -0.025000
220   0.020000
221   0.005000
222  -0.085000
223   0.020000
224   0.060000
225   0.040000
226  -0.105000
227   0.015000
228   0.050000
229  -0.095000
230   0.025000
231   0.050000
232  -0.025000
233   0.035000
234   0.010000
235  -0.020000
236  -0.100000
237  -0.020000
238  -0.035000
239   0.085000
240   0.030000
241   0.045000
242  -0.015000
243   0.005000
244   0.020000
245  -0.035000
246   0.045000
247   0.005000
248  -0.065000
249   0.060000
250  -0.095000
251   0.070000
252  -0.060000
253  -0.055000
254  -0.080000
255  -0.065000
256  -0.035000
257  -0.030000
258   0.040000
259   0.045000
260  -0.035000
261  -0.020000
262   0.045000
263   0.005000
264   0.025000
265   0.015000
266   0.030000
267  -0.030000
268  -0.010000
269  -0.085000
270   0.055000
271   0.000000
272  -0.050000
273   0.055000
274  -0.015000
275  -0.005000
276  -0.005000
277   0.025000
278   0.095000
279  -0.020000
280  -0.035000
281  -0.040000
282  -0.055000
283   0.015000
284  -0.050000
285   0.000000
286  -0.110000
287  -0.030000
288  -0.025000
289  -0.010000
290  -0.030000
291  -0.065000
292   0.025000
293  -0.020000
294   0.045000
295  -0.010000
296  -0.010000
297  -0.070000
298   0.040000
299   0.045000
300  -0.030000
301  -0.035000
302  -0.085000
303   0.025000
304   0.010000
305   0.020000
306   0.025000
307   0.085000
308   0.085000
309   0.110000
310  -0.080000
311  -0.060000
312  -0.035000
313  -0.045000
314  -0.045000
315   0.080000
316   0.050000
317  -0.010000
318  -0.120000
319  -0.050000
320   0.070000
321  -0.010000
322   0.005000
323  -0.055000
324   0.040000
325   0.010000
326   0.115000
327  -0.015000
328   0.075000
329  -0.005000
330  -0.020000
331  -0.000000
332   0.030000
333  -0.010000
334   0.045000
335   0.005000
336  -0.075000
337  -0.010000
338  -0.060000
339  -0.000000
340  -0.025000
341   0.035000
342  -0.005000
343  -0.030000
344  -0.025000
345  -0.010000
346   0.055000
347  -0.010000
348   0.020000
349  -0.025000
350  -0.065000
351   0.055000
352  -0.030000
353   0.050000
354   0.005000
355  -0.035000
356  -0.075000
357   0.040000
358   0.050000
359   0.035000
360  -0.085000
361   0.005000
362   0.020000
363   0.110000
364  -0.050000
365   0.005000
366   0.030000
367   0.060000
368  -0.015000
369   0.020000
370  -0.040000
371  -0.010000
372   0.030000
373  -0.030000
374  -0.010000
375   0.040000
376   0.055000
377  -0.055000
378  -0.025000
379   0.015000
380  -0.015000
381   0.090000
382  -0.140000
383  -0.065000
384  -0.060000
385   0.065000
386  -0.040000
387   0.030000
388  -0.000000
389  -0.035000
390   0.045000
391   0.070000
392  -0.025000
393   0.030000
394   0.045000
395   0.005000
396   0.030000
397   0.055000
398  -0.075000
399  -0.030000
400   0.050000
401   0.160000
402  -0.015000
403  -0.075000
404  -0.005000
405  -0.070000
406   0.005000
407   0.015000
408  -0.015000
409  -0.015000
410  -0.110000
411   0.005000
412  -0.035000
413   0.050000
414   0.060000
415  -0.020000
416  -0.010000
417  -0.045000
418  -0.025000
419   0.005000
420   0.040000
421   0.045000
422   0.010000
423   0.015000
424  -0.005000
425   0.000000
426  -0.030000
427   0.035000
428   0.020000
429  -0.015000
430  -0.055000
431   0.025000
432  -0.025000
433  -0.025000
434  -0.025000
435  -0.000000
436   0.035000
437   0.045000
438  -0.000000
439  -0.045000
440  -0.000000
441   0.065000
442   0.055000
443  -0.070000
444  -0.010000
445   0.040000
446  -0.025000
447  -0.010000
448  -0.050000
449   0.030000
450  -0.030000
451  -0.060000
452  -0.145000
453  -0.005000
454   0.070000
455  -0.055000
456   0.050000
457  -0.035000
458   0.110000
459   0.010000
460  -0.005000
461   0.000000
462   0.045000
463   0.000000
464  -0.015000
465   0.050000
466   0.125000
467   0.010000
468  -0.040000
469  -0.095000
470  -0.035000
471   0.050000
472   0.055000
473   0.050000
474  -0.085000
475   0.015000
476   0.010000
477   0.045000
478   0.075000
479  -0.025000
480  -0.055000
481   0.000000
482   0.030000
483  -0.030000
484   0.025000
485   0.035000
486  -0.015000
487  -0.070000
488   0.075000
489   0.080000
490  -0.020000
491  -0.050000
492  -0.110000
493   0.025000
494   0.030000
495   0.085000
496   0.085000
497  -0.035000
498   0.020000
499  -0.010000
500   0.075000
-499   0.045000
-498  -0.075000
-497   0.045000
-496  -0.005000
-495   0.030000
-494  -0.120000
-493   0.075000
-492   0.000000
-491   0.055000
-490   0.080000
-489  -0.065000
-488   0.015000
-487   0.025000
-486   0.020000
-485  -0.060000
-484   0.040000
-483  -0.035000
-482   0.075000
-481   0.050000
-480   0.045000
-479   0.000000
-478  -0.045000
-477  -0.000000
-476  -0.055000
-475  -0.070000
-474  -0.050000
-473  -0.050000
-472  -0.025000
-471  -0.025000
-470  -0.040000
-469   0.025000
-468  -0.065000
-467  -0.000000
-466   0.095000
-465   0.030000
-464   0.010000
-463   0.085000
-462  -0.050000
-461   0.090000
-460   0.030000
-459   0.030000
-458   0.010000
-457   0.070000
-456   0.080000
-455  -0.010000
-454   0.060000
-453  -0.010000
-452  -0.025000
-451   0.075000
-450   0.005000
-449   0.005000
-448   0.020000
-447  -0.050000
-446  -0.030000
-445   0.065000
-444   0.060000
-443   0.085000
-442  -0.010000
-441   0.090000
-440  -0.045000
-439  -0.045000
-438   0.090000
-437   0.035000
-436   0.045000
-435  -0.040000
-434   0.065000
-433   0.020000
-432   0.035000
-431  -0.050000
-430   0.015000
-429   0.050000
-428   0.015000
-427   0.015000
-426  -0.030000
-425   0.030000
-424   0.040000
-423   0.040000
-422   0.010000
-421   0.065000
-420   0.030000
-419   0.005000
-418  -0.035000
-417   0.070000
-416   0.085000
-415   0.015000
-414  -0.060000
-413  -0.035000
-412   0.030000
-411   0.090000
-410   0.040000
-409  -0.010000
-408  -0.035000
-407  -0.035000
-406  -0.065000
-405  -0.040000
-404  -0.035000
-403  -0.010000
-402  -0.070000
-401   0.070000
-400   0.025000
-399  -0.060000
-398  -0.055000
-397   0.015000
-396   0.005000
-395   0.025000
-394   0.015000
-393  -0.030000
-392   0.015000
-391  -0.045000
-390   0.000000
-389   0.015000
-388  -0.005000
-387  -0.065000
-386   0.050000
-385  -0.090000
-384   0.000000
-383  -0.045000
-382   0.055000
-381  -0.050000
-380  -0.010000
-379  -0.080000
-378  -0.020000
-377   0.085000
-376  -0.010000
-375  -0.025000
-374  -0.055000
-373   0.000000
-372  -0.015000
-371   0.015000
-370   0.045000
-369   0.015000
-368   0.025000
-367  -0.015000
-366   0.030000
-365   0.015000
-364   0.005000
-363  -0.005000
-362  -0.035000
-361  -0.005000
-360   0.060000
-359  -0.090000
-358  -0.045000
-357   0.020000
-356   0.025000
-355   0.010000
-354   0.075000
-353   0.005000
-352  -0.105000
-351  -0.035000
-350   0.055000
-349   0.065000
-348  -0.025000
-347  -0.015000
-346  -0.035000
-345  -0.010000
-344   0.020000
-343  -0.045000
-342  -0.030000
-341  -0.025000
-340   0.015000
-339  -0.030000
-338  -0.045000
-337   0.050000
-336   0.045000
-335  -0.010000
-334  -0.045000
-333  -0.035000
-332  -0.005000
-331   0.115000
-330   0.045000
-329  -0.015000
-328   0.100000
-327   0.015000
-326   0.025000
-325   0.095000
-324  -0.045000
-323   0.020000
-322  -0.025000
-321  -0.005000
-320  -0.085000
-319  -0.045000
-318   0.075000
-317  -0.045000
-316   0.005000
-315  -0.035000
-314  -0.090000
-313   0.035000
-312   0.025000
-311   0.060000
-310   0.030000
-309   0.005000
-308  -0.105000
-307  -0.005000
-306  -0.020000
-305  -0.045000
-304   0.025000
-303  -0.040000
-302   0.005000
-301  -0.055000
-300  -0.055000
-299  -0.040000
-298   0.055000
-297  -0.025000
-296   0.035000
-295   0.035000
-294   0.025000
-293   0.030000
-292  -0.020000
-291   0.035000
-290   0.015000
-289   0.055000
-288   0.135000
-287   0.060000
-286   0.005000
-285   0.090000
-284   0.015000
-283  -0.015000
-282   0.005000
-281  -0.020000
-280  -0.005000
-279   0.055000
-278  -0.050000
-277   0.050000
-276  -0.040000
-275  -0.060000
-274   0.095000
-273  -0.005000
-272   0.060000
-271   0.075000
-270   0.085000
-269  -0.040000
-268   0.015000
-267  -0.015000
-266   0.030000
-265   0.010000
-264  -0.030000
-263   0.045000
-262  -0.015000
-261   0.020000
-260  -0.070000
-259  -0.010000
-258   0.075000
-257   0.020000
-256   0.050000
-255   0.085000
-254  -0.040000
-253  -0.005000
-252   0.055000
-251   0.050000
-250  -0.005000
-249   0.015000
-248  -0.085000
-247  -0.045000
-246  -0.055000
-245   0.030000
-244  -0.055000
-243   0.030000
-242   0.000000
-241   0.050000
-240  -0.025000
-239   0.115000
-238   0.075000
-237  -0.035000
-236   0.025000
-235   0.115000
-234   0.025000
-233  -0.105000
-232  -0.040000
-231   0.015000
-230  -0.005000
-229   0.000000
-228  -0.115000
-227  -0.015000
-226   0.040000
-225  -0.005000
-224  -0.010000
-223   0.015000
-222  -0.045000
-221  -0.040000
-220  -0.030000
-219  -0.080000
-218  -0.070000
-217   0.025000
-216  -0.005000
-215   0.040000
-214   0.080000
-213  -0.045000
-212   0.055000
-211  -0.050000
-210   0.040000
-209   0.010000
-208   0.025000
-207  -0.070000
-206  -0.055000
-205  -0.005000
-204  -0.110000
-203  -0.080000
-202  -0.015000
-201  -0.130000
-200   0.010000
-199  -0.010000
-198   0.055000
-197   0.020000
-196   0.085000
-195   0.020000
-194  -0.040000
-193   0.060000
-192   0.020000
-191   0.015000
-190   0.050000
-189  -0.005000
-188   0.010000
-187  -0.125000
-186   0.005000
-185  -0.090000
-184  -0.075000
-183   0.070000
-182   0.000000
-181   0.010000
-180  -0.015000
-179  -0.020000
-178   0.115000
-177  -0.030000
-176  -0.075000
-175  -0.040000
-174  -0.015000
-173   0.065000
-172   0.030000
-171   0.015000
-170   0.055000
-169   0.020000
-168  -0.005000
-167  -0.065000
-166  -0.020000
-165   0.045000
-164  -0.050000
-163   0.070000
-162   0.075000
-161  -0.010000
-160  -0.005000
-159   0.035000
-158  -0.035000
-157   0.000000
-156   0.105000
-155  -0.030000
-154  -0.095000
-153   0.035000
-152  -0.050000
-151  -0.020000
-150   0.025000
-149   0.030000
-148  -0.090000
-147  -0.065000
-146  -0.000000
-145   0.000000
-144   0.015000
-143  -0.010000
-142  -0.020000
-141   0.030000
-140   0.050000
-139  -0.050000
-138   0.050000
-137  -0.020000
-136   0.025000
-135  -0.030000
-134  -0.005000
-133  -0.115000
-132   0.005000
-131   0.020000
-130  -0.090000
-129   0.030000
-128   0.100000
-127   0.030000
-126  -0.020000
-125  -0.010000
-124   0.045000
-123   0.050000
-122  -0.000000
-121   0.010000
-120   0.065000
-119   0.015000
-118  -0.025000
-117   0.040000
-116  -0.015000
-115   0.125000
-114  -0.045000
-113  -0.015000
-112  -0.060000
-111   0.020000
-110  -0.015000
-109   0.030000
-108  -0.045000
-107   0.050000
-106  -0.065000
-105  -0.060000
-104   0.050000
-103  -0.010000
-102  -0.005000
-101   0.025000
-100  -0.070000
-99   0.030000
-98  -0.010000
-97   0.010000
-96  -0.045000
-95  -0.010000
-94   0.030000
-93  -0.060000
-92  -0.110000
-91   0.095000
-90  -0.035000
-89  -0.025000
-88   0.030000
-87  -0.030000
-86   0.015000
-85   0.025000
-84   0.020000
-83  -0.040000
-82  -0.065000
-81  -0.040000
-80   0.030000
-79  -0.005000
-78  -0.040000
-77   0.005000
-76  -0.020000
-75   0.010000
-74   0.015000
-73  -0.010000
-72  -0.005000
-71   0.100000
-70   0.025000
-69   0.030000
-68   0.005000
-67   0.000000
-66  -0.060000
-65   0.000000
-64  -0.080000
-63   0.005000
-62  -0.045000
-61  -0.060000
-60  -0.050000
-59   0.005000
-58   0.030000
-57  -0.025000
-56  -0.005000
-55   0.090000
-54   0.085000
-53  -0.025000
-52  -0.100000
-51   0.045000
-50  -0.015000
-49  -0.025000
-48   0.040000
-47   0.040000
-46   0.005000
-45  -0.050000
-44  -0.030000
-43   0.050000
-42  -0.010000
-41  -0.005000
-40  -0.045000
-39   0.080000
-38  -0.015000
-37   0.090000
-36   0.120000
-35   0.045000
-34  -0.075000
-33   0.015000
-32  -0.030000
-31   0.025000
-30  -0.035000
-29  -0.060000
-28  -0.070000
-27   0.030000
-26  -0.035000
-25  -0.025000
-24  -0.025000
-23   0.035000
-22  -0.070000
-21   0.065000
-20  -0.025000
-19  -0.025000
-18   0.055000
-17   0.100000
-16  -0.045000
-15  -0.015000
-14   0.045000
-13   0.070000
-12   0.000000
-11  -0.010000
-10   0.060000
-9  -0.005000
-8  -0.010000
-7  -0.040000
-6  -0.050000
-5  -0.020000
-4   0.025000
-3  -0.060000
-2  -0.015000
-1  -0.020000
