0   0.030000
1   0.010000
2  -0.020000
3  -0.035000
4   0.065000
5   0.010000
6   0.045000
7  -0.005000
8  -0.100000
9   0.035000
10  -0.060000
11  -0.085000
12   0.105000
13  -0.085000
14  -0.020000
15  -0.005000
16   0.005000
17  -0.060000
18   0.030000
19   0.060000
20  -0.000000
21   0.060000
22   0.015000
23  -0.035000
24   0.030000
25   0.035000
26  -0.020000
27  -0.035000
28  -0.030000
29  -0.050000
30   0.055000
31   0.005000
32   0.050000
33   0.000000
34  -0.020000
35  -0.080000
36   0.010000
37   0.010000
38   0.060000
39   0.070000
40  -0.035000
41  -0.030000
42  -0.010000
43   0.025000
44  -0.040000
45   0.065000
46  -0.045000
47  -0.020000
48   0.085000
49  -0.045000
50   0.025000
51  -0.045000
52  -0.005000
53  -0.030000
54   0.015000
55   0.050000
56  -0.090000
57  -0.010000
58   0.045000
59  -0.060000
60  -0.025000
61  -0.030000
62   0.025000
63  -0.050000
64   0.010000
65   0.005000
66  -0.055000
67   0.150000
68   0.005000
69   0.005000
70   0.030000
71   0.035000
72  -0.080000
73   0.035000
74   0.015000
75   0.060000
76  -0.020000
77   0.045000
78  -0.025000
79   0.040000
80   0.015000
81   0.005000
82  -0.010000
83  -0.055000
84   0.035000
85   0.040000
86  -0.075000
87   0.055000
88  -0.060000
89   0.035000
90   0.050000
91   0.065000
92  -0.110000
93  -0.000000
94   0.010000
95   0.055000
96   0.140000
97   0.020000
98   0.045000
99   0.010000
100   0.015000
101  -0.005000
102  -0.055000
103  -0.065000
104  -0.035000
105   0.040000
106   0.125000
107   0.055000
108   0.020000
109   0.020000
110   0.030000
111  -0.060000
112   0.025000
113  -0.120000
114   0.005000
115  -0.015000
116  -0.085000
117   0.050000
118   0.100000
119   0.040000
120   0.020000
121   0.055000
122   0.035000
123   0.020000
124   0.045000
125  -0.040000
126   0.050000
127   0.025000
128   0.060000
129   0.060000
130  -0.045000
131   0.005000
132   0.030000
133   0.000000
134  -0.020000
135   0.020000
136   0.045000
137   0.005000
138  -0.010000
139  -0.000000
140   0.110000
141  -0.020000
142   0.040000
143   0.080000
144  -0.065000
145   0.020000
146   0.060000
147   0.060000
148  -0.030000
149  -0.020000
150   0.025000
151  -0.050000
152  -0.045000
153   0.040000
154   0.010000
155  -0.015000
156   0.015000
157   0.090000
158   0.070000
159  -0.040000
160  -0.010000
161   0.095000
162   0.035000
163  -0.030000
164  -0.045000
165   0.035000
166  -0.005000
167   0.015000
168   0.080000
169   0.040000
170   0.050000
171  -0.005000
172  -0.025000
173   0.020000
174  -0.050000
175  -0.025000
176   0.115000
177   0.025000
178   0.010000
179  -0.000000
180   0.005000
181   0.030000
182  -0.055000
183   0.095000
184  -0.015000
185   0.010000
186  -0.015000
187  -0.115000
188   0.015000
189  -0.020000
190  -0.025000
191   0.100000
192  -0.010000
193  -0.095000
194  -0.060000
195  -0.040000
196   0.010000
197   0.070000
198  -0.035000
199   0.015000
200   0.020000
201  -0.015000
202   0.050000
203  -0.060000
204   0.020000
205   0.010000
206  -0.050000
207   0.120000
208   0.015000
209  -0.080000
210   0.105000
211   0.015000
212  -0.055000
213  -0.010000
214   0.040000
215  -0.005000
216   0.020000
217   0.035000
218  -0.000000
219  -0.050000
220  -0.005000
221  -0.005000
222  -0.020000
223  -0.060000
224  -0.015000
225   0.140000
226   0.010000
227   0.050000
228  -0.035000
229   0.020000
230  -0.005000
231  -0.045000
232   0.085000
233   0.025000
234   0.050000
235  -0.100000
236   0.015000
237   0.050000
238   0.015000
239   0.080000
240   0.020000
241  -0.075000
242  -0.040000
243  -0.040000
244   0.095000
245   0.045000
246  -0.030000
247   0.035000
248  -0.015000
249  -0.060000
250  -0.020000
251   0.065000
252  -0.010000
253  -0.035000
254  -0.030000
255   0.070000
256   0.050000
257  -0.045000
258  -0.080000
259  -0.025000
260   0.025000
261  -0.055000
262   0.015000
263   0.080000
264  -0.045000
265   0.050000
266   0.025000
267   0.060000
268   0.030000
269   0.010000
270  -0.015000
271  -0.005000
272   0.020000
273   0.035000
274   0.010000
275  -0.070000
276   0.055000
277   0.095000
278  -0.095000
279   0.000000
280   0.010000
281  -0.070000
282  -0.060000
283   0.030000
284   0.010000
285   0.005000
286   0.055000
287  -0.065000
288   0.045000
289  -0.015000
290   0.045000
291  -0.030000
292   0.090000
293  -0.060000
294   0.035000
295   0.140000
296   0.030000
297   0.015000
298   0.055000
299  -0.010000
300   0.035000
301  -0.010000
302  -0.040000
303  -0.070000
304  -0.010000
305   0.015000
306   0.060000
307   0.045000
308   0.025000
309  -0.030000
310  -0.055000
311   0.050000
312  -0.085000
313  -0.065000
314   0.100000
315   0.035000
316   0.035000
317  -0.055000
318  -0.060000
319   0.025000
320  -0.020000
321  -0.000000
322   0.015000
323  -0.015000
324  -0.035000
325   0.000000
326   0.050000
327   0.050000
328  -0.005000
329  -0.070000
330   0.015000
331   0.015000
332   0.025000
333  -0.050000
334  -0.000000
335   0.020000
336   0.045000
337   0.100000
338   0.015000
339  -0.015000
340  -0.100000
341   0.025000
342  -0.015000
343  -0.035000
344  -0.045000
345  -0.005000
346   0.025000
347  -0.005000
348   0.130000
349  -0.005000
350  -0.010000
351   0.020000
352   0.050000
353  -0.100000
354  -0.040000
355  -0.040000
356  -0.045000
357  -0.060000
358   0.100000
359  -0.040000
360  -0.050000
361  -0.015000
362   0.030000
363   0.080000
364   0.000000
365   0.080000
366  -0.020000
367   0.010000
368  -0.020000
369  -0.130000
370  -0.055000
371  -0.030000
372   0.010000
373  -0.045000
374   0.020000
375  -0.015000
376   0.030000
377  -0.035000
378   0.040000
379   0.020000
380   0.045000
381   0.085000
382   0.080000
383   0.025000
384  -0.025000
385   0.060000
386  -0.030000
387  -0.030000
388  -0.125000
389  -0.025000
390  -0.010000
391  -0.035000
392   0.005000
393  -0.000000
394  -0.035000
395   0.085000
396  -0.055000
397   0.040000
398   0.055000
399   0.100000
400   0.010000
401  -0.075000
402   0.025000
403  -0.050000
404   0.015000
405  -0.015000
406   0.015000
407   0.090000
408  -0.035000
409   0.040000
410   0.005000
411   0.005000
412  -0.080000
413  -0.025000
414  -0.065000
415   0.010000
416   0.020000
417   0.055000
418   0.045000
419   0.060000
420  -0.020000
421  -0.025000
422   0.070000
423  -0.070000
424   0.045000
425  -0.035000
426  -0.010000
427   0.030000
428  -0.005000
429   0.010000
430   0.070000
431   0.015000
432  -0.090000
433  -0.005000
434   0.070000
435  -0.015000
436   0.075000
437  -0.045000
438  -0.030000
439  -0.110000
440  -0.015000
441   0.150000
442  -0.055000
443  -0.050000
444   0.020000
445   0.005000
446   0.100000
447   0.130000
448  -0.025000
449   0.065000
450  -0.040000
451   0.015000
452  -0.050000
453  -0.015000
454   0.020000
455  -0.085000
456  -0.075000
457   0.030000
458   0.030000
459  -0.020000
460   0.025000
461   0.060000
462   0.020000
463  -0.010000
464  -0.110000
465  -0.075000
466   0.045000
467  -0.070000
468   0.035000
469   0.020000
470   0.030000
471   0.010000
472   0.070000
473   0.005000
474  -0.000000
475  -0.060000
476   0.055000
477   0.060000
478   0.010000
479   0.045000
480  -0.015000
481  -0.040000
482   0.025000
483   0.035000
484   0.065000
485  -0.045000
486   0.015000
487  -0.015000
488  -0.005000
489  -0.070000
490   0.000000
491   0.015000
492   0.020000
493  -0.065000
494   0.005000
495   0.020000
496   0.020000
497   0.060000
498   0.000000
499   0.070000
500  -0.050000
-499  -0.040000
-498   0.035000
-497  -0.035000
-496  -0.025000
-495  -0.100000
-494   0.005000
-493  -0.015000
-492   0.100000
-491   0.005000
-490  -0.035000
-489   0.020000
-488   0.040000
-487   0.110000
-486   0.065000
-485   0.095000
-484  -0.035000
-483   0.025000
-482  -0.020000
-481  -0.055000
-480   0.100000
-479  -0.055000
-478  -0.025000
-477   0.025000
-476   0.045000
-475  -0.035000
-474   0.005000
-473  -0.020000
-472  -0.030000
-471  -0.055000
-470   0.015000
-469   0.015000
-468   0.010000
-467  -0.005000
-466   0.035000
-465  -0.010000
-464   0.045000
-463   0.020000
-462   0.000000
-461   0.045000
-460   0.030000
-459  -0.030000
-458   0.085000
-457   0.020000
-456  -0.090000
-455  -0.005000
-454  -0.050000
-453   0.000000
-452  -0.020000
-451  -0.055000
-450   0.030000
-449   0.015000
-448   0.030000
-447  -0.030000
-446   0.045000
-445   0.030000
-444   0.010000
-443   0.015000
-442   0.005000
-441  -0.065000
-440  -0.050000
-439   0.030000
-438   0.030000
-437  -0.035000
-436   0.005000
-435  -0.050000
-434  -0.085000
-433   0.020000
-432   0.035000
-431  -0.050000
-430  -0.045000
-429   0.115000
-428   0.095000
-427  -0.075000
-426  -0.055000
-425   0.020000
-424  -0.035000
-423   0.000000
-422   0.050000
-421   0.000000
-420  -0.040000
-419  -0.055000
-418   0.035000
-417  -0.015000
-416   0.000000
-415  -0.005000
-414   0.070000
-413   0.110000
-412   0.075000
-411  -0.140000
-410   0.010000
-409  -0.020000
-408  -0.030000
-407   0.015000
-406   0.040000
-405   0.005000
-404   0.065000
-403  -0.050000
-402   0.110000
-401  -0.020000
-400  -0.030000
-399   0.005000
-398  -0.070000
-397  -0.035000
-396  -0.020000
-395   0.025000
-394   0.060000
-393  -0.060000
-392  -0.040000
-391  -0.010000
-390   0.070000
-389   0.005000
-388  -0.055000
-387   0.020000
-386  -0.045000
-385   0.005000
-384  -0.055000
-383  -0.050000
-382   0.035000
-381   0.015000
-380   0.075000
-379   0.050000
-378   0.025000
-377   0.155000
-376   0.025000
-375   0.015000
-374   0.015000
-373  -0.040000
-372   0.075000
-371  -0.010000
-370   0.005000
-369  -0.005000
-368   0.060000
-367  -0.045000
-366  -0.010000
-365   0.075000
-364  -0.080000
-363  -0.020000
-362   0.020000
-361   0.045000
-360   0.015000
-359   0.055000
-358  -0.000000
-357  -0.060000
-356   0.040000
-355  -0.035000
-354  -0.060000
-353   0.025000
-352  -0.000000
-351   0.015000
-350  -0.020000
-349   0.025000
-348  -0.075000
-347   0.010000
-346  -0.025000
-345  -0.050000
-344   0.025000
-343   0.035000
-342   0.030000
-341  -0.035000
-340  -0.025000
-339  -0.040000
-338  -0.025000
-337   0.010000
-336  -0.035000
-335  -0.050000
-334   0.065000
-333  -0.075000
-332   0.040000
-331  -0.035000
-330   0.025000
-329  -0.050000
-328   0.045000
-327  -0.020000
-326  -0.050000
-325  -0.075000
-324  -0.050000
-323  -0.030000
-322   0.065000
-321  -0.075000
-320   0.020000
-319  -0.045000
-318   0.035000
-317   0.025000
-316  -0.010000
-315  -0.005000
-314  -0.110000
-313   0.065000
-312   0.010000
-311   0.045000
-310   0.005000
-309   0.025000
-308  -0.110000
-307  -0.035000
-306  -0.065000
-305  -0.095000
-304   0.020000
-303   0.040000
-302   0.060000
-301   0.060000
-300  -0.025000
-299   0.005000
-298  -0.020000
-297   0.075000
-296  -0.050000
-295  -0.050000
-294   0.085000
-293   0.020000
-292   0.100000
-291  -0.045000
-290  -0.105000
-289   0.030000
-288   0.020000
-287  -0.005000
-286   0.045000
-285  -0.090000
-284   0.070000
-283   0.015000
-282   0.025000
-281  -0.050000
-280   0.025000
-279  -0.010000
-278  -0.005000
-277  -0.020000
-276   0.095000
-275  -0.060000
-274   0.015000
-273   0.030000
-272   0.000000
-271   0.100000
-270  -0.105000
-269   0.025000
-268   0.025000
-267  -0.030000
-266   0.045000
-265   0.075000
-264   0.005000
-263  -0.090000
-262   0.040000
-261  -0.095000
-260  -0.005000
-259  -0.000000
-258  -0.005000
-257  -0.005000
-256   0.020000
-255  -0.025000
-254  -0.000000
-253   0.025000
-252   0.095000
-251   0.015000
-250   0.000000
-249   0.000000
-248   0.095000
-247  -0.005000
-246   0.010000
-245   0.010000
-244  -0.000000
-243  -0.005000
-242  -0.050000
-241  -0.005000
-240  -0.010000
-239  -0.060000
-238  -0.040000
-237  -0.005000
-236   0.075000
-235  -0.070000
-234   0.080000
-233   0.055000
-232  -0.015000
-231  -0.010000
-230  -0.010000
-229   0.035000
-228  -0.090000
-227  -0.030000
-226   0.020000
-225  -0.045000
-224   0.000000
-223  -0.005000
-222   0.100000
-221   0.065000
-220   0.055000
-219  -0.035000
-218  -0.070000
-217  -0.055000
-216  -0.020000
-215  -0.015000
-214  -0.010000
-213  -0.050000
-212  -0.050000
-211  -0.010000
-210   0.160000
-209  -0.105000
-208  -0.025000
-207   0.030000
-206  -0.020000
-205   0.010000
-204  -0.040000
-203   0.005000
-202   0.035000
-201  -0.005000
-200   0.040000
-199   0.035000
-198  -0.055000
-197  -0.050000
-196  -0.025000
-195  -0.015000
-194  -0.015000
-193   0.065000
-192  -0.005000
-191  -0.030000
-190  -0.045000
-189   0.005000
-188   0.030000
-187  -0.040000
-186   0.010000
-185  -0.015000
-184   0.025000
-183   0.020000
-182   0.060000
-181  -0.095000
-180  -0.050000
-179   0.015000
-178   0.015000
-177   0.015000
-176   0.015000
-175   0.055000
-174   0.020000
-173  -0.030000
-172  -0.030000
-171  -0.035000
-170   0.035000
-169   0.025000
-168   0.065000
-167  -0.020000
-166   0.070000
-165   0.060000
-164  -0.085000
-163  -0.035000
-162   0.030000
-161  -0.050000
-160   0.015000
-159   0.045000
-158   0.105000
-157  -0.035000
-156  -0.095000
-155   0.085000
-154  -0.030000
-153   0.050000
-152   0.005000
-151  -0.065000
-150   0.095000
-149   0.060000
-148   0.050000
-147   0.015000
-146   0.045000
-145  -0.035000
-144   0.075000
-143  -0.040000
-142  -0.055000
-141   0.010000
-140   0.025000
-139  -0.105000
-138  -0.020000
-137  -0.035000
-136  -0.125000
-135  -0.065000
-134   0.020000
-133  -0.015000
-132  -0.010000
-131  -0.040000
-130  -0.070000
-129   0.015000
-128  -0.030000
-127  -0.065000
-126  -0.035000
-125  -0.050000
-124   0.050000
-123   0.045000
-122   0.050000
-121  -0.025000
-120  -0.055000
-119  -0.015000
-118   0.015000
-117  -0.065000
-116   0.080000
-115  -0.030000
-114  -0.050000
-113   0.085000
-112  -0.045000
-111  -0.055000
-110   0.065000
-109  -0.035000
-108   0.035000
-107  -0.055000
-106  -0.010000
-105  -0.010000
-104  -0.050000
-103   0.000000
-102   0.055000
-101  -0.025000
-100  -0.050000
-99   0.000000
-98   0.020000
-97  -0.025000
-96  -0.015000
-95  -0.115000
-94  -0.100000
-93  -0.075000
-92   0.015000
-91  -0.030000
-90  -0.080000
-89  -0.035000
-88  -0.010000
-87  -0.030000
-86  -0.055000
-85   0.070000
-84  -0.030000
-83   0.010000
-82  -0.010000
-81   0.025000
-80  -0.080000
-79  -0.055000
-78   0.040000
-77  -0.085000
-76  -0.155000
-75   0.025000
-74  -0.015000
-73   0.030000
-72  -0.060000
-71  -0.025000
-70   0.000000
-69   0.095000
-68  -0.010000
-67   0.060000
-66   0.065000
-65   0.040000
-64   0.035000
-63  -0.125000
-62  -0.040000
-61  -0.010000
-60   0.065000
-59  -0.040000
-58  -0.025000
-57  -0.040000
-56   0.015000
-55  -0.070000
-54  -0.015000
-53   0.005000
-52   0.060000
-51   0.075000
-50   0.035000
-49   0.025000
-48  -0.055000
-47   0.015000
-46  -0.035000
-45  -0.035000
-44   0.005000
-43  -0.050000
-42   0.010000
-41  -0.020000
-40   0.105000
-39  -0.025000
-38   0.020000
-37   0.085000
-36   0.005000
-35   0.130000
-34   0.035000
-33   0.030000
-32  -0.030000
-31   0.100000
-30   0.050000
-29  -0.085000
-28  -0.055000
-27  -0.010000
-26   0.025000
-25  -0.085000
-24  -0.080000
-23  -0.030000
-22   0.005000
-21   0.005000
-20   0.065000
-19  -0.035000
-18   0.070000
-17  -0.065000
-16  -0.085000
-15  -0.010000
-14  -0.030000
-13   0.110000
-12   0.065000
-11   0.010000
-10   0.080000
-9  -0.050000
-8  -0.090000
-7  -0.040000
-6  -0.140000
-5   0.035000
-4   0.075000
-3  -0.065000
-2   0.045000
-1  -0.020000
