0  -0.070000
1  -0.015000
2  -0.040000
3   0.100000
4   0.005000
5  -0.010000
6  -0.000000
7  -0.105000
8   0.070000
9  -0.015000
10   0.070000
11   0.020000
12   0.030000
13  -0.095000
14   0.000000
15  -0.065000
16  -0.060000
17   0.035000
18   0.105000
19   0.030000
20  -0.030000
21   0.040000
22   0.000000
23   0.045000
24  -0.005000
25   0.095000
26   0.030000
27  -0.010000
28  -0.095000
29   0.025000
30  -0.045000
31  -0.025000
32   0.030000
33   0.025000
34   0.025000
35  -0.005000
36   0.050000
37   0.035000
38   0.015000
39  -0.055000
40  -0.065000
41  -0.010000
42   0.060000
43   0.065000
44  -0.080000
45  -0.055000
46  -0.025000
47   0.005000
48  -0.025000
49   0.010000
50   0.060000
51   0.030000
52   0.070000
53  -0.030000
54   0.000000
55  -0.045000
56   0.015000
57  -0.000000
58   0.000000
59   0.045000
60   0.090000
61   0.010000
62  -0.025000
63   0.000000
64  -0.030000
65   0.010000
66   0.015000
67   0.125000
68   0.005000
69   0.035000
70   0.015000
71   0.040000
72  -0.040000
73   0.015000
74  -0.050000
75  -0.005000
76   0.025000
77   0.005000
78   0.070000
79  -0.005000
80   0.025000
81   0.055000
82   0.005000
83   0.055000
84  -0.005000
85   0.035000
86  -0.010000
87  -0.045000
88   0.065000
89  -0.030000
90  -0.050000
91   0.040000
92  -0.045000
93  -0.015000
94  -0.060000
95  -0.025000
96  -0.020000
97  -0.015000
98  -0.025000
99   0.105000
100   0.030000
101  -0.045000
102   0.020000
103   0.075000
104   0.045000
105   0.065000
106   0.020000
107   0.050000
108  -0.025000
109  -0.005000
110   0.060000
111   0.050000
112   0.080000
113  -0.025000
114   0.055000
115   0.060000
116   0.035000
117  -0.055000
118   0.010000
119  -0.040000
120   0.005000
121   0.035000
122   0.005000
123   0.025000
124  -0.020000
125  -0.025000
126  -0.050000
127   0.010000
128  -0.020000
129   0.075000
130   0.005000
131   0.065000
132  -0.005000
133  -0.050000
134   0.050000
135  -0.015000
136   0.060000
137   0.025000
138  -0.045000
139  -0.035000
140   0.045000
141   0.030000
142  -0.045000
143  -0.150000
144  -0.020000
145  -0.095000
146   0.045000
147  -0.025000
148  -0.050000
149  -0.060000
150   0.050000
151  -0.015000
152  -0.010000
153  -0.080000
154   0.010000
155   0.035000
156   0.025000
157   0.025000
158  -0.030000
159   0.040000
160  -0.025000
161  -0.100000
162   0.025000
163  -0.040000
164  -0.035000
165   0.015000
166  -0.035000
167  -0.035000
168   0.070000
169   0.060000
170  -0.035000
171   0.030000
172   0.085000
173  -0.045000
174  -0.020000
175  -0.025000
176  -0.015000
177   0.020000
178   0.005000
179  -0.020000
180  -0.075000
181  -0.050000
182   0.090000
183   0.060000
184   0.045000
185  -0.065000
186  -0.000000
187   0.030000
188   0.010000
189  -0.050000
190   0.010000
191  -0.040000
192   0.090000
193   0.020000
194   0.005000
195  -0.015000
196  -0.025000
197  -0.020000
198  -0.010000
199   0.025000
200  -0.050000
201   0.045000
202  -0.085000
203  -0.000000
204  -0.050000
205  -0.050000
206   0.020000
207  -0.055000
208   0.010000
209  -0.065000
210  -0.085000
211  -0.040000
212   0.100000
213  -0.030000
214  -0.110000
215  -0.020000
216  -0.155000
217  -0.045000
218   0.010000
219   0.030000
220   0.090000
221   0.120000
222   0.075000
223  -0.030000
224   0.035000
225   0.025000
226   0.045000
227   0.030000
228   0.035000
229  -0.030000
230   0.090000
231   0.065000
232  -0.050000
233   0.010000
234  -0.030000
235  -0.020000
236  -0.015000
237   0.050000
238   0.120000
239   0.045000
240  -0.085000
241  -0.065000
242  -0.040000
243   0.040000
244   0.005000
245   0.020000
246   0.040000
247   0.080000
248   0.025000
249   0.045000
250   0.005000
251   0.000000
252   0.060000
253  -0.060000
254  -0.030000
255  -0.140000
256   0.100000
257   0.065000
258   0.025000
259   0.030000
260   0.015000
261  -0.065000
262  -0.105000
263   0.010000
264  -0.045000
265  -0.020000
266  -0.065000
267  -0.055000
268   0.015000
269  -0.005000
270   0.030000
271   0.005000
272   0.010000
273  -0.035000
274  -0.025000
275  -0.015000
276  -0.030000
277   0.005000
278  -0.005000
279   0.020000
280   0.035000
281  -0.070000
282   0.055000
283   0.005000
284   0.030000
285  -0.060000
286  -0.040000
287   0.045000
288  -0.015000
289   0.020000
290  -0.035000
291  -0.000000
292   0.010000
293  -0.030000
294  -0.040000
295  -0.030000
296   0.020000
297   0.045000
298   0.015000
299   0.045000
300   0.050000
301   0.040000
302   0.030000
303   0.120000
304  -0.095000
305  -0.085000
306  -0.015000
307  -0.050000
308   0.105000
309  -0.035000
310  -0.010000
311   0.045000
312   0.070000
313  -0.080000
314   0.005000
315   0.015000
316   0.105000
317   0.065000
318   0.015000
319  -0.075000
320  -0.015000
321  -0.030000
322  -0.010000
323  -0.065000
324   0.065000
325   0.015000
326   0.010000
327   0.045000
328   0.045000
329   0.075000
330   0.065000
331   0.065000
332   0.010000
333  -0.020000
334  -0.035000
335   0.000000
336  -0.020000
337  -0.000000
338   0.020000
339  -0.000000
340  -0.035000
341   0.020000
342   0.050000
343   0.015000
344   0.005000
345  -0.030000
346   0.085000
347   0.050000
348   0.065000
349   0.105000
350  -0.005000
351   0.015000
352  -0.050000
353   0.045000
354  -0.010000
355   0.005000
356  -0.010000
357   0.075000
358  -0.005000
359   0.010000
360   0.045000
361  -0.060000
362  -0.025000
363  -0.050000
364   0.035000
365  -0.045000
366  -0.000000
367   0.070000
368   0.035000
369  -0.005000
370   0.005000
371  -0.080000
372  -0.010000
373   0.010000
374  -0.005000
375   0.015000
376   0.065000
377   0.020000
378  -0.025000
379   0.005000
380  -0.010000
381  -0.055000
382  -0.010000
383   0.085000
384   0.050000
385   0.055000
386   0.040000
387   0.015000
388   0.080000
389   0.005000
390  -0.055000
391   0.000000
392   0.020000
393   0.025000
394  -0.100000
395  -0.005000
396   0.005000
397  -0.015000
398   0.025000
399   0.065000
400  -0.060000
401  -0.025000
402  -0.040000
403   0.025000
404  -0.030000
405  -0.060000
406  -0.055000
407   0.065000
408  -0.025000
409  -0.040000
410  -0.035000
411  -0.065000
412  -0.005000
413   0.025000
414  -0.110000
415   0.000000
416   0.060000
417  -0.115000
418   0.050000
419  -0.010000
420   0.005000
421  -0.000000
422  -0.035000
423   0.045000
424  -0.060000
425   0.080000
426  -0.055000
427   0.000000
428   0.085000
429   0.070000
430  -0.030000
431   0.010000
432  -0.055000
433   0.040000
434  -0.080000
435  -0.045000
436   0.055000
437   0.090000
438   0.045000
439   0.015000
440   0.015000
441  -0.060000
442   0.020000
443   0.000000
444  -0.050000
445  -0.040000
446  -0.025000
447  -0.035000
448   0.050000
449   0.065000
450  -0.025000
451  -0.040000
452  -0.030000
453   0.020000
454  -0.050000
455   0.085000
456   0.070000
457   0.055000
458  -0.035000
459   0.015000
460   0.065000
461  -0.065000
462   0.030000
463   0.000000
464   0.040000
465  -0.010000
466   0.010000
467   0.035000
468  -0.050000
469  -0.015000
470  -0.040000
471  -0.010000
472  -0.055000
473   0.075000
474   0.000000
475  -0.025000
476   0.040000
477   0.050000
478  -0.060000
479  -0.035000
480   0.015000
481  -0.060000
482   0.015000
483   0.040000
484  -0.005000
485   0.035000
486   0.060000
487   0.080000
488   0.000000
489  -0.090000
490  -0.090000
491  -0.005000
492  -0.005000
493  -0.015000
494  -0.010000
495  -0.020000
496  -0.105000
497   0.070000
498   0.085000
499  -0.075000
500  -0.005000
-499   0.050000
-498   0.055000
-497   0.035000
-496  -0.005000
-495   0.140000
-494  -0.120000
-493   0.010000
-492  -0.045000
-491  -0.010000
-490  -0.000000
-489   0.030000
-488   0.090000
-487   0.020000
-486  -0.020000
-485  -0.005000
-484  -0.050000
-483  -0.065000
-482  -0.035000
-481  -0.080000
-480  -0.050000
-479   0.040000
-478  -0.000000
-477   0.035000
-476   0.035000
-475   0.030000
-474   0.005000
-473   0.010000
-472  -0.085000
-471   0.040000
-470  -0.000000
-469  -0.075000
-468  -0.020000
-467   0.005000
-466   0.020000
-465   0.090000
-464   0.045000
-463   0.030000
-462  -0.105000
-461  -0.035000
-460   0.010000
-459  -0.040000
-458   0.055000
-457   0.055000
-456   0.000000
-455   0.075000
-454   0.025000
-453   0.025000
-452  -0.005000
-451   0.005000
-450   0.045000
-449  -0.015000
-448   0.025000
-447  -0.015000
-446  -0.015000
-445  -0.020000
-444   0.010000
-443   0.020000
-442  -0.110000
-441  -0.025000
-440  -0.020000
-439   0.015000
-438   0.020000
-437   0.030000
-436  -0.020000
-435   0.100000
-434  -0.010000
-433   0.080000
-432   0.040000
-431   0.030000
-430  -0.005000
-429  -0.010000
-428   0.065000
-427  -0.015000
-426  -0.000000
-425   0.020000
-424   0.055000
-423  -0.010000
-422  -0.065000
-421   0.015000
-420  -0.105000
-419   0.010000
-418   0.005000
-417   0.020000
-416   0.035000
-415  -0.020000
-414   0.005000
-413  -0.025000
-412   0.090000
-411  -0.030000
-410   0.025000
-409   0.010000
-408   0.055000
-407  -0.005000
-406   0.080000
-405  -0.065000
-404  -0.120000
-403  -0.030000
-402  -0.075000
-401   0.010000
-400   0.100000
-399   0.065000
-398   0.015000
-397   0.020000
-396   0.050000
-395   0.030000
-394  -0.040000
-393  -0.010000
-392  -0.005000
-391  -0.040000
-390   0.010000
-389  -0.080000
-388  -0.040000
-387  -0.070000
-386  -0.060000
-385  -0.095000
-384   0.010000
-383  -0.005000
-382   0.055000
-381  -0.015000
-380  -0.060000
-379  -0.025000
-378  -0.000000
-377   0.060000
-376   0.020000
-375   0.000000
-374   0.030000
-373   0.035000
-372   0.020000
-371  -0.065000
-370  -0.050000
-369   0.040000
-368   0.030000
-367   0.120000
-366   0.005000
-365   0.020000
-364   0.020000
-363  -0.005000
-362   0.050000
-361   0.080000
-360   0.025000
-359   0.130000
-358   0.055000
-357   0.015000
-356   0.030000
-355   0.015000
-354   0.010000
-353  -0.020000
-352   0.005000
-351  -0.025000
-350  -0.025000
-349  -0.015000
-348   0.030000
-347   0.020000
-346   0.005000
-345   0.085000
-344   0.050000
-343  -0.035000
-342   0.020000
-341  -0.010000
-340   0.095000
-339  -0.125000
-338   0.005000
-337   0.035000
-336  -0.005000
-335   0.070000
-334   0.055000
-333   0.010000
-332   0.070000
-331  -0.045000
-330  -0.070000
-329   0.090000
-328   0.060000
-327  -0.085000
-326   0.015000
-325  -0.025000
-324   0.055000
-323  -0.060000
-322   0.015000
-321   0.085000
-320   0.010000
-319  -0.010000
-318  -0.060000
-317  -0.025000
-316  -0.015000
-315   0.020000
-314   0.025000
-313   0.020000
-312  -0.045000
-311   0.005000
-310  -0.010000
-309  -0.050000
-308   0.045000
-307  -0.035000
-306   0.040000
-305  -0.160000
-304   0.050000
-303   0.160000
-302  -0.035000
-301   0.040000
-300  -0.005000
-299  -0.020000
-298   0.050000
-297   0.020000
-296  -0.055000
-295   0.090000
-294  -0.045000
-293  -0.050000
-292  -0.050000
-291  -0.000000
-290  -0.050000
-289   0.035000
-288  -0.040000
-287   0.000000
-286   0.025000
-285  -0.075000
-284  -0.145000
-283  -0.015000
-282   0.075000
-281  -0.045000
-280   0.030000
-279   0.035000
-278   0.035000
-277   0.015000
-276  -0.020000
-275   0.105000
-274   0.040000
-273   0.085000
-272  -0.110000
-271  -0.025000
-270   0.030000
-269  -0.020000
-268  -0.020000
-267   0.040000
-266  -0.020000
-265  -0.035000
-264   0.015000
-263   0.100000
-262   0.010000
-261  -0.015000
-260  -0.100000
-259  -0.065000
-258  -0.045000
-257  -0.035000
-256   0.050000
-255   0.085000
-254   0.010000
-253   0.035000
-252  -0.020000
-251  -0.100000
-250  -0.010000
-249  -0.020000
-248   0.015000
-247  -0.065000
-246   0.025000
-245  -0.040000
-244  -0.090000
-243  -0.055000
-242   0.095000
-241   0.035000
-240  -0.040000
-239  -0.040000
-238   0.005000
-237  -0.035000
-236   0.000000
-235   0.015000
-234  -0.045000
-233  -0.000000
-232  -0.030000
-231   0.085000
-230   0.030000
-229  -0.030000
-228  -0.060000
-227   0.020000
-226  -0.045000
-225   0.060000
-224  -0.015000
-223   0.005000
-222  -0.010000
-221  -0.085000
-220   0.030000
-219   0.040000
-218  -0.065000
-217  -0.005000
-216   0.050000
-215   0.055000
-214  -0.005000
-213   0.040000
-212  -0.015000
-211   0.050000
-210   0.030000
-209   0.040000
-208  -0.015000
-207   0.040000
-206   0.015000
-205   0.015000
-204   0.000000
-203   0.015000
-202   0.100000
-201  -0.120000
-200  -0.055000
-199  -0.045000
-198  -0.050000
-197  -0.025000
-196   0.015000
-195  -0.005000
-194  -0.030000
-193  -0.050000
-192   0.030000
-191   0.080000
-190   0.090000
-189   0.015000
-188   0.040000
-187  -0.105000
-186   0.000000
-185  -0.010000
-184   0.100000
-183  -0.020000
-182  -0.020000
-181  -0.015000
-180   0.005000
-179   0.050000
-178  -0.065000
-177  -0.040000
-176  -0.080000
-175   0.055000
-174  -0.030000
-173   0.060000
-172   0.045000
-171  -0.035000
-170  -0.010000
-169  -0.085000
-168   0.115000
-167   0.015000
-166   0.000000
-165   0.055000
-164   0.045000
-163   0.015000
-162  -0.030000
-161  -0.095000
-160   0.010000
-159  -0.015000
-158   0.010000
-157   0.035000
-156   0.060000
-155   0.040000
-154   0.030000
-153   0.055000
-152  -0.000000
-151   0.055000
-150  -0.055000
-149  -0.045000
-148   0.085000
-147  -0.035000
-146  -0.005000
-145   0.040000
-144   0.020000
-143   0.000000
-142   0.070000
-141  -0.025000
-140   0.020000
-139  -0.015000
-138   0.025000
-137  -0.015000
-136  -0.005000
-135   0.000000
-134   0.035000
-133   0.010000
-132   0.070000
-131   0.040000
-130   0.095000
-129   0.035000
-128   0.035000
-127   0.105000
-126  -0.035000
-125  -0.010000
-124   0.020000
-123   0.000000
-122   0.035000
-121   0.040000
-120   0.150000
-119  -0.035000
-118   0.035000
-117   0.030000
-116  -0.020000
-115  -0.075000
-114  -0.015000
-113  -0.055000
-112   0.030000
-111   0.020000
-110   0.065000
-109   0.010000
-108  -0.075000
-107   0.075000
-106   0.070000
-105   0.045000
-104  -0.105000
-103  -0.005000
-102   0.000000
-101   0.040000
-100  -0.040000
-99   0.030000
-98   0.005000
-97   0.060000
-96  -0.020000
-95  -0.015000
-94  -0.175000
-93   0.050000
-92  -0.130000
-91  -0.035000
-90  -0.065000
-89   0.020000
-88  -0.010000
-87   0.035000
-86   0.025000
-85  -0.025000
-84  -0.025000
-83   0.085000
-82  -0.075000
-81   0.005000
-80  -0.075000
-79  -0.025000
-78   0.075000
-77   0.000000
-76  -0.100000
-75   0.020000
-74  -0.070000
-73  -0.065000
-72  -0.125000
-71   0.015000
-70   0.010000
-69  -0.010000
-68  -0.050000
-67  -0.100000
-66   0.015000
-65   0.005000
-64   0.040000
-63  -0.065000
-62  -0.075000
-61  -0.025000
-60   0.050000
-59   0.025000
-58   0.055000
-57  -0.020000
-56   0.040000
-55   0.030000
-54   0.020000
-53   0.005000
-52   0.090000
-51  -0.100000
-50   0.015000
-49   0.050000
-48  -0.095000
-47   0.040000
-46   0.050000
-45   0.010000
-44  -0.025000
-43  -0.050000
-42  -0.015000
-41   0.030000
-40   0.040000
-39   0.070000
-38   0.075000
-37  -0.020000
-36   0.075000
-35  -0.060000
-34  -0.015000
-33   0.050000
-32  -0.035000
-31   0.015000
-30  -0.150000
-29  -0.060000
-28  -0.015000
-27   0.020000
-26  -0.055000
-25  -0.005000
-24   0.120000
-23   0.040000
-22   0.050000
-21  -0.010000
-20   0.075000
-19   0.040000
-18  -0.060000
-17  -0.030000
-16   0.020000
-15   0.050000
-14   0.070000
-13   0.005000
-12   0.060000
-11   0.035000
-10  -0.000000
-9   0.015000
-8  -0.010000
-7   0.080000
-6   0.030000
-5   0.065000
-4   0.030000
-3  -0.005000
-2   0.015000
-1  -0.000000
