0   0.025000
1  -0.010000
2  -0.010000
3  -0.045000
4  -0.055000
5   0.025000
6  -0.045000
7  -0.050000
8  -0.025000
9  -0.040000
10   0.035000
11   0.045000
12  -0.020000
13  -0.045000
14  -0.000000
15  -0.025000
16  -0.060000
17   0.065000
18   0.020000
19  -0.025000
20   0.030000
21  -0.125000
22  -0.065000
23  -0.030000
24  -0.060000
25  -0.005000
26   0.040000
27  -0.030000
28   0.040000
29  -0.025000
30  -0.030000
31  -0.075000
32   0.015000
33   0.035000
34   0.050000
35  -0.035000
36   0.035000
37   0.065000
38   0.065000
39   0.090000
40  -0.030000
41  -0.085000
42  -0.055000
43  -0.040000
44  -0.015000
45  -0.035000
46   0.035000
47  -0.030000
48  -0.010000
49  -0.030000
50  -0.060000
51  -0.040000
52   0.005000
53  -0.025000
54  -0.035000
55  -0.005000
56   0.085000
57  -0.005000
58  -0.110000
59   0.065000
60   0.045000
61   0.060000
62  -0.070000
63  -0.010000
64   0.015000
65  -0.035000
66   0.045000
67   0.060000
68   0.020000
69   0.025000
70   0.095000
71  -0.020000
72  -0.005000
73  -0.010000
74  -0.025000
75   0.015000
76  -0.040000
77   0.000000
78   0.000000
79   0.005000
80   0.030000
81   0.015000
82  -0.015000
83  -0.065000
84   0.020000
85   0.010000
86   0.105000
87   0.060000
88   0.040000
89   0.140000
90  -0.020000
91   0.005000
92   0.055000
93  -0.045000
94   0.110000
95   0.020000
96  -0.035000
97  -0.085000
98   0.060000
99  -0.035000
100  -0.015000
101  -0.025000
102  -0.105000
103  -0.025000
104   0.030000
105   0.030000
106  -0.035000
107   0.010000
108   0.055000
109   0.080000
110   0.070000
111   0.015000
112   0.065000
113   0.005000
114  -0.030000
115  -0.060000
116  -0.020000
117  -0.010000
118   0.005000
119  -0.015000
120   0.090000
121   0.090000
122  -0.010000
123  -0.130000
124   0.010000
125  -0.025000
126  -0.015000
127   0.075000
128  -0.030000
129  -0.040000
130   0.015000
131  -0.050000
132  -0.030000
133  -0.020000
134   0.055000
135   0.025000
136  -0.075000
137   0.030000
138  -0.025000
139  -0.075000
140  -0.030000
141   0.035000
142  -0.050000
143   0.060000
144   0.065000
145   0.045000
146  -0.050000
147   0.055000
148   0.065000
149   0.035000
150  -0.045000
151  -0.025000
152   0.030000
153   0.090000
154   0.025000
155  -0.105000
156  -0.025000
157  -0.035000
158   0.070000
159  -0.020000
160  -0.010000
161  -0.080000
162   0.060000
163  -0.095000
164   0.010000
165   0.075000
166   0.005000
167   0.065000
168  -0.055000
169   0.100000
170   0.005000
171  -0.045000
172  -0.055000
173  -0.040000
174   0.010000
175   0.100000
176   0.050000
177   0.050000
178  -0.010000
179  -0.005000
180   0.075000
181  -0.060000
182   0.025000
183   0.030000
184   0.105000
185   0.110000
186  -0.115000
187  -0.020000
188   0.010000
189   0.020000
190   0.010000
191   0.005000
192   0.020000
193   0.015000
194   0.005000
195  -0.055000
196  -0.010000
197  -0.025000
198  -0.075000
199  -0.020000
200   0.075000
201   0.070000
202  -0.040000
203   0.065000
204  -0.045000
205   0.085000
206   0.070000
207   0.035000
208  -0.010000
209  -0.030000
210   0.050000
211  -0.080000
212  -0.030000
213   0.055000
214   0.070000
215  -0.055000
216   0.060000
217   0.000000
218  -0.010000
219  -0.030000
220   0.010000
221   0.015000
222  -0.075000
223  -0.060000
224   0.010000
225  -0.020000
226  -0.015000
227   0.055000
228  -0.015000
229  -0.040000
230  -0.000000
231  -0.040000
232   0.015000
233   0.015000
234  -0.035000
235   0.025000
236  -0.020000
237  -0.050000
238   0.020000
239  -0.025000
240  -0.005000
241   0.035000
242  -0.005000
243  -0.060000
244   0.045000
245   0.040000
246   0.065000
247   0.115000
248  -0.015000
249   0.010000
250  -0.085000
251   0.055000
252  -0.060000
253   0.015000
254  -0.065000
255   0.005000
256   0.020000
257   0.045000
258   0.055000
259   0.085000
260  -0.030000
261   0.025000
262   0.010000
263  -0.030000
264  -0.045000
265  -0.010000
266   0.055000
267   0.020000
268  -0.080000
269   0.055000
270   0.070000
271  -0.090000
272   0.030000
273  -0.010000
274  -0.045000
275   0.000000
276  -0.050000
277  -0.020000
278   0.070000
279   0.030000
280  -0.050000
281  -0.025000
282   0.015000
283   0.070000
284  -0.005000
285  -0.005000
286   0.020000
287  -0.070000
288  -0.020000
289  -0.015000
290   0.050000
291   0.000000
292   0.020000
293  -0.010000
294  -0.025000
295  -0.070000
296   0.085000
297   0.030000
298  -0.045000
299   0.030000
300   0.065000
301   0.065000
302   0.090000
303   0.030000
304   0.000000
305   0.060000
306   0.020000
307   0.120000
308  -0.010000
309  -0.030000
310   0.075000
311   0.015000
312  -0.050000
313   0.025000
314  -0.095000
315   0.075000
316  -0.070000
317   0.000000
318  -0.085000
319   0.005000
320   0.025000
321   0.050000
322   0.080000
323   0.065000
324  -0.055000
325   0.085000
326   0.035000
327   0.025000
328   0.020000
329  -0.070000
330  -0.010000
331  -0.055000
332  -0.030000
333   0.015000
334   0.065000
335  -0.035000
336  -0.055000
337   0.030000
338  -0.010000
339  -0.020000
340  -0.035000
341  -0.050000
342   0.075000
343  -0.025000
344  -0.050000
345   0.090000
346  -0.000000
347  -0.010000
348  -0.025000
349   0.000000
350   0.055000
351   0.070000
352  -0.000000
353   0.015000
354  -0.015000
355   0.060000
356  -0.040000
357   0.040000
358  -0.090000
359  -0.110000
360  -0.010000
361   0.065000
362   0.055000
363   0.020000
364   0.025000
365  -0.020000
366  -0.040000
367  -0.015000
368   0.020000
369   0.020000
370  -0.105000
371  -0.015000
372   0.005000
373  -0.080000
374   0.000000
375   0.035000
376   0.010000
377   0.010000
378  -0.025000
379  -0.120000
380   0.010000
381   0.005000
382  -0.005000
383  -0.050000
384  -0.010000
385  -0.025000
386   0.040000
387   0.085000
388  -0.075000
389  -0.020000
390  -0.000000
391   0.070000
392  -0.060000
393   0.020000
394   0.030000
395  -0.015000
396   0.145000
397  -0.005000
398   0.040000
399   0.005000
400   0.140000
401   0.075000
402  -0.000000
403   0.030000
404   0.060000
405   0.020000
406  -0.135000
407   0.055000
408  -0.035000
409  -0.015000
410   0.045000
411   0.025000
412  -0.075000
413  -0.070000
414   0.030000
415  -0.005000
416  -0.015000
417  -0.050000
418  -0.010000
419   0.055000
420   0.035000
421   0.055000
422  -0.070000
423  -0.040000
424   0.015000
425   0.000000
426   0.010000
427  -0.010000
428   0.055000
429  -0.040000
430   0.015000
431   0.040000
432   0.020000
433  -0.000000
434   0.110000
435   0.035000
436   0.090000
437  -0.045000
438   0.015000
439   0.030000
440  -0.165000
441  -0.080000
442  -0.000000
443   0.015000
444  -0.060000
445   0.040000
446   0.045000
447  -0.090000
448  -0.040000
449   0.060000
450   0.045000
451  -0.060000
452  -0.015000
453  -0.025000
454   0.055000
455  -0.030000
456   0.070000
457   0.005000
458  -0.010000
459  -0.015000
460   0.035000
461   0.000000
462  -0.010000
463   0.060000
464  -0.035000
465   0.020000
466  -0.060000
467   0.015000
468   0.005000
469  -0.040000
470  -0.020000
471   0.080000
472   0.010000
473   0.060000
474  -0.065000
475   0.005000
476  -0.080000
477  -0.030000
478  -0.040000
479   0.025000
480   0.015000
481   0.005000
482   0.005000
483   0.005000
484  -0.080000
485  -0.010000
486  -0.060000
487  -0.035000
488  -0.020000
489  -0.045000
490   0.100000
491  -0.020000
492  -0.060000
493   0.005000
494   0.010000
495   0.075000
496  -0.010000
497   0.055000
498  -0.015000
499  -0.000000
500   0.035000
-499  -0.040000
-498   0.015000
-497  -0.040000
-496  -0.030000
-495  -0.000000
-494   0.015000
-493  -0.100000
-492   0.090000
-491   0.075000
-490  -0.005000
-489   0.035000
-488  -0.010000
-487   0.040000
-486   0.025000
-485   0.045000
-484   0.025000
-483  -0.040000
-482   0.035000
-481   0.045000
-480   0.080000
-479   0.055000
-478   0.015000
-477  -0.015000
-476   0.055000
-475   0.030000
-474  -0.030000
-473  -0.010000
-472   0.060000
-471  -0.075000
-470  -0.010000
-469   0.005000
-468  -0.060000
-467  -0.005000
-466   0.035000
-465  -0.035000
-464   0.065000
-463  -0.015000
-462   0.030000
-461  -0.055000
-460   0.065000
-459   0.005000
-458   0.055000
-457  -0.045000
-456   0.120000
-455   0.040000
-454   0.025000
-453  -0.020000
-452  -0.035000
-451  -0.015000
-450   0.045000
-449   0.005000
-448  -0.065000
-447   0.090000
-446  -0.025000
-445  -0.040000
-444  -0.020000
-443  -0.040000
-442  -0.035000
-441  -0.005000
-440   0.035000
-439   0.010000
-438  -0.005000
-437   0.065000
-436   0.015000
-435   0.055000
-434  -0.025000
-433   0.045000
-432   0.000000
-431  -0.030000
-430  -0.020000
-429   0.000000
-428  -0.000000
-427  -0.035000
-426   0.085000
-425   0.095000
-424  -0.015000
-423   0.015000
-422   0.035000
-421  -0.015000
-420   0.030000
-419   0.045000
-418   0.065000
-417   0.040000
-416   0.030000
-415   0.070000
-414   0.045000
-413   0.095000
-412   0.065000
-411  -0.065000
-410  -0.000000
-409  -0.095000
-408   0.045000
-407   0.030000
-406   0.065000
-405  -0.010000
-404  -0.040000
-403   0.015000
-402   0.055000
-401   0.005000
-400  -0.020000
-399  -0.005000
-398   0.100000
-397  -0.045000
-396   0.040000
-395   0.030000
-394   0.080000
-393   0.010000
-392  -0.005000
-391  -0.005000
-390  -0.040000
-389   0.035000
-388  -0.060000
-387   0.070000
-386   0.070000
-385   0.050000
-384   0.025000
-383  -0.060000
-382  -0.040000
-381  -0.065000
-380   0.005000
-379   0.080000
-378   0.055000
-377   0.000000
-376   0.055000
-375   0.005000
-374   0.040000
-373   0.010000
-372   0.020000
-371  -0.040000
-370  -0.040000
-369   0.070000
-368   0.050000
-367  -0.065000
-366   0.005000
-365  -0.055000
-364   0.055000
-363  -0.010000
-362   0.050000
-361  -0.015000
-360  -0.025000
-359  -0.035000
-358  -0.060000
-357  -0.110000
-356  -0.060000
-355   0.070000
-354  -0.005000
-353  -0.030000
-352   0.020000
-351   0.115000
-350   0.010000
-349  -0.015000
-348  -0.085000
-347  -0.045000
-346  -0.015000
-345   0.040000
-344  -0.015000
-343   0.010000
-342   0.015000
-341   0.045000
-340   0.090000
-339   0.035000
-338   0.010000
-337   0.030000
-336   0.055000
-335  -0.000000
-334   0.075000
-333   0.060000
-332   0.020000
-331   0.025000
-330   0.060000
-329   0.065000
-328  -0.005000
-327  -0.070000
-326  -0.005000
-325  -0.000000
-324   0.095000
-323   0.035000
-322   0.070000
-321  -0.060000
-320   0.035000
-319  -0.020000
-318  -0.080000
-317  -0.095000
-316   0.095000
-315   0.050000
-314  -0.070000
-313   0.010000
-312   0.020000
-311   0.020000
-310  -0.005000
-309  -0.070000
-308   0.085000
-307   0.035000
-306  -0.055000
-305  -0.010000
-304   0.040000
-303   0.010000
-302  -0.010000
-301  -0.040000
-300   0.075000
-299  -0.030000
-298   0.035000
-297   0.040000
-296  -0.000000
-295   0.030000
-294  -0.010000
-293   0.025000
-292   0.095000
-291   0.090000
-290  -0.030000
-289  -0.005000
-288  -0.015000
-287   0.025000
-286  -0.010000
-285   0.005000
-284  -0.055000
-283   0.080000
-282   0.040000
-281  -0.035000
-280   0.035000
-279   0.065000
-278   0.025000
-277   0.020000
-276  -0.045000
-275   0.080000
-274   0.010000
-273  -0.040000
-272  -0.060000
-271  -0.085000
-270  -0.015000
-269   0.085000
-268   0.010000
-267   0.010000
-266   0.020000
-265   0.005000
-264   0.040000
-263  -0.100000
-262   0.025000
-261  -0.085000
-260  -0.050000
-259  -0.070000
-258   0.015000
-257   0.000000
-256  -0.050000
-255   0.015000
-254   0.040000
-253  -0.000000
-252   0.030000
-251   0.145000
-250  -0.080000
-249   0.060000
-248   0.025000
-247   0.035000
-246   0.130000
-245  -0.025000
-244  -0.035000
-243   0.080000
-242  -0.030000
-241   0.010000
-240   0.045000
-239  -0.000000
-238  -0.045000
-237  -0.055000
-236  -0.015000
-235  -0.065000
-234  -0.090000
-233   0.070000
-232  -0.105000
-231  -0.045000
-230  -0.050000
-229  -0.020000
-228  -0.070000
-227   0.110000
-226  -0.040000
-225   0.035000
-224   0.025000
-223   0.010000
-222  -0.005000
-221  -0.040000
-220  -0.065000
-219  -0.010000
-218   0.010000
-217  -0.015000
-216  -0.045000
-215  -0.020000
-214  -0.100000
-213   0.020000
-212  -0.000000
-211  -0.070000
-210  -0.035000
-209   0.055000
-208   0.070000
-207   0.025000
-206  -0.030000
-205   0.005000
-204  -0.055000
-203  -0.005000
-202   0.085000
-201  -0.020000
-200   0.000000
-199   0.065000
-198   0.050000
-197   0.070000
-196  -0.015000
-195   0.040000
-194  -0.055000
-193   0.140000
-192   0.000000
-191   0.125000
-190  -0.000000
-189  -0.010000
-188   0.025000
-187   0.030000
-186  -0.050000
-185  -0.040000
-184  -0.030000
-183  -0.005000
-182  -0.095000
-181   0.035000
-180   0.025000
-179   0.045000
-178   0.000000
-177  -0.075000
-176   0.015000
-175  -0.005000
-174   0.010000
-173  -0.040000
-172  -0.015000
-171   0.015000
-170  -0.010000
-169   0.045000
-168  -0.050000
-167  -0.105000
-166   0.020000
-165  -0.010000
-164  -0.025000
-163   0.030000
-162   0.050000
-161  -0.135000
-160   0.030000
-159  -0.055000
-158   0.050000
-157   0.070000
-156  -0.040000
-155   0.010000
-154  -0.070000
-153  -0.035000
-152   0.040000
-151   0.030000
-150  -0.045000
-149  -0.070000
-148   0.030000
-147   0.025000
-146   0.040000
-145  -0.005000
-144   0.035000
-143   0.045000
-142  -0.010000
-141  -0.010000
-140  -0.005000
-139   0.020000
-138   0.035000
-137  -0.050000
-136   0.060000
-135   0.050000
-134   0.060000
-133  -0.075000
-132  -0.010000
-131  -0.020000
-130   0.000000
-129   0.010000
-128  -0.075000
-127  -0.055000
-126  -0.015000
-125  -0.020000
-124   0.010000
-123   0.020000
-122   0.070000
-121   0.005000
-120  -0.020000
-119   0.005000
-118  -0.125000
-117  -0.030000
-116   0.020000
-115   0.060000
-114  -0.005000
-113   0.095000
-112  -0.055000
-111   0.030000
-110   0.010000
-109   0.095000
-108  -0.055000
-107   0.000000
-106   0.070000
-105  -0.015000
-104  -0.070000
-103   0.135000
-102  -0.060000
-101  -0.010000
-100   0.010000
-99   0.055000
-98   0.010000
-97  -0.035000
-96  -0.005000
-95  -0.020000
-94   0.060000
-93   0.025000
-92  -0.030000
-91  -0.035000
-90  -0.030000
-89   0.030000
-88   0.005000
-87  -0.005000
-86   0.090000
-85   0.030000
-84   0.025000
-83  -0.035000
-82   0.000000
-81  -0.050000
-80   0.050000
-79   0.105000
-78  -0.065000
-77  -0.015000
-76  -0.015000
-75  -0.150000
-74  -0.010000
-73  -0.010000
-72   0.010000
-71  -0.005000
-70  -0.035000
-69   0.010000
-68  -0.000000
-67  -0.010000
-66  -0.025000
-65  -0.060000
-64   0.025000
-63  -0.045000
-62   0.005000
-61  -0.015000
-60   0.000000
-59  -0.065000
-58  -0.065000
-57   0.035000
-56  -0.020000
-55   0.115000
-54   0.080000
-53  -0.005000
-52  -0.075000
-51  -0.100000
-50  -0.000000
-49   0.000000
-48  -0.095000
-47   0.055000
-46   0.075000
-45  -0.120000
-44   0.075000
-43   0.050000
-42   0.070000
-41   0.030000
-40  -0.010000
-39   0.040000
-38  -0.075000
-37   0.050000
-36   0.045000
-35  -0.070000
-34   0.055000
-33  -0.060000
-32   0.090000
-31   0.020000
-30  -0.015000
-29  -0.020000
-28  -0.045000
-27   0.005000
-26  -0.125000
-25  -0.080000
-24  -0.050000
-23  -0.115000
-22  -0.040000
-21  -0.000000
-20  -0.025000
-19  -0.055000
-18  -0.000000
-17   0.035000
-16  -0.065000
-15  -0.065000
-14  -0.005000
-13  -0.090000
-12   0.030000
-11  -0.010000
-10  -0.035000
-9  -0.045000
-8   0.000000
-7   0.030000
-6   0.010000
-5   0.040000
-4  -0.055000
-3  -0.070000
-2   0.110000
-1  -0.010000
