0  -0.060000
1  -0.060000
2  -0.005000
3   0.050000
4   0.055000
5  -0.015000
6   0.100000
7  -0.045000
8  -0.035000
9   0.110000
10   0.060000
11   0.085000
12  -0.010000
13   0.110000
14  -0.000000
15  -0.080000
16   0.060000
17   0.025000
18  -0.015000
19  -0.030000
20   0.020000
21   0.035000
22  -0.055000
23  -0.075000
24   0.055000
25   0.060000
26   0.055000
27   0.095000
28   0.055000
29   0.075000
30  -0.020000
31  -0.085000
32  -0.020000
33  -0.030000
34   0.035000
35   0.080000
36   0.035000
37  -0.035000
38  -0.025000
39   0.065000
40  -0.055000
41  -0.070000
42   0.035000
43   0.020000
44  -0.060000
45   0.045000
46  -0.020000
47  -0.015000
48  -0.005000
49   0.050000
50   0.015000
51   0.000000
52   0.000000
53   0.045000
54  -0.045000
55   0.010000
56  -0.025000
57  -0.110000
58   0.055000
59  -0.060000
60   0.080000
61  -0.025000
62  -0.095000
63   0.010000
64  -0.080000
65  -0.000000
66   0.015000
67   0.010000
68   0.000000
69   0.055000
70  -0.045000
71   0.055000
72   0.020000
73  -0.015000
74  -0.060000
75   0.040000
76   0.050000
77   0.020000
78   0.050000
79  -0.035000
80   0.040000
81  -0.025000
82   0.025000
83  -0.015000
84   0.010000
85   0.005000
86   0.025000
87  -0.025000
88  -0.100000
89  -0.025000
90  -0.045000
91  -0.070000
92   0.095000
93   0.010000
94   0.040000
95  -0.025000
96   0.040000
97  -0.055000
98  -0.020000
99  -0.020000
100   0.035000
101  -0.020000
102   0.005000
103  -0.090000
104  -0.030000
105  -0.050000
106   0.075000
107  -0.005000
108  -0.035000
109   0.025000
110   0.040000
111   0.010000
112  -0.040000
113   0.055000
114   0.030000
115  -0.060000
116   0.060000
117  -0.005000
118   0.000000
119  -0.070000
120  -0.085000
121   0.065000
122  -0.015000
123  -0.010000
124   0.060000
125   0.075000
126  -0.055000
127   0.000000
128  -0.065000
129   0.005000
130  -0.085000
131  -0.055000
132  -0.025000
133   0.065000
134  -0.060000
135   0.055000
136   0.045000
137   0.015000
138   0.015000
139  -0.065000
140   0.010000
141   0.055000
142  -0.040000
143   0.015000
144   0.005000
145   0.020000
146   0.150000
147  -0.020000
148   0.045000
149  -0.005000
150  -0.005000
151   0.070000
152   0.040000
153  -0.025000
154  -0.095000
155  -0.085000
156  -0.080000
157   0.055000
158  -0.045000
159   0.050000
160   0.045000
161   0.040000
162  -0.095000
163   0.005000
164  -0.100000
165  -0.040000
166  -0.060000
167   0.010000
168   0.015000
169   0.020000
170   0.015000
171  -0.035000
172  -0.000000
173   0.065000
174  -0.000000
175  -0.035000
176   0.005000
177   0.095000
178  -0.015000
179   0.045000
180   0.005000
181   0.020000
182   0.040000
183   0.050000
184   0.060000
185   0.040000
186  -0.005000
187   0.020000
188  -0.005000
189   0.000000
190   0.080000
191   0.010000
192  -0.015000
193   0.020000
194  -0.030000
195  -0.010000
196   0.035000
197   0.010000
198  -0.010000
199  -0.065000
200   0.015000
201   0.050000
202  -0.065000
203   0.010000
204   0.005000
205  -0.015000
206  -0.035000
207   0.015000
208   0.005000
209  -0.025000
210   0.035000
211   0.055000
212  -0.050000
213  -0.055000
214  -0.055000
215  -0.050000
216   0.015000
217   0.040000
218   0.085000
219   0.105000
220  -0.040000
221  -0.050000
222  -0.010000
223  -0.025000
224  -0.085000
225   0.030000
226  -0.020000
227   0.020000
228  -0.010000
229  -0.010000
230   0.045000
231   0.000000
232  -0.010000
233   0.045000
234   0.055000
235  -0.045000
236   0.030000
237  -0.020000
238  -0.020000
239   0.015000
240  -0.040000
241  -0.005000
242  -0.055000
243  -0.015000
244   0.060000
245  -0.075000
246  -0.085000
247  -0.040000
248   0.050000
249  -0.100000
250   0.100000
251   0.030000
252   0.050000
253   0.040000
254   0.075000
255  -0.020000
256   0.055000
257  -0.020000
258   0.105000
259  -0.045000
260  -0.095000
261  -0.050000
262   0.080000
263  -0.030000
264  -0.010000
265   0.020000
266  -0.060000
267  -0.010000
268  -0.030000
269  -0.055000
270  -0.015000
271  -0.080000
272   0.045000
273  -0.055000
274   0.080000
275  -0.075000
276   0.045000
277   0.045000
278  -0.060000
279  -0.010000
280  -0.055000
281   0.085000
282  -0.015000
283  -0.045000
284   0.005000
285   0.005000
286  -0.005000
287  -0.035000
288  -0.035000
289   0.055000
290   0.105000
291  -0.005000
292  -0.080000
293   0.030000
294  -0.030000
295  -0.045000
296   0.025000
297  -0.015000
298  -0.020000
299   0.025000
300  -0.035000
301   0.110000
302   0.040000
303   0.055000
304   0.045000
305  -0.060000
306  -0.025000
307  -0.000000
308  -0.025000
309   0.050000
310  -0.005000
311   0.025000
312  -0.005000
313  -0.085000
314   0.090000
315   0.010000
316  -0.050000
317   0.005000
318  -0.115000
319   0.065000
320  -0.015000
321   0.035000
322   0.015000
323  -0.015000
324  -0.025000
325  -0.005000
326  -0.045000
327   0.065000
328  -0.085000
329  -0.090000
330  -0.065000
331  -0.060000
332  -0.050000
333   0.030000
334   0.050000
335  -0.090000
336   0.030000
337   0.045000
338  -0.015000
339  -0.045000
340  -0.055000
341   0.105000
342   0.005000
343  -0.040000
344   0.070000
345   0.035000
346   0.010000
347   0.010000
348  -0.040000
349  -0.005000
350   0.025000
351   0.020000
352  -0.045000
353  -0.005000
354   0.005000
355  -0.070000
356   0.040000
357  -0.030000
358   0.070000
359  -0.010000
360  -0.050000
361  -0.045000
362   0.090000
363   0.025000
364  -0.020000
365  -0.020000
366  -0.005000
367   0.060000
368  -0.010000
369  -0.015000
370   0.025000
371  -0.000000
372  -0.065000
373   0.115000
374   0.065000
375   0.120000
376  -0.030000
377   0.070000
378   0.035000
379  -0.155000
380   0.045000
381  -0.130000
382   0.005000
383   0.050000
384  -0.040000
385   0.020000
386  -0.010000
387  -0.075000
388  -0.060000
389   0.075000
390   0.020000
391  -0.090000
392   0.035000
393  -0.005000
394   0.030000
395  -0.070000
396  -0.020000
397   0.055000
398  -0.080000
399  -0.010000
400  -0.005000
401   0.025000
402  -0.090000
403  -0.005000
404  -0.010000
405   0.095000
406   0.010000
407  -0.015000
408  -0.020000
409  -0.015000
410  -0.050000
411  -0.010000
412  -0.005000
413  -0.060000
414   0.030000
415  -0.050000
416  -0.065000
417   0.050000
418  -0.035000
419   0.005000
420  -0.100000
421   0.000000
422  -0.045000
423  -0.015000
424   0.030000
425   0.055000
426  -0.040000
427   0.025000
428  -0.075000
429   0.065000
430  -0.015000
431   0.120000
432  -0.005000
433   0.130000
434   0.035000
435  -0.075000
436  -0.030000
437  -0.015000
438  -0.025000
439   0.025000
440   0.000000
441  -0.040000
442  -0.025000
443  -0.080000
444   0.115000
445  -0.060000
446  -0.025000
447   0.005000
448   0.030000
449  -0.065000
450  -0.010000
451   0.015000
452  -0.020000
453   0.020000
454   0.090000
455  -0.005000
456  -0.000000
457  -0.040000
458  -0.025000
459  -0.050000
460   0.010000
461  -0.040000
462   0.065000
463   0.005000
464  -0.035000
465  -0.025000
466  -0.055000
467  -0.025000
468   0.000000
469   0.020000
470   0.065000
471  -0.085000
472   0.045000
473   0.020000
474  -0.025000
475  -0.080000
476   0.030000
477   0.025000
478  -0.040000
479   0.010000
480   0.040000
481   0.075000
482  -0.030000
483  -0.070000
484   0.025000
485   0.015000
486   0.025000
487   0.015000
488   0.040000
489  -0.040000
490  -0.015000
491  -0.005000
492  -0.000000
493  -0.000000
494   0.065000
495   0.015000
496   0.000000
497  -0.065000
498  -0.010000
499  -0.040000
500   0.035000
-499   0.035000
-498  -0.030000
-497  -0.040000
-496   0.050000
-495   0.035000
-494  -0.020000
-493   0.050000
-492  -0.020000
-491   0.035000
-490  -0.035000
-489   0.040000
-488  -0.010000
-487  -0.060000
-486  -0.045000
-485  -0.005000
-484   0.040000
-483  -0.040000
-482   0.065000
-481   0.030000
-480  -0.090000
-479  -0.020000
-478  -0.030000
-477  -0.005000
-476   0.035000
-475   0.000000
-474   0.050000
-473   0.035000
-472  -0.020000
-471  -0.055000
-470   0.025000
-469   0.070000
-468   0.015000
-467   0.020000
-466   0.025000
-465  -0.095000
-464   0.040000
-463  -0.005000
-462  -0.025000
-461   0.030000
-460   0.000000
-459   0.075000
-458  -0.040000
-457   0.100000
-456   0.055000
-455   0.005000
-454   0.010000
-453   0.055000
-452   0.035000
-451   0.025000
-450   0.010000
-449   0.055000
-448   0.010000
-447   0.020000
-446  -0.005000
-445  -0.045000
-444  -0.025000
-443   0.035000
-442   0.025000
-441  -0.015000
-440   0.110000
-439  -0.015000
-438  -0.020000
-437  -0.000000
-436  -0.015000
-435   0.040000
-434   0.035000
-433  -0.045000
-432   0.025000
-431  -0.015000
-430  -0.020000
-429   0.055000
-428  -0.025000
-427  -0.070000
-426  -0.055000
-425   0.080000
-424  -0.040000
-423  -0.070000
-422   0.020000
-421   0.025000
-420   0.060000
-419   0.000000
-418   0.010000
-417  -0.015000
-416  -0.045000
-415  -0.045000
-414   0.060000
-413  -0.015000
-412  -0.035000
-411   0.085000
-410   0.000000
-409   0.010000
-408   0.010000
-407  -0.060000
-406  -0.050000
-405   0.045000
-404   0.000000
-403  -0.015000
-402  -0.005000
-401  -0.035000
-400  -0.075000
-399   0.085000
-398  -0.030000
-397  -0.020000
-396   0.040000
-395   0.035000
-394   0.020000
-393  -0.060000
-392  -0.040000
-391   0.015000
-390  -0.025000
-389   0.000000
-388  -0.015000
-387   0.075000
-386  -0.085000
-385   0.120000
-384   0.025000
-383  -0.015000
-382   0.000000
-381   0.085000
-380   0.015000
-379   0.065000
-378  -0.040000
-377   0.020000
-376   0.075000
-375  -0.030000
-374  -0.025000
-373  -0.070000
-372  -0.105000
-371  -0.005000
-370  -0.045000
-369   0.060000
-368   0.015000
-367  -0.020000
-366   0.025000
-365  -0.095000
-364   0.060000
-363  -0.050000
-362  -0.085000
-361  -0.015000
-360  -0.065000
-359  -0.035000
-358   0.005000
-357   0.020000
-356   0.010000
-355   0.045000
-354   0.015000
-353   0.015000
-352   0.000000
-351  -0.120000
-350   0.045000
-349   0.005000
-348  -0.030000
-347   0.065000
-346   0.015000
-345  -0.020000
-344  -0.015000
-343   0.080000
-342   0.055000
-341  -0.005000
-340  -0.030000
-339  -0.040000
-338   0.005000
-337  -0.080000
-336   0.045000
-335   0.085000
-334  -0.020000
-333  -0.000000
-332  -0.000000
-331   0.025000
-330  -0.025000
-329   0.015000
-328   0.040000
-327  -0.070000
-326  -0.015000
-325  -0.095000
-324  -0.010000
-323   0.055000
-322  -0.020000
-321  -0.030000
-320   0.020000
-319  -0.085000
-318   0.060000
-317   0.035000
-316   0.070000
-315  -0.040000
-314  -0.090000
-313   0.075000
-312   0.010000
-311  -0.035000
-310   0.010000
-309  -0.005000
-308   0.075000
-307   0.000000
-306   0.010000
-305  -0.005000
-304  -0.065000
-303  -0.010000
-302   0.060000
-301   0.010000
-300  -0.060000
-299   0.010000
-298  -0.020000
-297  -0.015000
-296  -0.060000
-295   0.085000
-294  -0.025000
-293  -0.025000
-292  -0.100000
-291   0.035000
-290   0.010000
-289  -0.055000
-288  -0.035000
-287   0.025000
-286  -0.005000
-285   0.005000
-284   0.055000
-283   0.035000
-282   0.055000
-281  -0.020000
-280  -0.040000
-279   0.010000
-278   0.035000
-277  -0.055000
-276  -0.045000
-275   0.025000
-274   0.005000
-273   0.015000
-272   0.005000
-271  -0.050000
-270   0.005000
-269  -0.065000
-268  -0.035000
-267   0.050000
-266   0.030000
-265   0.060000
-264  -0.075000
-263  -0.050000
-262   0.010000
-261  -0.015000
-260  -0.035000
-259   0.010000
-258   0.010000
-257   0.030000
-256   0.075000
-255  -0.025000
-254   0.035000
-253   0.025000
-252  -0.030000
-251   0.035000
-250   0.000000
-249   0.025000
-248   0.000000
-247   0.055000
-246  -0.065000
-245   0.000000
-244  -0.010000
-243   0.015000
-242  -0.120000
-241  -0.115000
-240  -0.035000
-239   0.025000
-238  -0.035000
-237  -0.010000
-236  -0.020000
-235  -0.020000
-234  -0.020000
-233   0.075000
-232  -0.020000
-231   0.045000
-230  -0.030000
-229   0.040000
-228  -0.030000
-227   0.005000
-226   0.010000
-225  -0.050000
-224   0.060000
-223  -0.045000
-222   0.025000
-221  -0.060000
-220   0.110000
-219  -0.055000
-218   0.025000
-217  -0.125000
-216  -0.025000
-215   0.015000
-214  -0.080000
-213   0.065000
-212  -0.015000
-211  -0.065000
-210   0.065000
-209   0.110000
-208  -0.035000
-207   0.055000
-206   0.085000
-205  -0.010000
-204   0.010000
-203  -0.070000
-202  -0.030000
-201   0.095000
-200   0.075000
-199   0.095000
-198   0.000000
-197   0.005000
-196   0.040000
-195  -0.000000
-194   0.060000
-193  -0.015000
-192   0.015000
-191  -0.015000
-190   0.020000
-189  -0.020000
-188   0.055000
-187  -0.025000
-186  -0.010000
-185   0.015000
-184   0.000000
-183   0.035000
-182   0.025000
-181  -0.010000
-180  -0.030000
-179   0.075000
-178   0.015000
-177   0.060000
-176  -0.010000
-175   0.030000
-174  -0.015000
-173  -0.005000
-172  -0.035000
-171   0.035000
-170  -0.005000
-169   0.040000
-168   0.010000
-167   0.050000
-166  -0.030000
-165   0.015000
-164   0.040000
-163   0.025000
-162   0.025000
-161  -0.040000
-160  -0.040000
-159   0.025000
-158  -0.065000
-157  -0.020000
-156   0.020000
-155   0.035000
-154  -0.015000
-153   0.085000
-152   0.005000
-151   0.025000
-150   0.040000
-149  -0.025000
-148   0.030000
-147   0.005000
-146   0.085000
-145  -0.120000
-144  -0.050000
-143  -0.045000
-142   0.060000
-141  -0.050000
-140  -0.055000
-139  -0.070000
-138   0.035000
-137   0.000000
-136   0.030000
-135  -0.030000
-134   0.005000
-133  -0.085000
-132  -0.025000
-131  -0.020000
-130   0.015000
-129   0.010000
-128  -0.030000
-127   0.035000
-126  -0.005000
-125  -0.040000
-124   0.020000
-123  -0.005000
-122  -0.035000
-121   0.050000
-120  -0.050000
-119   0.025000
-118   0.050000
-117   0.095000
-116  -0.045000
-115   0.090000
-114   0.015000
-113   0.100000
-112  -0.115000
-111   0.030000
-110   0.020000
-109  -0.015000
-108  -0.090000
-107  -0.060000
-106   0.040000
-105   0.070000
-104   0.035000
-103   0.020000
-102  -0.075000
-101   0.060000
-100  -0.055000
-99   0.005000
-98   0.050000
-97  -0.035000
-96   0.090000
-95  -0.020000
-94   0.000000
-93   0.060000
-92   0.025000
-91   0.065000
-90  -0.045000
-89   0.065000
-88   0.050000
-87  -0.085000
-86  -0.060000
-85  -0.090000
-84   0.055000
-83   0.095000
-82  -0.075000
-81   0.035000
-80   0.105000
-79   0.040000
-78   0.055000
-77  -0.015000
-76   0.010000
-75  -0.010000
-74  -0.015000
-73  -0.060000
-72   0.000000
-71  -0.010000
-70  -0.090000
-69  -0.080000
-68   0.025000
-67  -0.075000
-66  -0.065000
-65   0.015000
-64  -0.025000
-63  -0.050000
-62  -0.040000
-61  -0.015000
-60   0.010000
-59  -0.020000
-58   0.050000
-57  -0.020000
-56  -0.025000
-55  -0.025000
-54   0.035000
-53  -0.060000
-52  -0.010000
-51  -0.040000
-50   0.060000
-49   0.065000
-48   0.015000
-47   0.000000
-46  -0.010000
-45  -0.035000
-44   0.060000
-43   0.050000
-42  -0.020000
-41   0.010000
-40  -0.055000
-39   0.060000
-38   0.035000
-37  -0.010000
-36  -0.040000
-35   0.000000
-34   0.015000
-33   0.010000
-32  -0.035000
-31  -0.070000
-30   0.025000
-29  -0.045000
-28  -0.035000
-27  -0.030000
-26  -0.020000
-25   0.005000
-24   0.010000
-23   0.000000
-22  -0.005000
-21  -0.000000
-20   0.080000
-19   0.005000
-18  -0.050000
-17  -0.000000
-16   0.085000
-15   0.005000
-14  -0.015000
-13  -0.035000
-12   0.060000
-11   0.055000
-10   0.020000
-9  -0.050000
-8  -0.065000
-7   0.065000
-6   0.010000
-5  -0.060000
-4  -0.005000
-3  -0.080000
-2  -0.010000
-1  -0.065000
