0   0.010000
1   0.000000
2   0.000000
3   0.080000
4  -0.005000
5   0.050000
6   0.015000
7  -0.010000
8   0.020000
9  -0.030000
10  -0.075000
11   0.020000
12   0.050000
13   0.050000
14  -0.090000
15   0.015000
16  -0.015000
17  -0.060000
18   0.005000
19  -0.040000
20   0.035000
21   0.030000
22   0.005000
23  -0.030000
24   0.125000
25   0.115000
26   0.000000
27  -0.015000
28  -0.045000
29  -0.070000
30   0.045000
31   0.030000
32  -0.060000
33  -0.025000
34   0.090000
35  -0.055000
36  -0.025000
37   0.015000
38  -0.010000
39  -0.050000
40   0.020000
41  -0.010000
42   0.060000
43  -0.070000
44   0.005000
45  -0.055000
46  -0.050000
47  -0.050000
48  -0.045000
49   0.005000
50  -0.005000
51   0.020000
52  -0.065000
53  -0.070000
54   0.050000
55  -0.050000
56  -0.000000
57   0.035000
58   0.075000
59  -0.030000
60  -0.015000
61   0.070000
62   0.095000
63   0.040000
64  -0.020000
65  -0.010000
66   0.050000
67   0.025000
68  -0.025000
69   0.120000
70  -0.025000
71  -0.015000
72  -0.070000
73   0.070000
74   0.020000
75  -0.005000
76   0.085000
77   0.040000
78   0.050000
79   0.070000
80  -0.030000
81  -0.030000
82  -0.070000
83  -0.030000
84  -0.065000
85  -0.055000
86   0.050000
87   0.055000
88  -0.005000
89   0.015000
90   0.060000
91  -0.155000
92  -0.035000
93  -0.050000
94   0.040000
95   0.010000
96  -0.010000
97  -0.055000
98  -0.025000
99   0.045000
100  -0.055000
101  -0.005000
102   0.035000
103   0.070000
104  -0.030000
105   0.100000
106   0.000000
107  -0.010000
108   0.010000
109  -0.040000
110   0.045000
111   0.100000
112  -0.090000
113  -0.045000
114   0.090000
115   0.080000
116  -0.045000
117  -0.035000
118  -0.030000
119   0.005000
120   0.060000
121   0.000000
122   0.080000
123  -0.080000
124   0.085000
125   0.050000
126  -0.010000
127  -0.015000
128   0.055000
129   0.030000
130   0.040000
131   0.010000
132  -0.060000
133  -0.025000
134  -0.015000
135  -0.020000
136   0.020000
137  -0.085000
138   0.010000
139  -0.015000
140   0.000000
141   0.020000
142   0.000000
143   0.045000
144  -0.015000
145  -0.020000
146  -0.040000
147  -0.030000
148   0.085000
149  -0.060000
150   0.080000
151   0.055000
152   0.020000
153   0.010000
154  -0.090000
155   0.020000
156  -0.020000
157   0.055000
158  -0.005000
159   0.030000
160  -0.020000
161   0.010000
162   0.000000
163  -0.090000
164  -0.015000
165   0.010000
166  -0.010000
167   0.005000
168  -0.065000
169   0.020000
170  -0.015000
171   0.025000
172  -0.065000
173   0.095000
174  -0.040000
175  -0.030000
176   0.040000
177  -0.045000
178  -0.040000
179  -0.050000
180   0.035000
181   0.025000
182   0.085000
183   0.000000
184  -0.010000
185  -0.040000
186   0.000000
187  -0.055000
188   0.085000
189   0.070000
190   0.035000
191   0.050000
192  -0.005000
193  -0.040000
194  -0.095000
195  -0.040000
196  -0.055000
197  -0.025000
198  -0.030000
199   0.040000
200  -0.110000
201   0.040000
202   0.005000
203   0.100000
204   0.090000
205   0.090000
206  -0.085000
207   0.045000
208  -0.010000
209  -0.020000
210  -0.015000
211  -0.080000
212  -0.035000
213  -0.000000
214  -0.045000
215  -0.005000
216  -0.030000
217   0.010000
218   0.010000
219  -0.040000
220  -0.020000
221   0.040000
222   0.000000
223  -0.065000
224   0.040000
225   0.030000
226  -0.030000
227  -0.035000
228   0.080000
229   0.035000
230   0.045000
231   0.060000
232   0.020000
233   0.075000
234   0.025000
235   0.020000
236  -0.005000
237  -0.015000
238   0.035000
239  -0.085000
240  -0.025000
241  -0.120000
242  -0.020000
243   0.005000
244   0.075000
245  -0.015000
246   0.020000
247   0.070000
248   0.050000
249   0.010000
250  -0.045000
251  -0.025000
252   0.125000
253   0.015000
254  -0.010000
255  -0.010000
256   0.115000
257   0.055000
258   0.060000
259   0.050000
260   0.045000
261  -0.005000
262  -0.095000
263   0.025000
264  -0.040000
265   0.060000
266  -0.050000
267   0.005000
268   0.055000
269   0.065000
270  -0.010000
271   0.005000
272   0.060000
273   0.000000
274  -0.005000
275  -0.030000
276  -0.065000
277  -0.120000
278  -0.130000
279   0.040000
280   0.070000
281   0.095000
282   0.045000
283   0.110000
284   0.095000
285   0.025000
286  -0.075000
287  -0.095000
288  -0.030000
289  -0.050000
290  -0.030000
291  -0.005000
292  -0.150000
293  -0.015000
294   0.020000
295  -0.010000
296  -0.030000
297  -0.075000
298  -0.020000
299  -0.035000
300   0.060000
301  -0.075000
302   0.075000
303   0.025000
304   0.020000
305  -0.035000
306  -0.090000
307   0.005000
308  -0.010000
309  -0.105000
310  -0.130000
311  -0.015000
312  -0.020000
313  -0.090000
314  -0.015000
315  -0.065000
316   0.070000
317  -0.020000
318   0.135000
319  -0.005000
320  -0.050000
321   0.005000
322   0.070000
323  -0.015000
324   0.000000
325  -0.065000
326   0.040000
327  -0.010000
328  -0.095000
329   0.030000
330  -0.100000
331  -0.025000
332   0.015000
333  -0.020000
334   0.090000
335  -0.005000
336  -0.065000
337  -0.020000
338   0.060000
339  -0.010000
340  -0.035000
341  -0.035000
342   0.115000
343   0.070000
344   0.005000
345  -0.005000
346  -0.135000
347  -0.020000
348  -0.030000
349  -0.030000
350   0.005000
351   0.005000
352  -0.020000
353  -0.010000
354   0.025000
355   0.005000
356   0.000000
357  -0.070000
358   0.060000
359   0.010000
360   0.040000
361  -0.025000
362   0.050000
363  -0.020000
364   0.000000
365   0.110000
366  -0.005000
367  -0.035000
368  -0.060000
369  -0.100000
370   0.050000
371  -0.030000
372   0.045000
373  -0.045000
374  -0.020000
375  -0.005000
376  -0.030000
377   0.010000
378   0.000000
379  -0.030000
380  -0.035000
381   0.015000
382   0.090000
383  -0.055000
384  -0.020000
385  -0.010000
386  -0.015000
387  -0.005000
388  -0.030000
389  -0.020000
390   0.035000
391   0.030000
392  -0.010000
393  -0.015000
394   0.080000
395  -0.050000
396  -0.030000
397   0.010000
398   0.035000
399  -0.025000
400  -0.025000
401   0.060000
402   0.010000
403   0.090000
404  -0.005000
405   0.005000
406   0.100000
407  -0.045000
408   0.040000
409   0.045000
410  -0.040000
411   0.085000
412  -0.080000
413  -0.025000
414   0.020000
415  -0.075000
416  -0.065000
417  -0.030000
418   0.115000
419   0.000000
420  -0.010000
421   0.025000
422  -0.025000
423   0.000000
424  -0.060000
425  -0.015000
426  -0.030000
427  -0.005000
428   0.015000
429  -0.110000
430   0.025000
431  -0.115000
432   0.050000
433  -0.025000
434  -0.020000
435   0.085000
436  -0.060000
437   0.080000
438  -0.045000
439   0.050000
440   0.045000
441  -0.035000
442  -0.005000
443  -0.050000
444   0.075000
445   0.090000
446   0.005000
447  -0.065000
448  -0.010000
449  -0.030000
450   0.015000
451   0.055000
452  -0.085000
453   0.040000
454   0.025000
455  -0.025000
456  -0.055000
457   0.025000
458   0.065000
459   0.015000
460  -0.060000
461   0.060000
462   0.020000
463  -0.075000
464   0.055000
465   0.065000
466   0.030000
467   0.015000
468  -0.025000
469  -0.045000
470  -0.025000
471  -0.010000
472   0.065000
473   0.080000
474   0.060000
475  -0.095000
476   0.025000
477  -0.060000
478  -0.030000
479  -0.065000
480  -0.075000
481   0.015000
482  -0.030000
483   0.005000
484   0.080000
485  -0.135000
486  -0.055000
487   0.000000
488  -0.005000
489  -0.015000
490   0.035000
491   0.075000
492   0.045000
493  -0.060000
494   0.020000
495   0.000000
496   0.005000
497  -0.010000
498  -0.050000
499  -0.065000
500   0.090000
-499   0.030000
-498  -0.055000
-497  -0.115000
-496  -0.095000
-495  -0.070000
-494  -0.115000
-493  -0.035000
-492  -0.005000
-491   0.000000
-490  -0.020000
-489  -0.020000
-488  -0.050000
-487  -0.030000
-486   0.030000
-485   0.005000
-484  -0.025000
-483  -0.010000
-482   0.030000
-481   0.030000
-480  -0.020000
-479   0.050000
-478  -0.015000
-477   0.005000
-476   0.030000
-475   0.015000
-474  -0.050000
-473   0.040000
-472  -0.015000
-471  -0.060000
-470  -0.055000
-469   0.035000
-468  -0.075000
-467   0.025000
-466   0.015000
-465  -0.020000
-464  -0.025000
-463   0.080000
-462   0.080000
-461  -0.015000
-460   0.050000
-459  -0.010000
-458   0.030000
-457   0.020000
-456  -0.020000
-455   0.080000
-454   0.005000
-453   0.015000
-452  -0.020000
-451  -0.035000
-450   0.025000
-449  -0.040000
-448   0.030000
-447  -0.035000
-446  -0.030000
-445  -0.030000
-444   0.030000
-443   0.040000
-442   0.055000
-441   0.030000
-440   0.065000
-439   0.050000
-438  -0.030000
-437  -0.030000
-436  -0.025000
-435   0.080000
-434   0.005000
-433  -0.025000
-432  -0.060000
-431   0.015000
-430   0.020000
-429   0.005000
-428  -0.035000
-427   0.025000
-426   0.045000
-425   0.040000
-424   0.005000
-423   0.030000
-422  -0.040000
-421   0.070000
-420   0.020000
-419   0.050000
-418  -0.030000
-417  -0.005000
-416  -0.115000
-415  -0.000000
-414  -0.040000
-413   0.090000
-412   0.005000
-411  -0.035000
-410  -0.010000
-409   0.080000
-408   0.045000
-407  -0.020000
-406  -0.035000
-405   0.020000
-404   0.075000
-403   0.065000
-402   0.010000
-401  -0.010000
-400  -0.030000
-399   0.075000
-398  -0.045000
-397  -0.030000
-396  -0.140000
-395  -0.050000
-394   0.005000
-393   0.075000
-392  -0.090000
-391   0.015000
-390  -0.120000
-389  -0.050000
-388  -0.010000
-387   0.030000
-386   0.030000
-385   0.030000
-384  -0.045000
-383   0.050000
-382   0.135000
-381   0.030000
-380   0.005000
-379   0.065000
-378   0.045000
-377   0.030000
-376  -0.010000
-375   0.010000
-374  -0.000000
-373   0.075000
-372  -0.070000
-371  -0.055000
-370   0.085000
-369   0.085000
-368   0.000000
-367  -0.045000
-366  -0.035000
-365   0.025000
-364   0.015000
-363   0.035000
-362  -0.005000
-361   0.065000
-360   0.120000
-359   0.015000
-358  -0.050000
-357  -0.035000
-356   0.075000
-355  -0.060000
-354   0.020000
-353  -0.080000
-352   0.055000
-351   0.065000
-350  -0.030000
-349  -0.010000
-348   0.010000
-347  -0.005000
-346   0.030000
-345   0.010000
-344   0.070000
-343   0.035000
-342  -0.055000
-341   0.100000
-340   0.120000
-339   0.000000
-338   0.035000
-337  -0.005000
-336   0.075000
-335   0.025000
-334  -0.060000
-333  -0.040000
-332  -0.050000
-331  -0.135000
-330   0.025000
-329   0.070000
-328   0.055000
-327   0.080000
-326  -0.010000
-325   0.050000
-324  -0.015000
-323   0.020000
-322   0.005000
-321   0.060000
-320   0.085000
-319   0.035000
-318  -0.075000
-317  -0.020000
-316   0.055000
-315  -0.025000
-314  -0.100000
-313  -0.050000
-312   0.020000
-311  -0.005000
-310   0.025000
-309   0.065000
-308   0.020000
-307  -0.025000
-306  -0.070000
-305   0.005000
-304   0.035000
-303   0.010000
-302   0.055000
-301  -0.050000
-300  -0.045000
-299   0.020000
-298   0.000000
-297  -0.020000
-296   0.035000
-295  -0.010000
-294   0.020000
-293   0.025000
-292  -0.070000
-291  -0.080000
-290   0.020000
-289  -0.025000
-288   0.015000
-287  -0.055000
-286   0.025000
-285  -0.015000
-284   0.080000
-283  -0.030000
-282  -0.065000
-281   0.075000
-280  -0.030000
-279  -0.055000
-278  -0.015000
-277  -0.005000
-276   0.010000
-275  -0.070000
-274   0.045000
-273   0.025000
-272  -0.030000
-271  -0.030000
-270   0.055000
-269  -0.035000
-268   0.020000
-267  -0.055000
-266   0.050000
-265  -0.020000
-264  -0.075000
-263   0.070000
-262   0.060000
-261   0.010000
-260  -0.065000
-259  -0.040000
-258  -0.035000
-257  -0.035000
-256   0.020000
-255   0.085000
-254   0.045000
-253   0.010000
-252   0.065000
-251  -0.030000
-250   0.065000
-249  -0.030000
-248   0.030000
-247   0.005000
-246  -0.035000
-245  -0.015000
-244   0.075000
-243   0.025000
-242   0.040000
-241   0.075000
-240  -0.020000
-239   0.040000
-238   0.000000
-237  -0.020000
-236   0.065000
-235  -0.055000
-234   0.020000
-233   0.020000
-232   0.065000
-231   0.070000
-230  -0.065000
-229   0.045000
-228  -0.040000
-227   0.040000
-226   0.050000
-225   0.005000
-224  -0.040000
-223  -0.015000
-222  -0.055000
-221   0.035000
-220   0.065000
-219  -0.075000
-218   0.000000
-217  -0.055000
-216  -0.015000
-215   0.015000
-214  -0.010000
-213   0.050000
-212  -0.035000
-211   0.055000
-210   0.000000
-209   0.000000
-208   0.010000
-207   0.025000
-206  -0.030000
-205  -0.030000
-204   0.020000
-203  -0.025000
-202  -0.010000
-201  -0.050000
-200   0.020000
-199   0.000000
-198   0.065000
-197   0.025000
-196  -0.015000
-195  -0.045000
-194   0.045000
-193   0.010000
-192   0.015000
-191  -0.065000
-190   0.015000
-189   0.035000
-188  -0.060000
-187  -0.050000
-186   0.005000
-185  -0.005000
-184  -0.055000
-183   0.040000
-182   0.020000
-181   0.100000
-180  -0.025000
-179   0.030000
-178   0.030000
-177   0.015000
-176   0.070000
-175  -0.055000
-174   0.035000
-173  -0.070000
-172   0.030000
-171   0.040000
-170   0.025000
-169   0.005000
-168   0.050000
-167   0.065000
-166  -0.080000
-165   0.025000
-164   0.010000
-163   0.035000
-162   0.005000
-161   0.000000
-160   0.070000
-159  -0.085000
-158   0.000000
-157  -0.065000
-156   0.015000
-155   0.000000
-154   0.015000
-153   0.010000
-152  -0.035000
-151  -0.005000
-150  -0.030000
-149  -0.030000
-148  -0.065000
-147   0.025000
-146  -0.075000
-145  -0.115000
-144   0.010000
-143   0.045000
-142   0.075000
-141   0.020000
-140   0.085000
-139   0.090000
-138   0.005000
-137  -0.035000
-136   0.040000
-135   0.035000
-134  -0.075000
-133  -0.005000
-132  -0.005000
-131   0.015000
-130  -0.030000
-129   0.045000
-128  -0.060000
-127  -0.065000
-126   0.010000
-125  -0.000000
-124  -0.095000
-123  -0.020000
-122  -0.030000
-121  -0.040000
-120   0.020000
-119  -0.030000
-118  -0.055000
-117   0.050000
-116   0.020000
-115   0.070000
-114  -0.010000
-113   0.075000
-112   0.005000
-111  -0.020000
-110   0.010000
-109  -0.040000
-108   0.000000
-107  -0.030000
-106  -0.060000
-105   0.090000
-104  -0.050000
-103  -0.085000
-102  -0.015000
-101   0.010000
-100   0.015000
-99  -0.010000
-98   0.100000
-97   0.030000
-96  -0.090000
-95  -0.035000
-94  -0.020000
-93   0.010000
-92  -0.000000
-91   0.000000
-90   0.050000
-89   0.020000
-88   0.005000
-87   0.080000
-86  -0.055000
-85  -0.025000
-84  -0.040000
-83  -0.015000
-82  -0.005000
-81  -0.010000
-80   0.020000
-79  -0.065000
-78  -0.110000
-77  -0.065000
-76   0.015000
-75  -0.050000
-74   0.035000
-73   0.015000
-72   0.005000
-71  -0.025000
-70   0.035000
-69   0.005000
-68  -0.055000
-67   0.040000
-66  -0.010000
-65  -0.060000
-64  -0.120000
-63  -0.000000
-62   0.065000
-61   0.030000
-60  -0.065000
-59   0.055000
-58   0.020000
-57   0.075000
-56   0.020000
-55   0.015000
-54  -0.015000
-53   0.030000
-52  -0.070000
-51  -0.050000
-50  -0.030000
-49   0.040000
-48  -0.045000
-47  -0.065000
-46  -0.070000
-45  -0.030000
-44   0.035000
-43   0.005000
-42  -0.020000
-41  -0.035000
-40   0.020000
-39  -0.000000
-38   0.015000
-37  -0.050000
-36   0.075000
-35  -0.085000
-34   0.075000
-33  -0.015000
-32   0.070000
-31   0.010000
-30   0.035000
-29  -0.010000
-28   0.005000
-27   0.025000
-26  -0.030000
-25  -0.035000
-24  -0.070000
-23   0.010000
-22   0.020000
-21   0.055000
-20   0.040000
-19  -0.005000
-18   0.030000
-17   0.065000
-16   0.040000
-15  -0.065000
-14  -0.015000
-13  -0.065000
-12   0.020000
-11   0.040000
-10   0.020000
-9  -0.005000
-8  -0.005000
-7  -0.015000
-6   0.015000
-5   0.100000
-4   0.020000
-3  -0.075000
-2   0.015000
-1   0.135000
