0  -0.025000
1   0.045000
2   0.040000
3  -0.015000
4  -0.070000
5  -0.005000
6   0.095000
7   0.010000
8   0.085000
9   0.080000
10  -0.000000
11  -0.085000
12   0.045000
13   0.045000
14   0.075000
15  -0.045000
16   0.035000
17  -0.040000
18   0.030000
19   0.105000
20   0.025000
21   0.005000
22   0.015000
23  -0.020000
24   0.020000
25  -0.015000
26  -0.010000
27   0.035000
28  -0.040000
29   0.010000
30   0.065000
31   0.020000
32  -0.015000
33  -0.020000
34  -0.030000
35   0.025000
36   0.065000
37  -0.065000
38  -0.025000
39   0.040000
40  -0.035000
41  -0.090000
42   0.070000
43   0.040000
44  -0.020000
45  -0.070000
46  -0.025000
47   0.005000
48   0.075000
49  -0.085000
50   0.050000
51   0.055000
52   0.055000
53  -0.000000
54  -0.085000
55   0.085000
56   0.100000
57   0.095000
58  -0.050000
59   0.040000
60  -0.025000
61   0.000000
62   0.005000
63  -0.015000
64  -0.005000
65   0.025000
66   0.030000
67   0.140000
68   0.015000
69  -0.065000
70   0.040000
71  -0.045000
72  -0.005000
73   0.000000
74  -0.105000
75   0.095000
76   0.025000
77   0.040000
78   0.025000
79   0.020000
80   0.025000
81  -0.025000
82   0.030000
83  -0.035000
84  -0.025000
85  -0.025000
86  -0.005000
87   0.030000
88   0.010000
89   0.025000
90   0.010000
91   0.020000
92  -0.045000
93   0.075000
94  -0.025000
95   0.110000
96  -0.085000
97   0.065000
98   0.095000
99  -0.025000
100   0.025000
101   0.085000
102  -0.015000
103  -0.060000
104  -0.035000
105   0.110000
106  -0.005000
107   0.050000
108   0.105000
109   0.015000
110  -0.100000
111   0.040000
112  -0.045000
113   0.015000
114  -0.030000
115  -0.050000
116  -0.020000
117   0.005000
118   0.035000
119   0.025000
120  -0.015000
121  -0.125000
122  -0.095000
123   0.020000
124   0.005000
125   0.020000
126   0.005000
127  -0.010000
128   0.040000
129  -0.035000
130   0.040000
131  -0.055000
132  -0.030000
133   0.040000
134   0.090000
135   0.015000
136   0.025000
137  -0.020000
138  -0.070000
139   0.060000
140  -0.080000
141  -0.075000
142   0.025000
143  -0.110000
144   0.070000
145  -0.005000
146   0.010000
147  -0.020000
148   0.055000
149   0.030000
150   0.035000
151   0.030000
152  -0.150000
153  -0.020000
154   0.075000
155   0.060000
156   0.055000
157  -0.070000
158  -0.010000
159   0.105000
160  -0.060000
161  -0.060000
162  -0.050000
163   0.020000
164   0.000000
165  -0.035000
166  -0.005000
167  -0.055000
168  -0.050000
169  -0.030000
170   0.050000
171   0.020000
172   0.015000
173   0.050000
174   0.040000
175   0.070000
176  -0.040000
177  -0.075000
178  -0.005000
179   0.005000
180  -0.035000
181  -0.120000
182  -0.015000
183  -0.090000
184   0.085000
185  -0.030000
186  -0.010000
187  -0.010000
188  -0.005000
189   0.115000
190  -0.065000
191  -0.030000
192  -0.010000
193   0.015000
194   0.065000
195   0.080000
196   0.075000
197  -0.040000
198  -0.075000
199  -0.005000
200   0.060000
201   0.005000
202  -0.055000
203   0.020000
204  -0.020000
205   0.115000
206  -0.000000
207  -0.015000
208   0.060000
209  -0.090000
210   0.000000
211  -0.040000
212   0.050000
213   0.045000
214   0.035000
215   0.115000
216   0.095000
217  -0.030000
218   0.075000
219   0.000000
220   0.085000
221  -0.025000
222  -0.020000
223  -0.005000
224   0.080000
225  -0.040000
226  -0.025000
227  -0.065000
228   0.015000
229   0.060000
230   0.040000
231  -0.005000
232   0.040000
233  -0.050000
234   0.010000
235   0.000000
236   0.120000
237  -0.010000
238  -0.005000
239  -0.060000
240  -0.055000
241  -0.080000
242   0.065000
243   0.015000
244  -0.025000
245  -0.005000
246   0.035000
247   0.005000
248   0.045000
249   0.015000
250   0.010000
251  -0.070000
252   0.005000
253  -0.015000
254  -0.025000
255   0.095000
256   0.045000
257   0.035000
258  -0.020000
259   0.020000
260  -0.010000
261   0.000000
262  -0.075000
263   0.000000
264  -0.055000
265  -0.020000
266  -0.040000
267  -0.070000
268   0.025000
269  -0.060000
270  -0.050000
271  -0.020000
272  -0.035000
273  -0.100000
274   0.045000
275   0.050000
276  -0.015000
277  -0.045000
278  -0.080000
279  -0.090000
280  -0.030000
281   0.070000
282   0.085000
283   0.010000
284   0.005000
285  -0.065000
286   0.110000
287  -0.170000
288  -0.065000
289   0.030000
290  -0.055000
291  -0.070000
292   0.030000
293  -0.055000
294  -0.075000
295   0.085000
296  -0.020000
297   0.080000
298  -0.040000
299   0.065000
300   0.010000
301   0.015000
302  -0.105000
303   0.040000
304   0.075000
305   0.020000
306  -0.005000
307  -0.020000
308   0.000000
309  -0.020000
310  -0.060000
311  -0.025000
312   0.015000
313  -0.040000
314  -0.020000
315   0.040000
316   0.200000
317   0.045000
318   0.095000
319   0.045000
320   0.025000
321   0.130000
322  -0.005000
323  -0.035000
324   0.060000
325   0.055000
326   0.050000
327   0.055000
328  -0.035000
329   0.010000
330   0.030000
331   0.015000
332  -0.050000
333   0.010000
334  -0.035000
335  -0.095000
336  -0.000000
337   0.015000
338  -0.050000
339  -0.030000
340  -0.055000
341  -0.085000
342  -0.055000
343   0.015000
344  -0.050000
345   0.005000
346   0.030000
347  -0.025000
348  -0.020000
349   0.070000
350   0.000000
351   0.015000
352  -0.005000
353   0.060000
354   0.075000
355   0.005000
356  -0.045000
357   0.090000
358   0.050000
359   0.045000
360   0.015000
361  -0.070000
362   0.040000
363   0.035000
364  -0.055000
365  -0.095000
366  -0.040000
367  -0.005000
368   0.050000
369   0.095000
370   0.005000
371  -0.065000
372   0.010000
373   0.010000
374   0.065000
375   0.005000
376  -0.020000
377  -0.025000
378  -0.030000
379   0.015000
380  -0.065000
381  -0.010000
382  -0.005000
383   0.035000
384   0.030000
385  -0.060000
386  -0.025000
387   0.015000
388   0.025000
389   0.075000
390   0.020000
391   0.105000
392   0.100000
393   0.005000
394   0.040000
395  -0.000000
396  -0.040000
397  -0.030000
398   0.040000
399  -0.040000
400  -0.070000
401   0.010000
402   0.040000
403   0.045000
404  -0.015000
405  -0.070000
406  -0.080000
407   0.030000
408   0.030000
409   0.055000
410  -0.040000
411  -0.065000
412   0.025000
413   0.080000
414   0.105000
415   0.130000
416  -0.060000
417   0.015000
418  -0.035000
419   0.010000
420   0.060000
421  -0.015000
422   0.065000
423   0.050000
424  -0.050000
425  -0.005000
426   0.030000
427   0.045000
428   0.070000
429  -0.015000
430  -0.010000
431  -0.060000
432  -0.010000
433   0.015000
434   0.040000
435  -0.025000
436   0.045000
437   0.060000
438   0.015000
439  -0.025000
440   0.010000
441   0.010000
442   0.015000
443   0.010000
444  -0.040000
445  -0.040000
446  -0.030000
447  -0.010000
448  -0.030000
449   0.050000
450   0.050000
451   0.025000
452   0.025000
453  -0.015000
454   0.000000
455   0.035000
456  -0.050000
457  -0.015000
458  -0.035000
459   0.000000
460  -0.010000
461   0.010000
462   0.075000
463   0.045000
464  -0.110000
465  -0.045000
466  -0.065000
467   0.020000
468   0.040000
469   0.035000
470  -0.015000
471   0.000000
472  -0.015000
473   0.085000
474   0.020000
475  -0.020000
476  -0.040000
477  -0.040000
478  -0.005000
479   0.010000
480   0.020000
481  -0.040000
482   0.065000
483  -0.050000
484   0.045000
485   0.030000
486  -0.025000
487   0.035000
488   0.070000
489   0.040000
490  -0.040000
491   0.055000
492  -0.055000
493   0.135000
494   0.030000
495  -0.065000
496  -0.020000
497  -0.060000
498   0.005000
499   0.055000
500   0.055000
-499   0.010000
-498  -0.050000
-497   0.015000
-496   0.040000
-495   0.015000
-494   0.030000
-493   0.080000
-492  -0.055000
-491   0.035000
-490  -0.000000
-489   0.105000
-488   0.015000
-487   0.085000
-486  -0.010000
-485  -0.085000
-484   0.060000
-483  -0.055000
-482  -0.005000
-481  -0.005000
-480   0.055000
-479  -0.055000
-478   0.020000
-477   0.095000
-476   0.065000
-475  -0.020000
-474  -0.045000
-473  -0.045000
-472  -0.105000
-471   0.050000
-470   0.075000
-469   0.005000
-468   0.000000
-467  -0.045000
-466  -0.040000
-465  -0.020000
-464   0.010000
-463   0.045000
-462   0.065000
-461   0.030000
-460   0.010000
-459  -0.015000
-458  -0.005000
-457   0.070000
-456  -0.015000
-455  -0.030000
-454  -0.030000
-453   0.060000
-452  -0.035000
-451  -0.040000
-450  -0.010000
-449  -0.045000
-448  -0.095000
-447   0.015000
-446  -0.075000
-445   0.005000
-444   0.005000
-443   0.045000
-442  -0.010000
-441  -0.055000
-440   0.000000
-439   0.090000
-438   0.025000
-437  -0.070000
-436   0.015000
-435  -0.070000
-434  -0.010000
-433   0.015000
-432   0.045000
-431   0.095000
-430   0.015000
-429  -0.025000
-428   0.000000
-427   0.035000
-426  -0.125000
-425   0.125000
-424   0.025000
-423  -0.005000
-422   0.005000
-421  -0.040000
-420   0.055000
-419  -0.015000
-418  -0.075000
-417  -0.050000
-416   0.075000
-415  -0.005000
-414  -0.035000
-413  -0.075000
-412   0.095000
-411  -0.100000
-410  -0.010000
-409  -0.075000
-408   0.050000
-407   0.010000
-406  -0.030000
-405   0.040000
-404   0.060000
-403   0.015000
-402   0.035000
-401   0.010000
-400   0.000000
-399  -0.025000
-398   0.025000
-397  -0.040000
-396  -0.065000
-395  -0.035000
-394   0.035000
-393   0.000000
-392  -0.040000
-391  -0.010000
-390  -0.005000
-389   0.075000
-388  -0.060000
-387   0.010000
-386  -0.030000
-385   0.010000
-384  -0.005000
-383   0.085000
-382  -0.030000
-381  -0.005000
-380   0.070000
-379  -0.000000
-378  -0.060000
-377   0.085000
-376  -0.015000
-375   0.000000
-374  -0.060000
-373   0.055000
-372  -0.110000
-371   0.055000
-370   0.035000
-369  -0.015000
-368   0.005000
-367   0.060000
-366  -0.035000
-365  -0.015000
-364  -0.015000
-363   0.040000
-362  -0.070000
-361   0.020000
-360  -0.015000
-359  -0.050000
-358   0.005000
-357   0.010000
-356  -0.045000
-355  -0.030000
-354   0.050000
-353   0.010000
-352  -0.015000
-351  -0.035000
-350   0.075000
-349  -0.005000
-348   0.100000
-347   0.040000
-346  -0.015000
-345  -0.060000
-344  -0.055000
-343  -0.010000
-342   0.000000
-341  -0.010000
-340  -0.035000
-339   0.050000
-338   0.055000
-337   0.050000
-336   0.010000
-335   0.140000
-334  -0.085000
-333  -0.030000
-332  -0.035000
-331   0.025000
-330   0.140000
-329  -0.070000
-328  -0.020000
-327  -0.035000
-326   0.035000
-325  -0.050000
-324   0.085000
-323  -0.065000
-322  -0.010000
-321  -0.010000
-320   0.040000
-319  -0.075000
-318  -0.060000
-317  -0.005000
-316  -0.020000
-315   0.110000
-314   0.115000
-313  -0.020000
-312  -0.005000
-311  -0.040000
-310  -0.030000
-309   0.005000
-308  -0.055000
-307   0.045000
-306   0.010000
-305  -0.130000
-304  -0.030000
-303   0.015000
-302  -0.005000
-301   0.035000
-300   0.065000
-299   0.060000
-298   0.040000
-297  -0.055000
-296   0.025000
-295   0.055000
-294  -0.065000
-293  -0.090000
-292   0.000000
-291  -0.020000
-290   0.030000
-289   0.015000
-288  -0.050000
-287   0.095000
-286   0.015000
-285  -0.025000
-284  -0.015000
-283  -0.025000
-282  -0.010000
-281  -0.010000
-280  -0.005000
-279  -0.025000
-278   0.010000
-277  -0.045000
-276   0.065000
-275   0.060000
-274   0.090000
-273  -0.005000
-272  -0.030000
-271   0.025000
-270   0.035000
-269   0.100000
-268  -0.035000
-267   0.010000
-266   0.025000
-265   0.030000
-264  -0.040000
-263   0.030000
-262   0.085000
-261  -0.015000
-260   0.105000
-259   0.035000
-258  -0.030000
-257   0.110000
-256   0.015000
-255   0.015000
-254  -0.060000
-253   0.065000
-252  -0.065000
-251   0.085000
-250   0.075000
-249   0.115000
-248   0.025000
-247   0.005000
-246   0.075000
-245  -0.065000
-244  -0.005000
-243   0.045000
-242   0.040000
-241  -0.030000
-240   0.005000
-239  -0.030000
-238  -0.075000
-237  -0.055000
-236   0.040000
-235   0.015000
-234   0.040000
-233   0.040000
-232   0.005000
-231  -0.050000
-230  -0.000000
-229   0.015000
-228   0.085000
-227   0.035000
-226  -0.075000
-225  -0.015000
-224  -0.070000
-223  -0.055000
-222  -0.020000
-221  -0.035000
-220  -0.035000
-219  -0.080000
-218   0.035000
-217   0.095000
-216   0.040000
-215   0.030000
-214   0.000000
-213   0.115000
-212  -0.040000
-211   0.005000
-210  -0.000000
-209  -0.080000
-208  -0.095000
-207   0.010000
-206   0.100000
-205  -0.065000
-204  -0.000000
-203  -0.050000
-202   0.015000
-201  -0.005000
-200  -0.035000
-199  -0.055000
-198   0.050000
-197  -0.015000
-196   0.030000
-195   0.015000
-194  -0.045000
-193  -0.120000
-192  -0.025000
-191  -0.015000
-190   0.025000
-189  -0.120000
-188  -0.070000
-187  -0.005000
-186   0.010000
-185  -0.115000
-184   0.085000
-183  -0.000000
-182  -0.025000
-181  -0.055000
-180   0.030000
-179   0.060000
-178   0.030000
-177  -0.050000
-176  -0.030000
-175  -0.020000
-174  -0.050000
-173  -0.045000
-172  -0.015000
-171   0.010000
-170   0.015000
-169  -0.015000
-168  -0.110000
-167   0.005000
-166  -0.010000
-165  -0.065000
-164   0.055000
-163   0.000000
-162   0.000000
-161   0.090000
-160  -0.015000
-159   0.070000
-158  -0.035000
-157  -0.050000
-156  -0.005000
-155   0.000000
-154   0.020000
-153   0.015000
-152  -0.005000
-151   0.045000
-150  -0.030000
-149   0.020000
-148  -0.015000
-147   0.030000
-146   0.025000
-145   0.080000
-144  -0.005000
-143  -0.015000
-142  -0.045000
-141  -0.025000
-140  -0.005000
-139   0.020000
-138   0.010000
-137  -0.010000
-136   0.030000
-135   0.045000
-134   0.010000
-133   0.020000
-132   0.050000
-131  -0.005000
-130   0.075000
-129  -0.045000
-128   0.010000
-127  -0.045000
-126   0.030000
-125   0.040000
-124   0.060000
-123   0.070000
-122   0.005000
-121   0.045000
-120   0.045000
-119   0.010000
-118  -0.040000
-117  -0.020000
-116  -0.055000
-115   0.030000
-114  -0.015000
-113  -0.045000
-112  -0.000000
-111  -0.040000
-110   0.030000
-109  -0.015000
-108   0.040000
-107  -0.015000
-106  -0.050000
-105  -0.075000
-104  -0.065000
-103   0.020000
-102  -0.005000
-101  -0.035000
-100   0.130000
-99   0.015000
-98   0.080000
-97  -0.065000
-96   0.025000
-95  -0.050000
-94   0.060000
-93  -0.035000
-92   0.030000
-91   0.040000
-90   0.020000
-89   0.025000
-88   0.020000
-87  -0.010000
-86   0.020000
-85   0.045000
-84   0.050000
-83   0.000000
-82  -0.085000
-81  -0.035000
-80  -0.020000
-79   0.075000
-78  -0.005000
-77  -0.015000
-76  -0.015000
-75  -0.005000
-74   0.075000
-73  -0.030000
-72  -0.020000
-71   0.030000
-70   0.145000
-69  -0.005000
-68   0.045000
-67   0.100000
-66  -0.010000
-65   0.005000
-64   0.035000
-63  -0.010000
-62  -0.050000
-61   0.125000
-60  -0.090000
-59   0.020000
-58  -0.070000
-57   0.005000
-56  -0.020000
-55  -0.025000
-54  -0.000000
-53  -0.060000
-52   0.015000
-51  -0.000000
-50   0.050000
-49   0.085000
-48  -0.030000
-47   0.045000
-46  -0.035000
-45   0.030000
-44   0.005000
-43  -0.050000
-42  -0.095000
-41  -0.025000
-40  -0.090000
-39   0.040000
-38  -0.020000
-37   0.025000
-36  -0.030000
-35   0.055000
-34   0.000000
-33   0.020000
-32   0.010000
-31   0.075000
-30   0.055000
-29  -0.015000
-28   0.005000
-27   0.050000
-26   0.040000
-25  -0.020000
-24   0.010000
-23  -0.025000
-22   0.020000
-21  -0.015000
-20  -0.005000
-19  -0.040000
-18   0.000000
-17  -0.010000
-16  -0.055000
-15  -0.145000
-14   0.045000
-13   0.080000
-12   0.035000
-11  -0.025000
-10   0.010000
-9  -0.050000
-8   0.010000
-7  -0.020000
-6   0.010000
-5  -0.075000
-4  -0.035000
-3   0.030000
-2  -0.035000
-1   0.065000
