0  -0.095000
1   0.035000
2   0.025000
3  -0.030000
4   0.015000
5  -0.045000
6  -0.050000
7   0.005000
8  -0.055000
9   0.025000
10   0.005000
11   0.065000
12  -0.050000
13   0.025000
14  -0.070000
15  -0.000000
16  -0.060000
17   0.010000
18   0.045000
19   0.030000
20   0.000000
21  -0.055000
22  -0.010000
23  -0.100000
24   0.030000
25  -0.040000
26  -0.025000
27  -0.005000
28   0.000000
29   0.025000
30  -0.015000
31  -0.015000
32   0.040000
33  -0.050000
34  -0.025000
35  -0.030000
36   0.015000
37   0.120000
38   0.030000
39   0.030000
40   0.035000
41   0.050000
42  -0.015000
43  -0.010000
44  -0.095000
45  -0.020000
46  -0.020000
47  -0.100000
48   0.020000
49  -0.010000
50  -0.095000
51   0.035000
52  -0.015000
53   0.065000
54   0.070000
55  -0.070000
56   0.020000
57  -0.085000
58   0.020000
59   0.020000
60   0.025000
61   0.020000
62  -0.085000
63   0.055000
64   0.040000
65   0.020000
66  -0.020000
67  -0.065000
68  -0.035000
69   0.045000
70   0.000000
71  -0.025000
72  -0.120000
73  -0.030000
74  -0.005000
75   0.075000
76  -0.045000
77   0.070000
78  -0.115000
79  -0.035000
80  -0.035000
81  -0.090000
82  -0.015000
83   0.010000
84  -0.065000
85  -0.015000
86  -0.005000
87   0.010000
88   0.030000
89   0.035000
90   0.015000
91   0.030000
92  -0.025000
93   0.005000
94  -0.045000
95   0.055000
96  -0.020000
97  -0.030000
98   0.020000
99  -0.005000
100  -0.050000
101  -0.055000
102  -0.000000
103   0.025000
104   0.080000
105  -0.000000
106  -0.035000
107  -0.015000
108  -0.025000
109   0.030000
110  -0.055000
111   0.055000
112   0.010000
113  -0.025000
114   0.055000
115   0.130000
116   0.075000
117   0.000000
118   0.075000
119   0.010000
120  -0.025000
121   0.020000
122  -0.000000
123  -0.015000
124  -0.030000
125  -0.040000
126  -0.010000
127   0.040000
128   0.020000
129  -0.060000
130   0.055000
131  -0.005000
132  -0.005000
133   0.095000
134  -0.035000
135   0.090000
136  -0.010000
137   0.005000
138   0.000000
139  -0.050000
140  -0.085000
141  -0.020000
142   0.010000
143  -0.075000
144   0.005000
145   0.025000
146   0.025000
147   0.050000
148   0.085000
149  -0.005000
150   0.005000
151  -0.085000
152  -0.035000
153  -0.035000
154  -0.115000
155   0.095000
156  -0.030000
157   0.050000
158  -0.025000
159  -0.040000
160   0.025000
161  -0.030000
162   0.030000
163   0.020000
164  -0.000000
165  -0.025000
166  -0.050000
167   0.015000
168  -0.000000
169  -0.025000
170  -0.030000
171  -0.050000
172  -0.025000
173  -0.065000
174   0.085000
175  -0.050000
176   0.050000
177  -0.085000
178  -0.005000
179   0.025000
180   0.015000
181  -0.070000
182   0.010000
183  -0.025000
184  -0.030000
185   0.035000
186  -0.065000
187  -0.020000
188   0.025000
189  -0.135000
190  -0.015000
191   0.005000
192  -0.005000
193  -0.045000
194   0.010000
195  -0.050000
196   0.040000
197  -0.000000
198  -0.060000
199  -0.005000
200   0.090000
201   0.030000
202  -0.050000
203  -0.030000
204   0.130000
205   0.075000
206  -0.030000
207   0.085000
208  -0.025000
209   0.015000
210   0.030000
211   0.010000
212   0.040000
213   0.005000
214  -0.015000
215  -0.015000
216  -0.040000
217  -0.085000
218  -0.045000
219   0.050000
220  -0.050000
221  -0.065000
222  -0.020000
223  -0.045000
224   0.075000
225   0.065000
226  -0.025000
227  -0.005000
228   0.070000
229   0.040000
230   0.010000
231   0.055000
232  -0.035000
233   0.060000
234  -0.085000
235  -0.115000
236   0.010000
237  -0.070000
238  -0.050000
239  -0.010000
240   0.000000
241  -0.020000
242  -0.050000
243   0.030000
244  -0.035000
245  -0.055000
246   0.055000
247  -0.030000
248  -0.040000
249  -0.040000
250  -0.035000
251  -0.025000
252   0.005000
253  -0.080000
254  -0.030000
255   0.055000
256  -0.075000
257  -0.070000
258   0.085000
259  -0.020000
260  -0.035000
261  -0.050000
262   0.025000
263   0.040000
264   0.040000
265   0.095000
266  -0.055000
267   0.015000
268  -0.080000
269  -0.115000
270  -0.045000
271  -0.010000
272  -0.015000
273   0.075000
274  -0.030000
275  -0.020000
276   0.010000
277  -0.050000
278   0.040000
279  -0.065000
280  -0.005000
281  -0.025000
282  -0.070000
283  -0.020000
284  -0.010000
285   0.020000
286  -0.050000
287   0.000000
288  -0.050000
289  -0.010000
290  -0.090000
291  -0.075000
292  -0.040000
293   0.080000
294  -0.100000
295  -0.060000
296   0.040000
297   0.040000
298   0.090000
299   0.060000
300  -0.005000
301   0.020000
302  -0.025000
303   0.080000
304  -0.080000
305  -0.040000
306   0.085000
307   0.065000
308   0.035000
309   0.035000
310   0.055000
311  -0.040000
312  -0.120000
313  -0.030000
314  -0.060000
315   0.050000
316  -0.020000
317   0.040000
318   0.055000
319   0.035000
320   0.065000
321   0.020000
322  -0.025000
323  -0.030000
324  -0.065000
325   0.035000
326  -0.090000
327  -0.005000
328  -0.005000
329  -0.005000
330  -0.035000
331  -0.160000
332   0.010000
333  -0.020000
334   0.045000
335  -0.105000
336  -0.095000
337  -0.070000
338   0.070000
339   0.060000
340   0.020000
341   0.050000
342  -0.015000
343   0.050000
344  -0.055000
345   0.035000
346   0.025000
347   0.095000
348   0.000000
349  -0.010000
350   0.065000
351  -0.040000
352   0.020000
353   0.045000
354  -0.065000
355   0.025000
356  -0.100000
357  -0.030000
358   0.015000
359  -0.110000
360   0.040000
361   0.065000
362   0.045000
363   0.010000
364  -0.020000
365  -0.010000
366  -0.070000
367   0.000000
368   0.020000
369  -0.015000
370  -0.040000
371  -0.075000
372   0.025000
373   0.090000
374  -0.020000
375  -0.010000
376   0.065000
377   0.070000
378   0.090000
379   0.060000
380   0.040000
381   0.060000
382   0.045000
383  -0.035000
384  -0.035000
385  -0.030000
386   0.030000
387  -0.020000
388   0.075000
389  -0.045000
390  -0.010000
391   0.030000
392   0.070000
393   0.035000
394  -0.055000
395   0.070000
396   0.075000
397   0.035000
398   0.070000
399  -0.020000
400   0.020000
401   0.025000
402   0.020000
403   0.065000
404  -0.020000
405   0.040000
406   0.080000
407  -0.070000
408  -0.080000
409   0.015000
410   0.035000
411   0.010000
412  -0.020000
413  -0.085000
414  -0.020000
415   0.040000
416  -0.085000
417   0.050000
418   0.075000
419  -0.050000
420   0.025000
421  -0.035000
422  -0.035000
423  -0.070000
424   0.000000
425  -0.020000
426  -0.015000
427   0.055000
428   0.055000
429  -0.005000
430  -0.045000
431  -0.080000
432  -0.050000
433  -0.020000
434   0.065000
435  -0.030000
436  -0.000000
437  -0.090000
438  -0.075000
439   0.015000
440  -0.050000
441   0.010000
442  -0.045000
443  -0.050000
444  -0.065000
445  -0.045000
446  -0.020000
447  -0.035000
448  -0.080000
449  -0.005000
450   0.035000
451   0.015000
452  -0.075000
453  -0.060000
454  -0.035000
455   0.000000
456   0.050000
457  -0.055000
458   0.020000
459   0.060000
460  -0.045000
461   0.025000
462   0.055000
463   0.125000
464   0.075000
465  -0.060000
466  -0.015000
467   0.000000
468   0.040000
469   0.065000
470  -0.040000
471  -0.035000
472   0.055000
473  -0.055000
474  -0.040000
475   0.020000
476   0.075000
477  -0.040000
478  -0.015000
479  -0.025000
480  -0.035000
481   0.000000
482   0.040000
483  -0.035000
484  -0.065000
485  -0.070000
486   0.005000
487  -0.025000
488   0.050000
489   0.005000
490  -0.010000
491   0.025000
492   0.020000
493  -0.000000
494   0.135000
495   0.085000
496   0.030000
497   0.035000
498   0.040000
499  -0.005000
500   0.010000
-499  -0.035000
-498  -0.050000
-497  -0.025000
-496  -0.060000
-495   0.035000
-494   0.035000
-493   0.055000
-492  -0.060000
-491   0.010000
-490   0.005000
-489   0.085000
-488  -0.015000
-487  -0.060000
-486  -0.070000
-485   0.005000
-484  -0.010000
-483  -0.000000
-482  -0.035000
-481   0.030000
-480  -0.000000
-479  -0.055000
-478   0.015000
-477   0.035000
-476  -0.020000
-475   0.005000
-474   0.115000
-473   0.020000
-472   0.050000
-471   0.005000
-470  -0.015000
-469   0.045000
-468   0.035000
-467   0.025000
-466   0.020000
-465   0.045000
-464   0.020000
-463  -0.040000
-462   0.050000
-461   0.040000
-460   0.060000
-459  -0.020000
-458  -0.005000
-457  -0.015000
-456  -0.015000
-455   0.110000
-454   0.090000
-453   0.075000
-452  -0.040000
-451   0.020000
-450  -0.085000
-449  -0.055000
-448   0.060000
-447   0.000000
-446  -0.025000
-445  -0.065000
-444   0.000000
-443  -0.060000
-442  -0.080000
-441  -0.035000
-440  -0.105000
-439   0.005000
-438   0.025000
-437  -0.070000
-436  -0.025000
-435  -0.125000
-434   0.105000
-433   0.055000
-432   0.040000
-431   0.015000
-430   0.080000
-429  -0.030000
-428  -0.035000
-427   0.080000
-426   0.085000
-425  -0.050000
-424   0.055000
-423  -0.050000
-422  -0.085000
-421   0.010000
-420   0.030000
-419  -0.085000
-418  -0.010000
-417   0.030000
-416   0.040000
-415  -0.020000
-414   0.075000
-413  -0.085000
-412   0.125000
-411   0.000000
-410  -0.040000
-409   0.025000
-408   0.010000
-407  -0.035000
-406  -0.045000
-405  -0.005000
-404  -0.095000
-403   0.150000
-402   0.080000
-401  -0.040000
-400  -0.025000
-399   0.110000
-398   0.005000
-397  -0.090000
-396  -0.040000
-395  -0.030000
-394  -0.050000
-393  -0.015000
-392  -0.020000
-391   0.025000
-390   0.010000
-389  -0.040000
-388  -0.060000
-387  -0.000000
-386  -0.025000
-385  -0.035000
-384  -0.010000
-383  -0.090000
-382   0.065000
-381   0.000000
-380   0.065000
-379   0.020000
-378   0.045000
-377   0.075000
-376  -0.015000
-375   0.075000
-374   0.000000
-373  -0.045000
-372  -0.015000
-371   0.030000
-370   0.070000
-369   0.040000
-368  -0.020000
-367  -0.035000
-366   0.020000
-365   0.035000
-364   0.025000
-363  -0.030000
-362   0.025000
-361  -0.025000
-360   0.000000
-359   0.030000
-358   0.070000
-357  -0.025000
-356   0.015000
-355  -0.005000
-354   0.045000
-353  -0.005000
-352   0.010000
-351   0.050000
-350  -0.110000
-349  -0.060000
-348   0.055000
-347   0.040000
-346   0.020000
-345   0.030000
-344  -0.100000
-343   0.010000
-342  -0.105000
-341  -0.035000
-340   0.010000
-339   0.100000
-338   0.015000
-337   0.050000
-336   0.075000
-335  -0.010000
-334   0.030000
-333  -0.030000
-332   0.000000
-331  -0.090000
-330  -0.075000
-329  -0.035000
-328  -0.025000
-327  -0.065000
-326  -0.065000
-325   0.005000
-324   0.055000
-323   0.045000
-322  -0.055000
-321   0.005000
-320   0.005000
-319   0.015000
-318  -0.015000
-317  -0.070000
-316   0.000000
-315   0.010000
-314   0.110000
-313  -0.045000
-312   0.020000
-311  -0.010000
-310   0.040000
-309   0.060000
-308   0.070000
-307  -0.025000
-306   0.110000
-305   0.045000
-304   0.120000
-303  -0.065000
-302  -0.020000
-301   0.030000
-300   0.065000
-299  -0.015000
-298  -0.070000
-297   0.015000
-296  -0.100000
-295  -0.025000
-294   0.045000
-293   0.020000
-292   0.060000
-291  -0.125000
-290   0.010000
-289  -0.000000
-288  -0.025000
-287  -0.045000
-286   0.020000
-285   0.060000
-284  -0.120000
-283  -0.045000
-282   0.070000
-281   0.030000
-280   0.025000
-279   0.030000
-278  -0.025000
-277   0.015000
-276  -0.010000
-275  -0.005000
-274  -0.065000
-273  -0.010000
-272  -0.080000
-271   0.070000
-270  -0.045000
-269   0.055000
-268  -0.060000
-267   0.015000
-266  -0.005000
-265   0.000000
-264  -0.095000
-263  -0.000000
-262   0.055000
-261   0.045000
-260   0.030000
-259  -0.075000
-258   0.055000
-257   0.025000
-256   0.025000
-255  -0.020000
-254   0.045000
-253  -0.085000
-252   0.005000
-251  -0.025000
-250  -0.055000
-249   0.005000
-248   0.050000
-247   0.060000
-246   0.070000
-245   0.030000
-244   0.095000
-243  -0.025000
-242   0.040000
-241  -0.140000
-240  -0.045000
-239   0.005000
-238   0.045000
-237  -0.015000
-236   0.015000
-235   0.020000
-234  -0.060000
-233  -0.030000
-232   0.040000
-231  -0.065000
-230   0.015000
-229   0.040000
-228   0.025000
-227  -0.065000
-226   0.010000
-225  -0.045000
-224   0.010000
-223   0.045000
-222   0.000000
-221  -0.020000
-220  -0.005000
-219   0.040000
-218  -0.025000
-217  -0.060000
-216  -0.080000
-215  -0.050000
-214  -0.040000
-213   0.030000
-212  -0.050000
-211  -0.085000
-210   0.035000
-209  -0.010000
-208   0.020000
-207   0.075000
-206   0.040000
-205   0.000000
-204  -0.080000
-203   0.035000
-202  -0.050000
-201  -0.065000
-200  -0.015000
-199  -0.015000
-198  -0.090000
-197   0.025000
-196   0.090000
-195  -0.055000
-194  -0.005000
-193   0.035000
-192  -0.060000
-191  -0.035000
-190   0.000000
-189   0.100000
-188  -0.005000
-187   0.015000
-186  -0.025000
-185   0.015000
-184   0.075000
-183  -0.055000
-182  -0.040000
-181   0.025000
-180   0.005000
-179   0.025000
-178  -0.005000
-177   0.025000
-176  -0.045000
-175   0.015000
-174   0.055000
-173  -0.010000
-172  -0.040000
-171   0.020000
-170   0.035000
-169  -0.010000
-168  -0.020000
-167   0.025000
-166   0.030000
-165   0.045000
-164  -0.015000
-163   0.005000
-162   0.035000
-161  -0.025000
-160  -0.005000
-159   0.020000
-158   0.025000
-157  -0.000000
-156  -0.015000
-155   0.005000
-154   0.045000
-153   0.040000
-152   0.015000
-151   0.060000
-150  -0.050000
-149   0.010000
-148   0.060000
-147   0.040000
-146   0.010000
-145   0.015000
-144  -0.035000
-143   0.000000
-142  -0.060000
-141  -0.135000
-140   0.045000
-139   0.010000
-138   0.040000
-137   0.015000
-136   0.025000
-135  -0.015000
-134  -0.005000
-133   0.015000
-132  -0.005000
-131  -0.040000
-130   0.050000
-129   0.005000
-128   0.010000
-127   0.070000
-126   0.065000
-125   0.060000
-124   0.030000
-123   0.045000
-122   0.020000
-121   0.055000
-120  -0.090000
-119   0.010000
-118   0.025000
-117  -0.010000
-116   0.030000
-115   0.045000
-114   0.030000
-113   0.050000
-112  -0.090000
-111   0.110000
-110   0.110000
-109  -0.040000
-108  -0.040000
-107  -0.010000
-106  -0.010000
-105   0.040000
-104   0.070000
-103  -0.045000
-102  -0.070000
-101   0.035000
-100   0.000000
-99  -0.015000
-98  -0.085000
-97   0.015000
-96  -0.035000
-95   0.030000
-94   0.065000
-93  -0.005000
-92   0.010000
-91   0.005000
-90  -0.005000
-89  -0.090000
-88   0.015000
-87   0.095000
-86  -0.080000
-85   0.120000
-84  -0.040000
-83   0.025000
-82  -0.060000
-81  -0.010000
-80  -0.085000
-79  -0.020000
-78  -0.060000
-77   0.025000
-76   0.030000
-75   0.010000
-74   0.025000
-73   0.025000
-72   0.010000
-71  -0.090000
-70   0.015000
-69   0.030000
-68  -0.025000
-67   0.070000
-66  -0.080000
-65  -0.055000
-64   0.045000
-63  -0.095000
-62  -0.010000
-61  -0.025000
-60   0.040000
-59  -0.020000
-58   0.020000
-57  -0.020000
-56   0.010000
-55   0.035000
-54   0.065000
-53  -0.080000
-52   0.075000
-51   0.015000
-50  -0.040000
-49  -0.035000
-48  -0.065000
-47   0.055000
-46  -0.070000
-45   0.040000
-44   0.050000
-43  -0.010000
-42   0.025000
-41  -0.060000
-40   0.015000
-39  -0.035000
-38  -0.005000
-37   0.035000
-36   0.055000
-35  -0.015000
-34   0.035000
-33  -0.045000
-32   0.065000
-31   0.010000
-30  -0.025000
-29  -0.030000
-28  -0.065000
-27  -0.075000
-26  -0.025000
-25   0.035000
-24  -0.075000
-23  -0.020000
-22  -0.030000
-21  -0.040000
-20   0.060000
-19  -0.020000
-18  -0.035000
-17   0.005000
-16   0.055000
-15  -0.015000
-14   0.095000
-13   0.020000
-12  -0.060000
-11  -0.035000
-10   0.080000
-9  -0.105000
-8  -0.045000
-7  -0.100000
-6  -0.100000
-5  -0.010000
-4  -0.075000
-3  -0.035000
-2   0.025000
-1  -0.010000
