0  -0.105000
1   0.015000
2   0.040000
3   0.095000
4   0.050000
5  -0.010000
6   0.020000
7  -0.070000
8   0.045000
9  -0.005000
10   0.025000
11  -0.005000
12   0.045000
13  -0.120000
14  -0.010000
15  -0.040000
16  -0.075000
17   0.010000
18   0.055000
19   0.035000
20  -0.030000
21   0.000000
22   0.015000
23  -0.030000
24  -0.005000
25   0.120000
26   0.015000
27   0.005000
28  -0.075000
29   0.055000
30  -0.065000
31   0.000000
32   0.035000
33   0.025000
34  -0.025000
35   0.000000
36   0.045000
37   0.045000
38   0.050000
39  -0.050000
40  -0.035000
41   0.005000
42  -0.010000
43   0.080000
44  -0.030000
45  -0.095000
46  -0.005000
47  -0.005000
48   0.035000
49   0.030000
50   0.065000
51   0.010000
52   0.040000
53  -0.015000
54   0.005000
55  -0.045000
56  -0.020000
57  -0.000000
58   0.000000
59  -0.000000
60   0.075000
61  -0.005000
62  -0.000000
63   0.010000
64  -0.020000
65   0.065000
66   0.000000
67   0.145000
68   0.045000
69   0.050000
70   0.030000
71   0.035000
72  -0.045000
73   0.025000
74  -0.015000
75   0.000000
76   0.035000
77  -0.020000
78   0.055000
79  -0.015000
80  -0.000000
81   0.015000
82  -0.020000
83   0.080000
84   0.015000
85  -0.000000
86   0.020000
87  -0.055000
88   0.045000
89   0.025000
90  -0.060000
91   0.000000
92  -0.020000
93   0.025000
94  -0.010000
95   0.040000
96   0.005000
97  -0.050000
98  -0.015000
99   0.090000
100   0.020000
101  -0.070000
102   0.035000
103   0.045000
104   0.070000
105   0.040000
106   0.040000
107   0.095000
108   0.000000
109  -0.040000
110   0.080000
111   0.035000
112   0.035000
113  -0.035000
114   0.025000
115   0.030000
116   0.045000
117  -0.065000
118   0.065000
119  -0.045000
120  -0.015000
121   0.040000
122   0.040000
123   0.030000
124  -0.030000
125  -0.005000
126  -0.065000
127   0.005000
128  -0.005000
129   0.020000
130  -0.015000
131   0.010000
132  -0.030000
133  -0.020000
134  -0.005000
135   0.040000
136   0.070000
137   0.070000
138   0.035000
139  -0.015000
140   0.000000
141  -0.035000
142   0.010000
143  -0.110000
144   0.010000
145  -0.115000
146  -0.015000
147  -0.010000
148  -0.045000
149  -0.050000
150   0.025000
151   0.060000
152   0.020000
153  -0.060000
154   0.045000
155   0.045000
156   0.020000
157   0.030000
158   0.005000
159   0.005000
160  -0.025000
161  -0.110000
162  -0.005000
163  -0.005000
164   0.025000
165   0.005000
166  -0.030000
167   0.020000
168   0.025000
169   0.120000
170  -0.060000
171  -0.100000
172   0.130000
173  -0.025000
174   0.015000
175   0.020000
176  -0.080000
177   0.035000
178   0.045000
179  -0.040000
180  -0.045000
181  -0.070000
182   0.060000
183   0.020000
184   0.010000
185  -0.050000
186  -0.055000
187  -0.035000
188   0.045000
189  -0.045000
190  -0.005000
191  -0.030000
192   0.130000
193   0.075000
194  -0.040000
195   0.015000
196  -0.075000
197   0.025000
198   0.020000
199   0.080000
200  -0.055000
201   0.055000
202  -0.070000
203  -0.030000
204  -0.070000
205  -0.040000
206   0.010000
207  -0.085000
208  -0.005000
209  -0.050000
210  -0.055000
211  -0.015000
212   0.085000
213  -0.075000
214  -0.105000
215  -0.080000
216  -0.120000
217  -0.060000
218   0.005000
219   0.020000
220   0.125000
221   0.105000
222   0.060000
223   0.015000
224   0.025000
225   0.045000
226   0.000000
227   0.135000
228   0.015000
229   0.020000
230   0.055000
231   0.110000
232  -0.005000
233   0.015000
234  -0.015000
235   0.040000
236   0.020000
237   0.035000
238   0.105000
239   0.005000
240  -0.015000
241  -0.060000
242  -0.035000
243   0.010000
244  -0.005000
245  -0.015000
246   0.060000
247   0.000000
248   0.030000
249  -0.005000
250   0.060000
251   0.025000
252   0.065000
253  -0.030000
254  -0.005000
255  -0.130000
256   0.065000
257   0.055000
258   0.005000
259   0.005000
260  -0.005000
261  -0.075000
262  -0.135000
263   0.030000
264   0.005000
265   0.010000
266  -0.065000
267  -0.065000
268  -0.000000
269   0.055000
270  -0.020000
271   0.040000
272  -0.060000
273   0.005000
274  -0.060000
275  -0.020000
276   0.000000
277   0.025000
278   0.005000
279   0.060000
280   0.060000
281  -0.100000
282   0.040000
283   0.050000
284  -0.015000
285  -0.030000
286  -0.025000
287   0.060000
288  -0.025000
289  -0.035000
290  -0.050000
291   0.075000
292  -0.010000
293   0.005000
294  -0.015000
295  -0.060000
296   0.015000
297   0.025000
298   0.000000
299   0.080000
300   0.060000
301   0.065000
302   0.060000
303   0.060000
304  -0.070000
305  -0.055000
306  -0.035000
307  -0.055000
308   0.105000
309  -0.040000
310   0.030000
311   0.050000
312   0.015000
313  -0.070000
314  -0.040000
315   0.030000
316   0.080000
317   0.065000
318  -0.010000
319  -0.030000
320   0.015000
321  -0.070000
322   0.000000
323  -0.050000
324   0.060000
325   0.070000
326   0.015000
327   0.030000
328   0.070000
329   0.065000
330   0.045000
331   0.080000
332   0.045000
333  -0.055000
334  -0.055000
335  -0.030000
336  -0.045000
337   0.060000
338  -0.020000
339  -0.000000
340   0.035000
341  -0.025000
342   0.035000
343   0.035000
344   0.025000
345  -0.060000
346   0.065000
347   0.060000
348   0.060000
349   0.135000
350  -0.015000
351   0.035000
352  -0.030000
353   0.080000
354  -0.015000
355   0.035000
356  -0.045000
357   0.040000
358  -0.025000
359   0.020000
360   0.015000
361  -0.015000
362  -0.050000
363  -0.015000
364  -0.030000
365   0.010000
366  -0.010000
367   0.025000
368   0.040000
369   0.035000
370   0.040000
371  -0.070000
372  -0.015000
373   0.030000
374  -0.005000
375   0.040000
376   0.045000
377   0.060000
378  -0.025000
379   0.015000
380   0.000000
381  -0.070000
382  -0.015000
383   0.135000
384  -0.020000
385   0.075000
386   0.045000
387   0.005000
388   0.115000
389   0.075000
390  -0.085000
391   0.100000
392  -0.005000
393   0.020000
394  -0.065000
395  -0.025000
396   0.060000
397  -0.060000
398   0.035000
399   0.015000
400  -0.020000
401  -0.070000
402  -0.015000
403   0.085000
404  -0.020000
405  -0.050000
406  -0.030000
407   0.050000
408  -0.005000
409  -0.010000
410   0.000000
411  -0.030000
412  -0.000000
413   0.025000
414  -0.125000
415  -0.020000
416   0.080000
417  -0.065000
418   0.045000
419  -0.010000
420   0.005000
421  -0.035000
422   0.005000
423   0.050000
424  -0.045000
425   0.065000
426  -0.075000
427   0.040000
428   0.080000
429   0.055000
430  -0.010000
431   0.030000
432  -0.045000
433  -0.030000
434  -0.080000
435   0.010000
436  -0.000000
437   0.100000
438   0.030000
439   0.050000
440   0.010000
441  -0.055000
442   0.025000
443  -0.035000
444  -0.060000
445   0.005000
446  -0.030000
447   0.040000
448   0.070000
449   0.090000
450   0.020000
451  -0.045000
452   0.000000
453  -0.010000
454   0.010000
455   0.045000
456   0.070000
457  -0.020000
458  -0.015000
459  -0.015000
460   0.020000
461  -0.075000
462   0.060000
463   0.015000
464   0.035000
465   0.000000
466   0.010000
467   0.015000
468  -0.030000
469   0.010000
470   0.015000
471   0.065000
472  -0.030000
473   0.070000
474  -0.030000
475  -0.000000
476   0.020000
477   0.040000
478  -0.060000
479  -0.000000
480  -0.025000
481  -0.025000
482  -0.015000
483   0.080000
484  -0.065000
485   0.050000
486   0.035000
487   0.040000
488  -0.020000
489  -0.065000
490  -0.060000
491   0.030000
492   0.020000
493  -0.005000
494   0.035000
495  -0.025000
496  -0.045000
497   0.035000
498   0.095000
499  -0.045000
500   0.015000
-499   0.040000
-498   0.070000
-497  -0.045000
-496   0.030000
-495   0.120000
-494  -0.075000
-493   0.050000
-492  -0.030000
-491   0.020000
-490  -0.025000
-489  -0.000000
-488   0.050000
-487  -0.005000
-486  -0.005000
-485  -0.015000
-484  -0.030000
-483  -0.010000
-482  -0.055000
-481  -0.050000
-480  -0.065000
-479   0.025000
-478   0.035000
-477  -0.010000
-476   0.000000
-475   0.010000
-474   0.005000
-473   0.010000
-472  -0.050000
-471   0.015000
-470   0.010000
-469  -0.130000
-468   0.000000
-467   0.010000
-466   0.050000
-465   0.075000
-464  -0.035000
-463  -0.010000
-462  -0.075000
-461  -0.050000
-460   0.070000
-459  -0.050000
-458   0.010000
-457   0.010000
-456  -0.005000
-455   0.080000
-454   0.010000
-453  -0.000000
-452   0.005000
-451   0.055000
-450   0.095000
-449  -0.035000
-448   0.020000
-447  -0.060000
-446  -0.045000
-445  -0.055000
-444  -0.005000
-443  -0.020000
-442  -0.140000
-441  -0.055000
-440  -0.040000
-439  -0.005000
-438   0.010000
-437   0.010000
-436  -0.005000
-435   0.110000
-434  -0.030000
-433   0.040000
-432   0.030000
-431   0.010000
-430  -0.005000
-429   0.005000
-428   0.025000
-427  -0.060000
-426   0.005000
-425   0.020000
-424   0.025000
-423   0.015000
-422  -0.015000
-421   0.015000
-420  -0.060000
-419   0.045000
-418  -0.000000
-417   0.050000
-416   0.000000
-415  -0.060000
-414  -0.010000
-413   0.020000
-412   0.070000
-411   0.045000
-410   0.035000
-409   0.015000
-408   0.015000
-407  -0.005000
-406   0.065000
-405  -0.085000
-404  -0.090000
-403  -0.045000
-402  -0.100000
-401   0.025000
-400   0.085000
-399   0.110000
-398  -0.000000
-397  -0.005000
-396   0.015000
-395   0.005000
-394   0.010000
-393   0.060000
-392   0.005000
-391  -0.015000
-390  -0.015000
-389  -0.060000
-388  -0.025000
-387  -0.075000
-386  -0.085000
-385  -0.050000
-384   0.030000
-383  -0.030000
-382   0.055000
-381  -0.050000
-380  -0.055000
-379  -0.060000
-378   0.005000
-377   0.045000
-376   0.025000
-375  -0.010000
-374  -0.000000
-373   0.045000
-372   0.030000
-371  -0.040000
-370  -0.105000
-369   0.015000
-368  -0.010000
-367   0.110000
-366  -0.030000
-365  -0.025000
-364   0.040000
-363   0.005000
-362   0.070000
-361   0.035000
-360   0.070000
-359   0.100000
-358   0.040000
-357  -0.060000
-356   0.070000
-355   0.085000
-354   0.025000
-353   0.035000
-352  -0.030000
-351  -0.080000
-350   0.000000
-349   0.000000
-348   0.060000
-347  -0.020000
-346  -0.010000
-345   0.040000
-344  -0.015000
-343  -0.015000
-342  -0.025000
-341  -0.005000
-340   0.060000
-339  -0.135000
-338   0.025000
-337   0.030000
-336  -0.015000
-335   0.035000
-334   0.010000
-333   0.030000
-332   0.085000
-331  -0.015000
-330  -0.085000
-329   0.110000
-328   0.085000
-327  -0.045000
-326   0.035000
-325  -0.015000
-324   0.020000
-323  -0.035000
-322  -0.005000
-321   0.085000
-320  -0.025000
-319  -0.010000
-318  -0.015000
-317  -0.015000
-316  -0.005000
-315  -0.000000
-314   0.005000
-313  -0.035000
-312  -0.115000
-311   0.010000
-310   0.035000
-309  -0.005000
-308   0.055000
-307   0.010000
-306  -0.025000
-305  -0.075000
-304   0.030000
-303   0.160000
-302   0.015000
-301  -0.035000
-300   0.045000
-299  -0.025000
-298   0.035000
-297   0.015000
-296  -0.035000
-295   0.075000
-294  -0.040000
-293  -0.030000
-292   0.000000
-291  -0.030000
-290  -0.025000
-289   0.030000
-288  -0.055000
-287  -0.035000
-286   0.020000
-285  -0.025000
-284  -0.100000
-283  -0.020000
-282   0.060000
-281   0.005000
-280   0.030000
-279  -0.015000
-278   0.035000
-277   0.000000
-276   0.020000
-275   0.060000
-274   0.050000
-273   0.120000
-272  -0.115000
-271  -0.010000
-270   0.005000
-269  -0.040000
-268  -0.020000
-267  -0.025000
-266  -0.040000
-265   0.005000
-264   0.050000
-263   0.125000
-262   0.035000
-261  -0.020000
-260  -0.095000
-259  -0.005000
-258  -0.015000
-257  -0.015000
-256   0.030000
-255   0.045000
-254  -0.040000
-253   0.025000
-252  -0.030000
-251  -0.100000
-250  -0.025000
-249  -0.050000
-248   0.005000
-247  -0.085000
-246   0.030000
-245   0.025000
-244  -0.070000
-243  -0.070000
-242   0.105000
-241  -0.015000
-240  -0.045000
-239  -0.040000
-238  -0.050000
-237  -0.045000
-236   0.015000
-235  -0.005000
-234  -0.070000
-233  -0.000000
-232   0.010000
-231   0.040000
-230   0.000000
-229  -0.015000
-228  -0.000000
-227  -0.035000
-226  -0.060000
-225  -0.005000
-224  -0.065000
-223   0.005000
-222  -0.005000
-221  -0.105000
-220   0.030000
-219   0.000000
-218  -0.060000
-217  -0.005000
-216   0.030000
-215   0.050000
-214   0.010000
-213   0.050000
-212   0.025000
-211   0.035000
-210   0.005000
-209  -0.000000
-208  -0.015000
-207   0.045000
-206   0.030000
-205  -0.015000
-204   0.045000
-203   0.030000
-202   0.090000
-201  -0.060000
-200  -0.015000
-199   0.020000
-198  -0.065000
-197  -0.000000
-196   0.035000
-195  -0.030000
-194  -0.065000
-193  -0.035000
-192  -0.020000
-191   0.045000
-190   0.100000
-189  -0.005000
-188   0.020000
-187  -0.075000
-186   0.075000
-185  -0.035000
-184   0.055000
-183   0.000000
-182  -0.070000
-181  -0.030000
-180  -0.060000
-179   0.055000
-178  -0.035000
-177   0.020000
-176  -0.070000
-175   0.070000
-174   0.000000
-173   0.075000
-172   0.060000
-171   0.025000
-170  -0.025000
-169  -0.075000
-168   0.140000
-167  -0.030000
-166  -0.050000
-165   0.080000
-164   0.050000
-163  -0.030000
-162  -0.065000
-161  -0.080000
-160  -0.010000
-159   0.005000
-158   0.010000
-157   0.010000
-156   0.055000
-155   0.025000
-154   0.030000
-153   0.045000
-152   0.050000
-151   0.070000
-150  -0.095000
-149  -0.030000
-148   0.030000
-147   0.005000
-146  -0.020000
-145   0.050000
-144   0.035000
-143  -0.005000
-142   0.080000
-141   0.005000
-140   0.035000
-139  -0.020000
-138   0.035000
-137  -0.055000
-136   0.005000
-135   0.005000
-134   0.020000
-133   0.020000
-132   0.095000
-131   0.035000
-130   0.070000
-129   0.020000
-128   0.045000
-127   0.055000
-126  -0.055000
-125  -0.030000
-124   0.025000
-123   0.035000
-122   0.040000
-121   0.010000
-120   0.130000
-119   0.020000
-118   0.015000
-117   0.085000
-116  -0.075000
-115  -0.040000
-114  -0.010000
-113  -0.040000
-112   0.070000
-111  -0.010000
-110   0.050000
-109  -0.025000
-108  -0.065000
-107   0.045000
-106   0.050000
-105   0.065000
-104  -0.080000
-103  -0.060000
-102   0.070000
-101   0.070000
-100  -0.000000
-99   0.020000
-98   0.025000
-97   0.075000
-96  -0.060000
-95   0.035000
-94  -0.190000
-93   0.015000
-92  -0.070000
-91  -0.025000
-90  -0.040000
-89   0.010000
-88   0.010000
-87  -0.005000
-86   0.010000
-85  -0.045000
-84   0.000000
-83   0.020000
-82  -0.055000
-81   0.035000
-80  -0.115000
-79   0.010000
-78   0.060000
-77  -0.010000
-76  -0.035000
-75  -0.020000
-74  -0.085000
-73  -0.040000
-72  -0.105000
-71   0.025000
-70  -0.020000
-69  -0.010000
-68  -0.045000
-67  -0.095000
-66   0.030000
-65   0.070000
-64   0.070000
-63  -0.040000
-62  -0.155000
-61  -0.035000
-60   0.105000
-59  -0.025000
-58   0.015000
-57  -0.030000
-56   0.055000
-55   0.000000
-54   0.050000
-53  -0.000000
-52   0.125000
-51  -0.055000
-50  -0.015000
-49   0.120000
-48  -0.095000
-47   0.015000
-46   0.045000
-45   0.055000
-44   0.000000
-43  -0.035000
-42  -0.030000
-41  -0.025000
-40  -0.010000
-39   0.060000
-38  -0.045000
-37  -0.100000
-36   0.015000
-35   0.005000
-34   0.015000
-33   0.065000
-32   0.000000
-31  -0.030000
-30  -0.130000
-29   0.000000
-28   0.010000
-27   0.025000
-26  -0.025000
-25  -0.025000
-24   0.110000
-23  -0.010000
-22   0.030000
-21  -0.030000
-20   0.050000
-19   0.055000
-18  -0.005000
-17  -0.065000
-16   0.040000
-15   0.025000
-14   0.020000
-13   0.030000
-12  -0.020000
-11   0.045000
-10  -0.010000
-9   0.005000
-8  -0.075000
-7   0.050000
-6  -0.010000
-5   0.045000
-4   0.015000
-3  -0.070000
-2  -0.010000
-1  -0.010000
