0   0.010000
1  -0.015000
2   0.050000
3  -0.020000
4   0.025000
5   0.015000
6   0.045000
7   0.055000
8   0.000000
9   0.035000
10  -0.030000
11   0.015000
12   0.070000
13  -0.020000
14   0.015000
15   0.025000
16   0.025000
17   0.060000
18   0.010000
19   0.075000
20   0.005000
21  -0.020000
22  -0.020000
23  -0.045000
24   0.010000
25  -0.045000
26   0.030000
27   0.025000
28  -0.020000
29   0.065000
30  -0.015000
31   0.055000
32   0.035000
33  -0.035000
34   0.000000
35   0.015000
36   0.035000
37  -0.030000
38  -0.030000
39   0.045000
40  -0.035000
41   0.010000
42  -0.075000
43  -0.040000
44  -0.050000
45   0.100000
46   0.035000
47  -0.045000
48   0.020000
49   0.035000
50   0.015000
51   0.025000
52  -0.025000
53  -0.080000
54   0.005000
55   0.055000
56   0.100000
57   0.040000
58   0.080000
59   0.015000
60   0.040000
61  -0.040000
62   0.010000
63   0.065000
64  -0.030000
65  -0.050000
66  -0.035000
67  -0.045000
68  -0.030000
69  -0.060000
70  -0.005000
71   0.020000
72   0.005000
73  -0.005000
74  -0.000000
75   0.000000
76   0.035000
77   0.060000
78  -0.025000
79   0.000000
80  -0.005000
81  -0.060000
82  -0.090000
83   0.055000
84   0.045000
85  -0.055000
86   0.010000
87   0.035000
88  -0.080000
89   0.050000
90  -0.045000
91   0.065000
92  -0.015000
93  -0.005000
94   0.055000
95  -0.015000
96  -0.045000
97  -0.025000
98  -0.045000
99  -0.055000
100   0.005000
101  -0.010000
102   0.000000
103   0.025000
104   0.005000
105  -0.035000
106  -0.090000
107   0.015000
108   0.010000
109  -0.040000
110   0.035000
111  -0.040000
112  -0.025000
113  -0.060000
114   0.010000
115  -0.055000
116  -0.080000
117   0.035000
118   0.040000
119   0.040000
120  -0.015000
121  -0.070000
122  -0.000000
123   0.010000
124  -0.010000
125  -0.025000
126   0.040000
127   0.040000
128  -0.025000
129   0.015000
130  -0.035000
131  -0.025000
132   0.005000
133   0.040000
134  -0.045000
135  -0.020000
136  -0.040000
137   0.000000
138  -0.075000
139  -0.015000
140  -0.030000
141  -0.040000
142  -0.040000
143  -0.100000
144   0.125000
145   0.105000
146   0.045000
147   0.080000
148  -0.025000
149   0.020000
150  -0.020000
151   0.040000
152  -0.015000
153   0.075000
154  -0.000000
155   0.050000
156  -0.005000
157   0.005000
158   0.045000
159   0.015000
160  -0.010000
161   0.075000
162   0.055000
163   0.020000
164   0.005000
165  -0.040000
166  -0.010000
167   0.075000
168  -0.080000
169  -0.020000
170  -0.035000
171   0.050000
172   0.040000
173  -0.015000
174   0.005000
175  -0.040000
176  -0.035000
177  -0.040000
178   0.015000
179   0.000000
180   0.020000
181   0.125000
182  -0.040000
183  -0.070000
184   0.025000
185  -0.055000
186  -0.070000
187  -0.025000
188   0.065000
189   0.040000
190   0.040000
191  -0.050000
192   0.060000
193   0.030000
194  -0.065000
195   0.005000
196   0.040000
197  -0.025000
198  -0.110000
199  -0.055000
200   0.020000
201  -0.035000
202  -0.075000
203  -0.080000
204   0.015000
205  -0.080000
206   0.025000
207  -0.030000
208   0.000000
209  -0.000000
210  -0.020000
211  -0.080000
212  -0.035000
213  -0.025000
214   0.050000
215  -0.020000
216   0.005000
217  -0.065000
218  -0.005000
219  -0.015000
220  -0.025000
221   0.015000
222   0.005000
223  -0.020000
224   0.015000
225  -0.020000
226   0.050000
227  -0.085000
228  -0.055000
229   0.010000
230   0.025000
231   0.000000
232   0.025000
233  -0.065000
234   0.030000
235  -0.040000
236  -0.030000
237  -0.025000
238  -0.055000
239  -0.080000
240   0.100000
241  -0.010000
242   0.025000
243  -0.005000
244   0.055000
245  -0.050000
246  -0.030000
247   0.010000
248   0.030000
249  -0.015000
250  -0.010000
251  -0.005000
252   0.005000
253  -0.090000
254   0.055000
255   0.060000
256   0.015000
257  -0.005000
258  -0.070000
259   0.040000
260   0.035000
261  -0.035000
262  -0.075000
263  -0.085000
264  -0.155000
265   0.005000
266  -0.065000
267   0.030000
268   0.060000
269  -0.035000
270  -0.020000
271   0.005000
272   0.035000
273   0.030000
274   0.020000
275  -0.080000
276  -0.030000
277  -0.125000
278   0.025000
279   0.025000
280  -0.050000
281   0.005000
282  -0.090000
283  -0.020000
284   0.045000
285  -0.080000
286  -0.005000
287   0.105000
288  -0.090000
289   0.125000
290  -0.035000
291   0.005000
292   0.010000
293   0.020000
294  -0.005000
295   0.030000
296  -0.060000
297   0.030000
298  -0.115000
299  -0.060000
300  -0.015000
301   0.090000
302   0.010000
303   0.045000
304  -0.060000
305  -0.015000
306  -0.105000
307   0.000000
308   0.040000
309  -0.070000
310   0.015000
311  -0.020000
312   0.025000
313  -0.050000
314  -0.015000
315   0.030000
316  -0.055000
317   0.030000
318  -0.090000
319  -0.060000
320  -0.075000
321  -0.010000
322   0.040000
323  -0.015000
324  -0.020000
325   0.000000
326   0.015000
327  -0.005000
328   0.010000
329   0.015000
330   0.005000
331   0.040000
332  -0.020000
333  -0.020000
334  -0.010000
335   0.030000
336  -0.075000
337   0.025000
338  -0.030000
339  -0.020000
340  -0.075000
341   0.080000
342   0.050000
343  -0.060000
344   0.045000
345  -0.045000
346   0.095000
347   0.015000
348  -0.035000
349  -0.035000
350   0.010000
351   0.005000
352   0.005000
353  -0.010000
354   0.065000
355  -0.075000
356  -0.030000
357  -0.055000
358   0.055000
359   0.035000
360  -0.050000
361  -0.010000
362   0.050000
363   0.065000
364   0.095000
365   0.045000
366  -0.060000
367  -0.040000
368  -0.045000
369  -0.060000
370   0.045000
371   0.010000
372   0.040000
373   0.105000
374   0.090000
375   0.020000
376   0.045000
377  -0.085000
378  -0.015000
379  -0.055000
380  -0.045000
381  -0.045000
382   0.015000
383   0.005000
384   0.035000
385  -0.040000
386   0.020000
387  -0.085000
388  -0.015000
389  -0.050000
390  -0.045000
391  -0.055000
392   0.005000
393   0.055000
394  -0.055000
395   0.005000
396   0.020000
397  -0.100000
398  -0.035000
399  -0.020000
400   0.020000
401   0.030000
402   0.065000
403   0.010000
404  -0.045000
405   0.015000
406   0.105000
407  -0.005000
408  -0.055000
409  -0.030000
410   0.125000
411  -0.100000
412   0.020000
413   0.085000
414   0.065000
415   0.035000
416   0.035000
417   0.055000
418  -0.040000
419   0.070000
420  -0.085000
421   0.090000
422  -0.000000
423   0.010000
424  -0.045000
425  -0.050000
426  -0.025000
427   0.075000
428  -0.055000
429   0.030000
430   0.060000
431  -0.025000
432   0.025000
433  -0.005000
434  -0.070000
435  -0.010000
436  -0.045000
437   0.000000
438  -0.050000
439  -0.045000
440  -0.035000
441   0.000000
442  -0.025000
443  -0.055000
444   0.060000
445   0.000000
446  -0.015000
447  -0.020000
448  -0.030000
449   0.040000
450   0.030000
451  -0.010000
452   0.025000
453   0.045000
454   0.005000
455   0.000000
456   0.020000
457  -0.100000
458  -0.040000
459  -0.020000
460  -0.020000
461   0.010000
462   0.015000
463  -0.015000
464  -0.070000
465   0.000000
466  -0.040000
467  -0.055000
468  -0.145000
469   0.025000
470  -0.000000
471   0.070000
472   0.010000
473  -0.080000
474  -0.005000
475  -0.040000
476   0.000000
477  -0.040000
478   0.005000
479   0.105000
480  -0.010000
481  -0.020000
482  -0.060000
483  -0.035000
484   0.040000
485   0.005000
486   0.055000
487   0.015000
488  -0.030000
489  -0.015000
490   0.015000
491   0.025000
492  -0.000000
493   0.000000
494  -0.010000
495  -0.020000
496   0.020000
497  -0.085000
498   0.095000
499  -0.000000
500  -0.035000
-499   0.055000
-498   0.090000
-497  -0.040000
-496  -0.100000
-495  -0.060000
-494   0.065000
-493  -0.035000
-492   0.035000
-491  -0.055000
-490  -0.015000
-489  -0.065000
-488  -0.040000
-487  -0.045000
-486  -0.020000
-485  -0.005000
-484  -0.075000
-483   0.045000
-482  -0.095000
-481   0.050000
-480  -0.020000
-479   0.020000
-478  -0.010000
-477  -0.000000
-476   0.025000
-475   0.065000
-474   0.070000
-473   0.045000
-472  -0.025000
-471   0.025000
-470   0.035000
-469  -0.060000
-468  -0.065000
-467   0.010000
-466   0.025000
-465   0.055000
-464   0.040000
-463  -0.020000
-462   0.100000
-461  -0.020000
-460  -0.040000
-459   0.005000
-458  -0.065000
-457  -0.070000
-456  -0.080000
-455   0.010000
-454  -0.055000
-453  -0.035000
-452   0.035000
-451   0.060000
-450   0.095000
-449   0.015000
-448   0.005000
-447   0.010000
-446  -0.015000
-445   0.075000
-444  -0.025000
-443   0.075000
-442  -0.045000
-441  -0.050000
-440   0.055000
-439   0.065000
-438  -0.025000
-437   0.105000
-436  -0.040000
-435   0.050000
-434   0.050000
-433   0.040000
-432  -0.020000
-431  -0.075000
-430   0.080000
-429  -0.020000
-428  -0.015000
-427  -0.000000
-426   0.055000
-425   0.070000
-424   0.075000
-423   0.045000
-422  -0.005000
-421   0.040000
-420   0.010000
-419  -0.040000
-418  -0.035000
-417   0.070000
-416  -0.070000
-415  -0.010000
-414  -0.030000
-413  -0.035000
-412   0.055000
-411   0.020000
-410   0.020000
-409  -0.060000
-408  -0.005000
-407  -0.020000
-406   0.035000
-405   0.070000
-404   0.030000
-403   0.030000
-402  -0.090000
-401  -0.050000
-400   0.085000
-399   0.010000
-398  -0.025000
-397   0.065000
-396   0.040000
-395   0.085000
-394  -0.025000
-393  -0.035000
-392   0.060000
-391   0.055000
-390   0.040000
-389   0.115000
-388  -0.020000
-387   0.020000
-386   0.015000
-385  -0.040000
-384   0.055000
-383  -0.015000
-382   0.020000
-381   0.050000
-380   0.040000
-379  -0.010000
-378  -0.020000
-377  -0.045000
-376  -0.060000
-375  -0.020000
-374   0.005000
-373   0.035000
-372  -0.040000
-371   0.000000
-370   0.030000
-369   0.000000
-368   0.025000
-367   0.040000
-366  -0.025000
-365   0.025000
-364  -0.075000
-363   0.050000
-362  -0.060000
-361   0.020000
-360  -0.055000
-359  -0.005000
-358  -0.045000
-357  -0.055000
-356  -0.005000
-355   0.060000
-354   0.020000
-353   0.095000
-352  -0.005000
-351   0.040000
-350  -0.015000
-349   0.040000
-348  -0.005000
-347  -0.085000
-346   0.030000
-345   0.050000
-344  -0.060000
-343  -0.060000
-342   0.000000
-341  -0.040000
-340   0.045000
-339  -0.055000
-338   0.010000
-337   0.095000
-336   0.020000
-335  -0.055000
-334  -0.015000
-333  -0.045000
-332  -0.105000
-331  -0.005000
-330  -0.075000
-329  -0.055000
-328  -0.050000
-327  -0.005000
-326  -0.025000
-325   0.030000
-324   0.030000
-323   0.030000
-322   0.045000
-321  -0.040000
-320  -0.010000
-319   0.000000
-318   0.000000
-317  -0.035000
-316  -0.000000
-315   0.055000
-314   0.030000
-313  -0.030000
-312   0.070000
-311  -0.025000
-310   0.020000
-309  -0.040000
-308  -0.015000
-307   0.010000
-306  -0.025000
-305  -0.040000
-304   0.050000
-303  -0.000000
-302  -0.035000
-301  -0.055000
-300   0.070000
-299   0.080000
-298   0.015000
-297  -0.095000
-296  -0.020000
-295   0.060000
-294  -0.020000
-293  -0.065000
-292   0.015000
-291   0.000000
-290  -0.030000
-289  -0.010000
-288   0.005000
-287   0.010000
-286  -0.075000
-285  -0.070000
-284  -0.020000
-283   0.100000
-282  -0.050000
-281   0.120000
-280   0.040000
-279  -0.040000
-278  -0.005000
-277   0.065000
-276  -0.045000
-275  -0.035000
-274  -0.070000
-273   0.080000
-272   0.070000
-271   0.115000
-270   0.050000
-269  -0.020000
-268  -0.020000
-267  -0.030000
-266   0.015000
-265  -0.010000
-264   0.005000
-263  -0.015000
-262  -0.020000
-261  -0.015000
-260   0.005000
-259   0.010000
-258  -0.005000
-257   0.065000
-256  -0.020000
-255  -0.050000
-254   0.045000
-253   0.030000
-252   0.015000
-251  -0.045000
-250   0.035000
-249   0.005000
-248   0.035000
-247  -0.065000
-246  -0.090000
-245  -0.015000
-244   0.020000
-243   0.005000
-242   0.005000
-241   0.025000
-240   0.010000
-239  -0.055000
-238  -0.045000
-237  -0.040000
-236   0.060000
-235   0.020000
-234   0.000000
-233   0.030000
-232  -0.070000
-231  -0.055000
-230   0.010000
-229  -0.015000
-228  -0.040000
-227   0.010000
-226  -0.030000
-225   0.055000
-224   0.015000
-223   0.030000
-222  -0.045000
-221  -0.055000
-220   0.010000
-219   0.025000
-218   0.005000
-217   0.030000
-216   0.065000
-215  -0.005000
-214   0.050000
-213   0.035000
-212  -0.105000
-211   0.030000
-210  -0.005000
-209  -0.005000
-208   0.050000
-207   0.010000
-206   0.010000
-205   0.055000
-204   0.050000
-203   0.025000
-202   0.015000
-201   0.005000
-200   0.030000
-199  -0.015000
-198   0.000000
-197  -0.025000
-196   0.060000
-195  -0.040000
-194  -0.025000
-193   0.035000
-192  -0.005000
-191  -0.055000
-190   0.030000
-189  -0.040000
-188  -0.030000
-187   0.040000
-186   0.015000
-185   0.045000
-184   0.020000
-183  -0.060000
-182   0.050000
-181  -0.010000
-180  -0.010000
-179  -0.085000
-178   0.075000
-177  -0.005000
-176  -0.055000
-175   0.025000
-174  -0.035000
-173   0.050000
-172  -0.010000
-171   0.030000
-170   0.005000
-169   0.040000
-168   0.000000
-167  -0.020000
-166   0.065000
-165   0.015000
-164  -0.100000
-163   0.100000
-162   0.025000
-161   0.070000
-160   0.010000
-159   0.065000
-158   0.000000
-157   0.050000
-156   0.000000
-155   0.125000
-154   0.095000
-153   0.035000
-152  -0.075000
-151  -0.040000
-150  -0.005000
-149   0.010000
-148  -0.025000
-147   0.035000
-146  -0.050000
-145  -0.000000
-144  -0.065000
-143   0.075000
-142   0.110000
-141  -0.040000
-140  -0.020000
-139  -0.005000
-138   0.030000
-137  -0.060000
-136   0.020000
-135  -0.020000
-134   0.040000
-133  -0.075000
-132  -0.000000
-131   0.040000
-130   0.010000
-129   0.015000
-128   0.080000
-127  -0.050000
-126  -0.105000
-125   0.030000
-124  -0.010000
-123  -0.010000
-122   0.030000
-121   0.020000
-120  -0.090000
-119   0.070000
-118  -0.010000
-117   0.130000
-116   0.000000
-115  -0.010000
-114  -0.080000
-113  -0.005000
-112  -0.005000
-111  -0.040000
-110  -0.005000
-109  -0.030000
-108  -0.015000
-107   0.010000
-106  -0.005000
-105  -0.100000
-104  -0.105000
-103   0.045000
-102   0.095000
-101  -0.065000
-100   0.075000
-99  -0.010000
-98   0.055000
-97   0.080000
-96  -0.025000
-95   0.075000
-94   0.005000
-93   0.030000
-92  -0.065000
-91   0.005000
-90  -0.025000
-89   0.005000
-88   0.020000
-87  -0.010000
-86  -0.025000
-85   0.010000
-84   0.025000
-83  -0.020000
-82   0.035000
-81   0.045000
-80  -0.100000
-79  -0.025000
-78  -0.030000
-77   0.040000
-76  -0.105000
-75   0.045000
-74   0.010000
-73  -0.055000
-72  -0.055000
-71   0.010000
-70  -0.070000
-69  -0.070000
-68  -0.050000
-67   0.060000
-66   0.040000
-65   0.005000
-64   0.065000
-63  -0.100000
-62   0.015000
-61  -0.020000
-60   0.095000
-59  -0.055000
-58  -0.065000
-57  -0.010000
-56  -0.035000
-55   0.040000
-54  -0.050000
-53  -0.095000
-52  -0.095000
-51  -0.085000
-50   0.020000
-49   0.040000
-48   0.005000
-47  -0.025000
-46   0.030000
-45   0.120000
-44   0.070000
-43   0.080000
-42   0.010000
-41  -0.030000
-40  -0.010000
-39   0.035000
-38   0.025000
-37  -0.035000
-36   0.040000
-35  -0.010000
-34   0.010000
-33   0.050000
-32  -0.045000
-31   0.045000
-30   0.040000
-29  -0.065000
-28   0.040000
-27   0.010000
-26  -0.100000
-25  -0.020000
-24  -0.020000
-23   0.020000
-22  -0.015000
-21   0.025000
-20  -0.070000
-19  -0.065000
-18  -0.020000
-17  -0.040000
-16  -0.090000
-15   0.010000
-14  -0.125000
-13   0.020000
-12  -0.045000
-11   0.015000
-10  -0.030000
-9   0.035000
-8  -0.005000
-7   0.020000
-6   0.055000
-5  -0.045000
-4  -0.025000
-3  -0.115000
-2  -0.015000
-1   0.015000
