0   0.060000
1  -0.030000
2  -0.060000
3   0.010000
4  -0.005000
5   0.060000
6   0.025000
7  -0.050000
8  -0.025000
9   0.035000
10   0.035000
11  -0.000000
12  -0.015000
13  -0.050000
14   0.065000
15   0.010000
16  -0.110000
17  -0.015000
18  -0.025000
19  -0.005000
20  -0.005000
21   0.040000
22  -0.080000
23   0.050000
24  -0.030000
25  -0.095000
26   0.010000
27   0.015000
28  -0.075000
29   0.000000
30   0.000000
31  -0.015000
32   0.060000
33  -0.055000
34  -0.115000
35   0.050000
36  -0.065000
37  -0.055000
38   0.035000
39   0.030000
40   0.075000
41   0.110000
42  -0.025000
43   0.005000
44  -0.020000
45   0.050000
46  -0.025000
47   0.085000
48  -0.045000
49   0.030000
50   0.015000
51   0.080000
52  -0.010000
53   0.110000
54   0.045000
55  -0.040000
56  -0.055000
57   0.050000
58   0.035000
59   0.010000
60   0.070000
61  -0.000000
62   0.005000
63   0.065000
64   0.015000
65   0.040000
66  -0.005000
67   0.075000
68  -0.010000
69   0.065000
70  -0.025000
71  -0.065000
72   0.040000
73  -0.030000
74   0.010000
75   0.145000
76  -0.055000
77   0.000000
78   0.110000
79   0.035000
80   0.045000
81  -0.110000
82   0.045000
83   0.025000
84   0.030000
85  -0.160000
86   0.020000
87   0.005000
88   0.080000
89   0.010000
90   0.040000
91  -0.030000
92  -0.050000
93  -0.010000
94  -0.005000
95  -0.065000
96  -0.115000
97   0.000000
98   0.090000
99   0.050000
100   0.010000
101   0.005000
102  -0.035000
103  -0.015000
104  -0.020000
105   0.025000
106   0.020000
107   0.045000
108   0.045000
109   0.065000
110   0.020000
111   0.030000
112  -0.050000
113   0.030000
114  -0.030000
115   0.045000
116  -0.015000
117   0.015000
118   0.005000
119   0.065000
120   0.020000
121   0.025000
122  -0.005000
123   0.045000
124   0.050000
125  -0.005000
126  -0.010000
127   0.020000
128  -0.065000
129   0.005000
130   0.035000
131  -0.035000
132   0.000000
133   0.020000
134  -0.050000
135   0.070000
136   0.015000
137  -0.115000
138   0.010000
139  -0.045000
140   0.080000
141  -0.005000
142   0.030000
143   0.015000
144  -0.085000
145   0.015000
146   0.050000
147   0.005000
148  -0.030000
149  -0.095000
150  -0.050000
151   0.000000
152   0.020000
153   0.005000
154   0.000000
155   0.060000
156  -0.045000
157   0.045000
158   0.005000
159   0.055000
160   0.010000
161  -0.020000
162   0.040000
163  -0.070000
164   0.010000
165   0.015000
166   0.065000
167   0.020000
168  -0.060000
169  -0.145000
170   0.045000
171   0.005000
172   0.005000
173   0.070000
174   0.065000
175  -0.035000
176  -0.010000
177   0.130000
178  -0.020000
179  -0.070000
180  -0.035000
181  -0.005000
182  -0.030000
183   0.070000
184  -0.050000
185   0.045000
186   0.030000
187  -0.075000
188  -0.055000
189   0.020000
190  -0.050000
191  -0.045000
192  -0.010000
193   0.055000
194  -0.025000
195  -0.035000
196   0.005000
197   0.015000
198  -0.020000
199  -0.015000
200  -0.095000
201   0.015000
202  -0.070000
203   0.005000
204  -0.025000
205   0.095000
206  -0.040000
207  -0.055000
208   0.005000
209  -0.035000
210   0.085000
211  -0.065000
212   0.035000
213   0.015000
214  -0.020000
215   0.105000
216   0.015000
217   0.035000
218   0.025000
219   0.005000
220   0.015000
221  -0.005000
222  -0.070000
223  -0.015000
224   0.005000
225   0.000000
226   0.015000
227  -0.025000
228   0.020000
229  -0.020000
230  -0.045000
231  -0.005000
232  -0.065000
233  -0.010000
234   0.015000
235  -0.135000
236  -0.040000
237  -0.005000
238   0.015000
239   0.035000
240   0.030000
241   0.025000
242   0.000000
243  -0.090000
244  -0.035000
245  -0.060000
246  -0.045000
247  -0.090000
248  -0.065000
249  -0.015000
250  -0.065000
251  -0.035000
252  -0.020000
253  -0.085000
254   0.020000
255  -0.040000
256  -0.060000
257  -0.050000
258  -0.000000
259  -0.025000
260   0.110000
261   0.070000
262   0.045000
263   0.020000
264   0.075000
265  -0.010000
266   0.055000
267  -0.025000
268   0.000000
269  -0.075000
270   0.040000
271   0.065000
272  -0.090000
273  -0.070000
274   0.120000
275   0.015000
276   0.020000
277  -0.015000
278   0.030000
279  -0.045000
280  -0.035000
281   0.040000
282  -0.045000
283  -0.030000
284  -0.070000
285  -0.015000
286   0.010000
287   0.055000
288   0.055000
289   0.015000
290   0.065000
291  -0.105000
292  -0.030000
293  -0.010000
294  -0.015000
295  -0.075000
296   0.055000
297   0.005000
298  -0.025000
299   0.050000
300   0.085000
301  -0.015000
302  -0.090000
303  -0.030000
304   0.045000
305   0.005000
306   0.040000
307  -0.045000
308  -0.030000
309  -0.030000
310  -0.025000
311  -0.015000
312   0.000000
313  -0.025000
314  -0.005000
315   0.000000
316   0.010000
317  -0.035000
318  -0.050000
319  -0.090000
320   0.050000
321  -0.035000
322  -0.030000
323  -0.000000
324  -0.015000
325   0.065000
326  -0.025000
327   0.000000
328   0.025000
329  -0.030000
330   0.090000
331  -0.020000
332  -0.100000
333  -0.105000
334   0.005000
335   0.070000
336  -0.075000
337  -0.005000
338   0.035000
339   0.085000
340  -0.025000
341   0.055000
342  -0.045000
343   0.000000
344   0.005000
345   0.035000
346   0.005000
347   0.060000
348  -0.045000
349   0.015000
350  -0.035000
351  -0.075000
352   0.030000
353   0.010000
354   0.005000
355  -0.035000
356   0.045000
357   0.000000
358   0.035000
359  -0.010000
360  -0.045000
361  -0.010000
362  -0.090000
363  -0.020000
364   0.020000
365  -0.060000
366   0.040000
367  -0.025000
368   0.000000
369   0.075000
370  -0.050000
371   0.015000
372  -0.000000
373  -0.000000
374   0.000000
375   0.060000
376  -0.035000
377   0.135000
378   0.010000
379  -0.055000
380   0.075000
381   0.060000
382  -0.040000
383   0.035000
384  -0.080000
385   0.030000
386  -0.055000
387   0.005000
388  -0.060000
389   0.080000
390  -0.015000
391  -0.065000
392   0.020000
393  -0.015000
394  -0.035000
395  -0.010000
396  -0.080000
397   0.015000
398   0.050000
399   0.050000
400  -0.020000
401   0.005000
402   0.025000
403   0.105000
404  -0.035000
405  -0.010000
406   0.050000
407  -0.020000
408   0.015000
409   0.015000
410   0.105000
411   0.050000
412  -0.015000
413  -0.020000
414  -0.090000
415  -0.030000
416   0.045000
417  -0.010000
418  -0.005000
419   0.055000
420  -0.010000
421  -0.040000
422   0.065000
423  -0.075000
424  -0.025000
425   0.035000
426   0.040000
427   0.020000
428   0.010000
429   0.085000
430   0.005000
431  -0.030000
432  -0.110000
433   0.030000
434  -0.060000
435   0.025000
436  -0.045000
437  -0.010000
438  -0.035000
439   0.010000
440   0.005000
441   0.015000
442   0.010000
443   0.035000
444   0.025000
445   0.080000
446  -0.055000
447  -0.010000
448   0.095000
449   0.010000
450  -0.015000
451  -0.050000
452   0.100000
453   0.030000
454  -0.035000
455   0.070000
456   0.065000
457   0.075000
458   0.040000
459  -0.005000
460  -0.025000
461   0.015000
462   0.020000
463  -0.055000
464  -0.130000
465  -0.010000
466   0.010000
467   0.010000
468  -0.045000
469  -0.005000
470   0.005000
471   0.010000
472  -0.000000
473  -0.035000
474  -0.025000
475   0.030000
476   0.055000
477   0.050000
478  -0.015000
479  -0.035000
480  -0.035000
481   0.000000
482  -0.005000
483   0.035000
484  -0.005000
485   0.015000
486   0.025000
487   0.045000
488  -0.030000
489  -0.025000
490   0.010000
491  -0.055000
492  -0.085000
493   0.005000
494   0.020000
495  -0.015000
496  -0.035000
497  -0.035000
498  -0.090000
499   0.070000
500   0.005000
-499  -0.010000
-498  -0.020000
-497  -0.060000
-496  -0.125000
-495   0.040000
-494  -0.035000
-493  -0.030000
-492   0.065000
-491  -0.025000
-490  -0.095000
-489   0.125000
-488  -0.045000
-487   0.065000
-486  -0.035000
-485   0.060000
-484   0.035000
-483   0.045000
-482  -0.055000
-481   0.005000
-480   0.005000
-479   0.030000
-478  -0.075000
-477  -0.025000
-476   0.035000
-475  -0.015000
-474   0.090000
-473  -0.030000
-472   0.030000
-471  -0.050000
-470   0.035000
-469   0.050000
-468  -0.025000
-467   0.015000
-466   0.025000
-465  -0.075000
-464   0.035000
-463  -0.025000
-462  -0.120000
-461   0.075000
-460   0.035000
-459   0.065000
-458   0.015000
-457   0.050000
-456  -0.015000
-455   0.015000
-454  -0.055000
-453  -0.035000
-452  -0.020000
-451   0.010000
-450   0.000000
-449   0.025000
-448  -0.045000
-447  -0.025000
-446   0.035000
-445   0.090000
-444  -0.015000
-443   0.075000
-442  -0.095000
-441  -0.095000
-440  -0.035000
-439   0.010000
-438   0.085000
-437   0.005000
-436  -0.075000
-435  -0.020000
-434  -0.105000
-433   0.070000
-432   0.115000
-431  -0.030000
-430  -0.080000
-429  -0.005000
-428  -0.015000
-427   0.015000
-426  -0.090000
-425  -0.005000
-424  -0.000000
-423   0.125000
-422  -0.040000
-421   0.045000
-420  -0.030000
-419  -0.005000
-418   0.010000
-417  -0.040000
-416   0.015000
-415   0.035000
-414   0.090000
-413   0.035000
-412   0.020000
-411   0.010000
-410  -0.080000
-409  -0.045000
-408  -0.020000
-407  -0.030000
-406   0.040000
-405  -0.030000
-404  -0.060000
-403  -0.010000
-402  -0.015000
-401   0.020000
-400   0.015000
-399   0.070000
-398  -0.030000
-397  -0.005000
-396   0.065000
-395  -0.015000
-394   0.015000
-393  -0.090000
-392  -0.055000
-391  -0.090000
-390   0.065000
-389  -0.025000
-388   0.010000
-387  -0.020000
-386  -0.065000
-385   0.005000
-384  -0.055000
-383  -0.045000
-382   0.085000
-381  -0.005000
-380   0.035000
-379   0.160000
-378   0.025000
-377   0.000000
-376   0.085000
-375   0.015000
-374  -0.065000
-373   0.035000
-372  -0.015000
-371  -0.060000
-370   0.005000
-369  -0.050000
-368   0.100000
-367   0.040000
-366   0.010000
-365   0.035000
-364   0.130000
-363  -0.030000
-362  -0.035000
-361   0.050000
-360   0.000000
-359   0.010000
-358  -0.035000
-357  -0.045000
-356   0.055000
-355   0.070000
-354  -0.025000
-353   0.060000
-352  -0.035000
-351   0.025000
-350  -0.005000
-349   0.035000
-348  -0.010000
-347  -0.005000
-346  -0.040000
-345   0.045000
-344  -0.040000
-343   0.060000
-342  -0.045000
-341  -0.030000
-340  -0.085000
-339   0.025000
-338  -0.015000
-337   0.075000
-336   0.020000
-335  -0.055000
-334   0.000000
-333  -0.015000
-332   0.025000
-331  -0.045000
-330   0.090000
-329  -0.055000
-328   0.115000
-327   0.025000
-326   0.025000
-325  -0.015000
-324  -0.020000
-323   0.070000
-322  -0.025000
-321  -0.065000
-320   0.005000
-319  -0.020000
-318  -0.020000
-317   0.010000
-316   0.110000
-315  -0.030000
-314   0.015000
-313  -0.030000
-312   0.040000
-311  -0.000000
-310  -0.075000
-309  -0.030000
-308  -0.105000
-307   0.090000
-306   0.065000
-305  -0.040000
-304  -0.055000
-303  -0.070000
-302   0.015000
-301   0.010000
-300  -0.020000
-299  -0.010000
-298  -0.030000
-297  -0.030000
-296  -0.110000
-295  -0.020000
-294   0.040000
-293   0.000000
-292   0.080000
-291  -0.065000
-290   0.110000
-289  -0.110000
-288   0.080000
-287  -0.035000
-286  -0.015000
-285   0.015000
-284   0.010000
-283  -0.045000
-282   0.010000
-281   0.065000
-280  -0.045000
-279  -0.045000
-278   0.015000
-277  -0.045000
-276   0.050000
-275  -0.020000
-274  -0.020000
-273   0.010000
-272   0.005000
-271  -0.035000
-270  -0.030000
-269   0.020000
-268  -0.055000
-267   0.025000
-266   0.045000
-265  -0.005000
-264   0.040000
-263  -0.040000
-262   0.050000
-261   0.010000
-260   0.005000
-259   0.025000
-258   0.000000
-257  -0.020000
-256  -0.095000
-255   0.030000
-254  -0.020000
-253   0.050000
-252  -0.050000
-251  -0.005000
-250  -0.055000
-249  -0.015000
-248  -0.035000
-247   0.035000
-246   0.020000
-245   0.020000
-244   0.005000
-243  -0.000000
-242   0.020000
-241   0.035000
-240  -0.040000
-239   0.050000
-238   0.005000
-237   0.080000
-236  -0.030000
-235   0.045000
-234  -0.030000
-233   0.090000
-232  -0.180000
-231  -0.060000
-230   0.025000
-229  -0.040000
-228   0.020000
-227  -0.050000
-226  -0.060000
-225  -0.115000
-224  -0.075000
-223  -0.100000
-222  -0.045000
-221  -0.005000
-220   0.025000
-219   0.040000
-218  -0.045000
-217   0.035000
-216   0.005000
-215   0.010000
-214   0.035000
-213   0.025000
-212   0.060000
-211   0.035000
-210  -0.010000
-209   0.035000
-208  -0.020000
-207   0.030000
-206   0.100000
-205   0.000000
-204   0.005000
-203  -0.015000
-202  -0.080000
-201   0.065000
-200  -0.025000
-199  -0.025000
-198   0.015000
-197   0.050000
-196  -0.035000
-195   0.065000
-194   0.125000
-193   0.060000
-192   0.000000
-191   0.045000
-190  -0.035000
-189  -0.035000
-188  -0.085000
-187  -0.010000
-186  -0.025000
-185   0.000000
-184   0.005000
-183  -0.030000
-182   0.000000
-181   0.005000
-180   0.040000
-179   0.045000
-178  -0.050000
-177   0.045000
-176   0.130000
-175  -0.055000
-174   0.035000
-173   0.010000
-172  -0.010000
-171  -0.030000
-170  -0.035000
-169  -0.045000
-168  -0.015000
-167  -0.100000
-166   0.000000
-165  -0.035000
-164   0.070000
-163   0.030000
-162   0.035000
-161  -0.010000
-160   0.000000
-159  -0.020000
-158  -0.020000
-157   0.040000
-156  -0.005000
-155   0.070000
-154   0.075000
-153   0.105000
-152   0.005000
-151   0.030000
-150   0.040000
-149  -0.020000
-148   0.010000
-147  -0.005000
-146   0.085000
-145  -0.065000
-144  -0.015000
-143   0.100000
-142   0.005000
-141  -0.005000
-140   0.045000
-139   0.020000
-138  -0.030000
-137  -0.010000
-136   0.035000
-135   0.085000
-134   0.025000
-133  -0.060000
-132   0.005000
-131  -0.015000
-130  -0.045000
-129   0.040000
-128   0.050000
-127   0.030000
-126   0.010000
-125  -0.010000
-124   0.030000
-123  -0.055000
-122   0.065000
-121  -0.010000
-120   0.025000
-119   0.080000
-118   0.045000
-117  -0.140000
-116   0.035000
-115   0.000000
-114  -0.010000
-113  -0.020000
-112   0.090000
-111  -0.100000
-110   0.060000
-109   0.025000
-108   0.045000
-107  -0.020000
-106   0.025000
-105   0.050000
-104   0.025000
-103  -0.035000
-102   0.005000
-101  -0.040000
-100   0.010000
-99   0.070000
-98  -0.095000
-97  -0.075000
-96   0.000000
-95   0.020000
-94  -0.010000
-93  -0.010000
-92   0.035000
-91   0.070000
-90  -0.010000
-89  -0.065000
-88  -0.060000
-87   0.025000
-86  -0.055000
-85  -0.060000
-84   0.005000
-83  -0.000000
-82   0.070000
-81   0.000000
-80  -0.125000
-79   0.045000
-78  -0.080000
-77  -0.035000
-76  -0.030000
-75  -0.045000
-74  -0.020000
-73   0.065000
-72  -0.045000
-71   0.050000
-70  -0.015000
-69   0.035000
-68   0.070000
-67   0.075000
-66   0.030000
-65   0.010000
-64  -0.030000
-63   0.020000
-62   0.035000
-61   0.030000
-60   0.065000
-59   0.010000
-58  -0.080000
-57  -0.000000
-56  -0.100000
-55  -0.000000
-54  -0.010000
-53   0.050000
-52  -0.020000
-51  -0.065000
-50  -0.075000
-49   0.020000
-48  -0.095000
-47   0.065000
-46  -0.050000
-45   0.035000
-44  -0.035000
-43   0.060000
-42   0.075000
-41  -0.020000
-40  -0.030000
-39  -0.060000
-38   0.015000
-37   0.005000
-36  -0.000000
-35  -0.020000
-34  -0.025000
-33   0.000000
-32  -0.020000
-31  -0.030000
-30  -0.010000
-29   0.100000
-28   0.025000
-27  -0.040000
-26   0.000000
-25   0.005000
-24   0.010000
-23  -0.010000
-22  -0.050000
-21  -0.025000
-20   0.025000
-19  -0.070000
-18  -0.045000
-17   0.085000
-16   0.105000
-15   0.015000
-14   0.005000
-13  -0.020000
-12  -0.005000
-11  -0.015000
-10   0.030000
-9  -0.060000
-8  -0.005000
-7   0.020000
-6   0.020000
-5   0.130000
-4  -0.020000
-3  -0.070000
-2  -0.005000
-1  -0.010000
