0   0.050000
1  -0.060000
2   0.025000
3  -0.000000
4   0.040000
5   0.030000
6  -0.015000
7   0.045000
8   0.035000
9  -0.020000
10  -0.010000
11   0.010000
12  -0.065000
13  -0.050000
14   0.065000
15   0.000000
16   0.020000
17  -0.000000
18  -0.100000
19  -0.070000
20  -0.070000
21  -0.060000
22  -0.050000
23  -0.055000
24   0.045000
25   0.000000
26  -0.000000
27  -0.015000
28   0.035000
29  -0.000000
30   0.075000
31   0.095000
32  -0.035000
33   0.025000
34   0.160000
35   0.005000
36  -0.060000
37  -0.100000
38   0.045000
39   0.030000
40   0.045000
41   0.005000
42   0.070000
43  -0.075000
44  -0.015000
45   0.005000
46  -0.010000
47   0.030000
48  -0.055000
49   0.150000
50   0.020000
51   0.020000
52   0.095000
53  -0.050000
54   0.010000
55  -0.010000
56  -0.005000
57  -0.025000
58  -0.015000
59  -0.030000
60   0.100000
61  -0.060000
62   0.010000
63   0.055000
64   0.015000
65   0.085000
66   0.030000
67   0.060000
68   0.060000
69  -0.015000
70  -0.015000
71  -0.035000
72  -0.010000
73   0.050000
74   0.075000
75  -0.050000
76  -0.040000
77  -0.075000
78  -0.055000
79  -0.045000
80  -0.010000
81  -0.080000
82  -0.055000
83  -0.035000
84  -0.025000
85  -0.030000
86  -0.085000
87   0.030000
88  -0.030000
89   0.065000
90   0.035000
91   0.030000
92  -0.010000
93   0.020000
94  -0.045000
95  -0.030000
96  -0.010000
97  -0.020000
98  -0.005000
99  -0.050000
100  -0.020000
101   0.005000
102   0.045000
103   0.005000
104  -0.095000
105   0.070000
106   0.040000
107   0.085000
108   0.055000
109  -0.070000
110   0.050000
111   0.050000
112   0.035000
113  -0.040000
114  -0.010000
115   0.030000
116   0.030000
117  -0.030000
118   0.030000
119   0.060000
120  -0.025000
121   0.010000
122   0.040000
123   0.020000
124   0.045000
125   0.050000
126  -0.040000
127  -0.060000
128   0.020000
129   0.025000
130   0.020000
131   0.030000
132  -0.020000
133   0.030000
134   0.015000
135  -0.025000
136   0.010000
137  -0.080000
138  -0.030000
139  -0.010000
140   0.045000
141  -0.085000
142   0.035000
143  -0.045000
144   0.045000
145   0.070000
146   0.020000
147  -0.035000
148  -0.005000
149  -0.040000
150  -0.055000
151   0.040000
152  -0.090000
153   0.030000
154   0.005000
155   0.060000
156   0.010000
157   0.075000
158  -0.025000
159  -0.010000
160   0.050000
161  -0.055000
162   0.050000
163  -0.000000
164   0.075000
165  -0.055000
166  -0.065000
167  -0.010000
168   0.010000
169  -0.010000
170  -0.080000
171  -0.050000
172  -0.035000
173  -0.050000
174  -0.035000
175   0.005000
176  -0.090000
177   0.040000
178   0.055000
179   0.030000
180  -0.005000
181  -0.030000
182  -0.020000
183   0.030000
184  -0.055000
185  -0.035000
186  -0.035000
187  -0.035000
188  -0.080000
189   0.030000
190  -0.005000
191   0.105000
192   0.085000
193   0.010000
194   0.100000
195  -0.095000
196   0.075000
197   0.000000
198  -0.055000
199   0.040000
200  -0.115000
201  -0.005000
202   0.015000
203  -0.175000
204   0.000000
205  -0.050000
206  -0.030000
207  -0.010000
208  -0.040000
209  -0.025000
210  -0.040000
211  -0.035000
212   0.060000
213  -0.005000
214  -0.030000
215   0.020000
216   0.020000
217   0.000000
218   0.015000
219  -0.045000
220  -0.050000
221  -0.035000
222  -0.030000
223  -0.050000
224  -0.005000
225   0.030000
226  -0.045000
227   0.005000
228   0.000000
229  -0.010000
230   0.045000
231   0.115000
232   0.085000
233   0.040000
234  -0.025000
235   0.020000
236  -0.020000
237  -0.010000
238  -0.040000
239   0.000000
240   0.040000
241  -0.025000
242   0.045000
243  -0.050000
244   0.040000
245  -0.020000
246  -0.005000
247   0.090000
248   0.055000
249  -0.140000
250   0.115000
251  -0.010000
252   0.050000
253   0.110000
254  -0.065000
255  -0.055000
256  -0.005000
257  -0.015000
258  -0.045000
259  -0.055000
260  -0.035000
261   0.045000
262  -0.005000
263  -0.035000
264   0.010000
265  -0.045000
266   0.060000
267   0.005000
268   0.070000
269  -0.080000
270  -0.070000
271   0.065000
272  -0.025000
273  -0.025000
274   0.085000
275  -0.025000
276  -0.080000
277   0.045000
278   0.035000
279   0.005000
280  -0.000000
281   0.015000
282   0.010000
283   0.025000
284   0.065000
285   0.085000
286   0.135000
287   0.005000
288   0.000000
289   0.075000
290  -0.040000
291  -0.055000
292  -0.005000
293  -0.020000
294  -0.040000
295  -0.055000
296  -0.095000
297   0.070000
298   0.055000
299   0.025000
300   0.035000
301  -0.065000
302   0.050000
303   0.040000
304   0.075000
305  -0.000000
306  -0.085000
307   0.035000
308   0.005000
309   0.000000
310   0.035000
311  -0.000000
312   0.015000
313  -0.005000
314  -0.015000
315   0.010000
316   0.020000
317   0.005000
318  -0.025000
319   0.135000
320   0.040000
321  -0.025000
322  -0.100000
323  -0.105000
324   0.080000
325  -0.030000
326   0.015000
327   0.045000
328   0.085000
329  -0.070000
330   0.035000
331   0.005000
332  -0.050000
333   0.060000
334   0.100000
335   0.010000
336   0.010000
337   0.020000
338  -0.000000
339   0.015000
340   0.120000
341  -0.010000
342   0.070000
343  -0.075000
344   0.050000
345  -0.000000
346  -0.005000
347   0.045000
348  -0.090000
349  -0.045000
350  -0.030000
351   0.005000
352  -0.040000
353   0.065000
354   0.055000
355   0.045000
356   0.030000
357  -0.025000
358  -0.070000
359   0.035000
360  -0.055000
361   0.020000
362  -0.055000
363  -0.010000
364   0.025000
365  -0.060000
366   0.010000
367  -0.105000
368   0.030000
369   0.010000
370  -0.030000
371  -0.065000
372  -0.010000
373   0.105000
374  -0.035000
375   0.030000
376   0.040000
377   0.005000
378   0.045000
379  -0.020000
380   0.025000
381  -0.055000
382   0.060000
383   0.045000
384   0.045000
385  -0.015000
386   0.025000
387   0.035000
388   0.125000
389   0.005000
390  -0.070000
391  -0.020000
392  -0.035000
393   0.015000
394  -0.040000
395   0.020000
396   0.075000
397  -0.005000
398  -0.025000
399  -0.025000
400  -0.035000
401   0.000000
402   0.020000
403   0.020000
404   0.105000
405  -0.040000
406   0.065000
407   0.050000
408   0.050000
409   0.005000
410   0.000000
411   0.015000
412  -0.040000
413  -0.020000
414   0.020000
415  -0.060000
416   0.000000
417   0.015000
418  -0.030000
419  -0.080000
420   0.030000
421  -0.040000
422  -0.075000
423   0.015000
424  -0.035000
425  -0.025000
426  -0.055000
427  -0.015000
428   0.035000
429  -0.030000
430   0.065000
431  -0.100000
432  -0.075000
433  -0.080000
434  -0.055000
435   0.010000
436  -0.075000
437   0.025000
438  -0.010000
439   0.000000
440  -0.035000
441  -0.015000
442   0.060000
443   0.005000
444  -0.005000
445  -0.010000
446  -0.040000
447  -0.085000
448   0.000000
449  -0.055000
450   0.020000
451   0.020000
452  -0.030000
453   0.035000
454   0.045000
455  -0.010000
456  -0.060000
457   0.000000
458   0.010000
459  -0.010000
460  -0.090000
461   0.020000
462   0.045000
463  -0.005000
464   0.090000
465   0.040000
466   0.030000
467  -0.065000
468  -0.060000
469   0.000000
470  -0.005000
471  -0.015000
472  -0.060000
473  -0.010000
474  -0.080000
475   0.015000
476  -0.010000
477   0.035000
478  -0.010000
479   0.030000
480   0.080000
481   0.070000
482   0.090000
483   0.135000
484   0.040000
485   0.040000
486   0.040000
487  -0.030000
488  -0.025000
489   0.065000
490   0.050000
491   0.060000
492  -0.075000
493   0.010000
494   0.015000
495  -0.005000
496   0.050000
497  -0.150000
498   0.065000
499   0.055000
500   0.040000
-499  -0.040000
-498   0.000000
-497  -0.005000
-496   0.030000
-495   0.090000
-494  -0.030000
-493  -0.005000
-492   0.045000
-491  -0.060000
-490  -0.005000
-489  -0.055000
-488   0.070000
-487   0.040000
-486  -0.010000
-485   0.070000
-484   0.020000
-483   0.000000
-482  -0.095000
-481   0.045000
-480  -0.065000
-479  -0.020000
-478  -0.030000
-477   0.020000
-476   0.090000
-475  -0.025000
-474   0.010000
-473  -0.010000
-472   0.005000
-471  -0.070000
-470   0.035000
-469  -0.090000
-468   0.075000
-467  -0.035000
-466   0.045000
-465   0.055000
-464   0.035000
-463  -0.030000
-462  -0.040000
-461   0.055000
-460  -0.010000
-459  -0.025000
-458   0.025000
-457  -0.055000
-456   0.040000
-455  -0.040000
-454   0.010000
-453   0.075000
-452  -0.010000
-451   0.040000
-450  -0.050000
-449  -0.065000
-448   0.005000
-447  -0.045000
-446   0.025000
-445   0.150000
-444   0.005000
-443  -0.035000
-442  -0.015000
-441   0.060000
-440  -0.005000
-439  -0.030000
-438  -0.095000
-437  -0.015000
-436  -0.040000
-435  -0.045000
-434   0.030000
-433   0.040000
-432   0.015000
-431   0.040000
-430   0.065000
-429  -0.050000
-428  -0.020000
-427   0.015000
-426   0.060000
-425  -0.070000
-424   0.020000
-423   0.020000
-422  -0.045000
-421  -0.090000
-420  -0.080000
-419  -0.025000
-418   0.080000
-417  -0.025000
-416   0.020000
-415   0.075000
-414  -0.085000
-413  -0.055000
-412  -0.025000
-411  -0.070000
-410   0.025000
-409  -0.040000
-408  -0.005000
-407   0.030000
-406   0.025000
-405   0.050000
-404   0.045000
-403   0.025000
-402  -0.005000
-401   0.035000
-400   0.050000
-399   0.005000
-398   0.015000
-397  -0.060000
-396  -0.010000
-395   0.085000
-394   0.030000
-393  -0.030000
-392  -0.055000
-391  -0.015000
-390  -0.070000
-389   0.065000
-388   0.035000
-387   0.010000
-386   0.035000
-385  -0.085000
-384   0.025000
-383  -0.005000
-382  -0.095000
-381   0.075000
-380  -0.025000
-379  -0.025000
-378  -0.070000
-377   0.030000
-376  -0.020000
-375   0.085000
-374   0.020000
-373  -0.095000
-372  -0.030000
-371   0.010000
-370   0.080000
-369  -0.020000
-368  -0.030000
-367   0.055000
-366  -0.010000
-365   0.020000
-364   0.065000
-363   0.025000
-362   0.040000
-361  -0.025000
-360  -0.025000
-359   0.070000
-358  -0.035000
-357  -0.015000
-356  -0.075000
-355   0.060000
-354   0.035000
-353  -0.025000
-352  -0.060000
-351   0.045000
-350   0.055000
-349   0.040000
-348  -0.025000
-347  -0.030000
-346  -0.000000
-345  -0.030000
-344   0.005000
-343   0.035000
-342   0.045000
-341  -0.030000
-340  -0.075000
-339   0.055000
-338   0.000000
-337   0.030000
-336   0.010000
-335   0.010000
-334   0.085000
-333   0.060000
-332   0.090000
-331  -0.030000
-330  -0.080000
-329   0.025000
-328  -0.025000
-327  -0.020000
-326   0.055000
-325  -0.080000
-324  -0.030000
-323   0.055000
-322   0.025000
-321  -0.015000
-320   0.025000
-319   0.040000
-318  -0.075000
-317  -0.025000
-316  -0.005000
-315   0.070000
-314  -0.035000
-313  -0.105000
-312  -0.115000
-311   0.030000
-310  -0.105000
-309  -0.115000
-308  -0.030000
-307  -0.005000
-306   0.055000
-305   0.020000
-304   0.060000
-303  -0.005000
-302   0.025000
-301   0.015000
-300   0.030000
-299   0.005000
-298  -0.005000
-297  -0.010000
-296  -0.025000
-295   0.025000
-294  -0.065000
-293  -0.080000
-292  -0.050000
-291   0.095000
-290  -0.035000
-289  -0.015000
-288  -0.075000
-287  -0.025000
-286  -0.035000
-285  -0.130000
-284   0.125000
-283  -0.035000
-282  -0.040000
-281  -0.035000
-280   0.025000
-279  -0.075000
-278  -0.080000
-277  -0.080000
-276   0.050000
-275  -0.005000
-274   0.045000
-273  -0.050000
-272  -0.050000
-271  -0.005000
-270   0.035000
-269  -0.050000
-268  -0.030000
-267  -0.070000
-266   0.065000
-265   0.015000
-264  -0.095000
-263   0.035000
-262  -0.005000
-261   0.025000
-260   0.030000
-259  -0.010000
-258  -0.040000
-257   0.065000
-256  -0.035000
-255   0.080000
-254  -0.085000
-253   0.040000
-252   0.005000
-251  -0.015000
-250  -0.005000
-249  -0.035000
-248   0.005000
-247   0.010000
-246   0.015000
-245  -0.050000
-244  -0.075000
-243  -0.015000
-242   0.050000
-241   0.010000
-240  -0.075000
-239   0.030000
-238  -0.035000
-237   0.005000
-236   0.040000
-235  -0.050000
-234   0.040000
-233   0.045000
-232   0.015000
-231   0.005000
-230   0.075000
-229   0.025000
-228  -0.015000
-227   0.055000
-226   0.070000
-225   0.050000
-224   0.060000
-223  -0.020000
-222   0.030000
-221   0.005000
-220  -0.045000
-219  -0.130000
-218   0.005000
-217  -0.050000
-216  -0.030000
-215   0.010000
-214   0.010000
-213  -0.025000
-212   0.045000
-211  -0.065000
-210   0.045000
-209   0.010000
-208  -0.020000
-207   0.010000
-206   0.000000
-205   0.035000
-204  -0.045000
-203  -0.070000
-202  -0.010000
-201  -0.020000
-200   0.065000
-199   0.055000
-198  -0.055000
-197   0.070000
-196  -0.090000
-195  -0.025000
-194  -0.055000
-193  -0.130000
-192  -0.050000
-191  -0.050000
-190   0.030000
-189  -0.025000
-188  -0.030000
-187   0.000000
-186   0.000000
-185  -0.025000
-184  -0.010000
-183   0.035000
-182   0.015000
-181  -0.070000
-180   0.075000
-179  -0.040000
-178   0.055000
-177  -0.005000
-176   0.045000
-175   0.050000
-174  -0.080000
-173  -0.020000
-172  -0.020000
-171  -0.000000
-170  -0.010000
-169  -0.030000
-168  -0.150000
-167   0.025000
-166   0.025000
-165   0.005000
-164   0.015000
-163   0.005000
-162  -0.015000
-161  -0.070000
-160   0.035000
-159   0.060000
-158  -0.025000
-157  -0.025000
-156   0.000000
-155   0.045000
-154  -0.070000
-153  -0.095000
-152   0.095000
-151  -0.035000
-150  -0.060000
-149   0.040000
-148   0.045000
-147  -0.060000
-146   0.025000
-145   0.030000
-144  -0.005000
-143   0.030000
-142   0.105000
-141   0.030000
-140   0.010000
-139   0.030000
-138  -0.020000
-137  -0.020000
-136  -0.005000
-135  -0.030000
-134   0.040000
-133  -0.015000
-132   0.010000
-131  -0.000000
-130   0.050000
-129  -0.035000
-128  -0.015000
-127  -0.030000
-126  -0.065000
-125  -0.075000
-124  -0.005000
-123   0.020000
-122   0.000000
-121   0.005000
-120   0.000000
-119   0.035000
-118  -0.010000
-117   0.085000
-116  -0.045000
-115  -0.005000
-114  -0.125000
-113   0.030000
-112   0.025000
-111  -0.005000
-110   0.020000
-109  -0.040000
-108   0.005000
-107   0.060000
-106   0.010000
-105   0.040000
-104   0.120000
-103  -0.075000
-102  -0.060000
-101  -0.065000
-100   0.070000
-99  -0.040000
-98  -0.040000
-97   0.025000
-96   0.000000
-95   0.045000
-94  -0.020000
-93   0.000000
-92  -0.025000
-91   0.065000
-90  -0.040000
-89   0.060000
-88   0.020000
-87  -0.010000
-86   0.045000
-85   0.015000
-84   0.050000
-83   0.080000
-82  -0.015000
-81  -0.025000
-80   0.050000
-79   0.010000
-78  -0.040000
-77  -0.045000
-76  -0.040000
-75  -0.050000
-74  -0.065000
-73   0.050000
-72   0.005000
-71  -0.080000
-70  -0.010000
-69  -0.005000
-68   0.025000
-67  -0.060000
-66   0.035000
-65  -0.010000
-64   0.020000
-63   0.030000
-62   0.050000
-61  -0.030000
-60   0.040000
-59   0.005000
-58   0.055000
-57  -0.025000
-56  -0.010000
-55   0.030000
-54  -0.015000
-53  -0.025000
-52  -0.025000
-51   0.000000
-50   0.025000
-49   0.005000
-48  -0.015000
-47   0.025000
-46   0.015000
-45  -0.055000
-44   0.070000
-43   0.070000
-42  -0.075000
-41  -0.050000
-40   0.040000
-39  -0.005000
-38   0.020000
-37   0.060000
-36   0.010000
-35  -0.015000
-34  -0.105000
-33  -0.055000
-32  -0.045000
-31   0.065000
-30  -0.045000
-29  -0.110000
-28   0.020000
-27   0.030000
-26   0.010000
-25   0.010000
-24   0.045000
-23   0.010000
-22  -0.045000
-21   0.080000
-20   0.015000
-19   0.040000
-18   0.065000
-17   0.070000
-16  -0.020000
-15   0.045000
-14   0.055000
-13  -0.005000
-12  -0.015000
-11  -0.035000
-10   0.035000
-9  -0.060000
-8   0.080000
-7  -0.010000
-6  -0.010000
-5  -0.005000
-4  -0.040000
-3  -0.065000
-2  -0.020000
-1  -0.050000
