0   0.050000
1  -0.035000
2   0.005000
3  -0.045000
4   0.085000
5  -0.035000
6  -0.015000
7   0.005000
8  -0.090000
9   0.025000
10  -0.040000
11  -0.065000
12   0.090000
13  -0.120000
14   0.010000
15   0.025000
16  -0.015000
17  -0.010000
18   0.060000
19   0.080000
20  -0.020000
21   0.035000
22   0.060000
23  -0.025000
24   0.045000
25  -0.025000
26  -0.045000
27  -0.015000
28  -0.040000
29  -0.065000
30   0.085000
31  -0.035000
32   0.010000
33   0.010000
34  -0.015000
35  -0.125000
36   0.000000
37   0.040000
38   0.050000
39   0.075000
40  -0.035000
41  -0.025000
42  -0.020000
43   0.035000
44  -0.060000
45   0.015000
46  -0.030000
47  -0.045000
48   0.015000
49  -0.020000
50   0.030000
51  -0.040000
52  -0.025000
53  -0.040000
54   0.050000
55   0.010000
56  -0.035000
57   0.000000
58   0.050000
59  -0.070000
60   0.055000
61  -0.005000
62  -0.010000
63  -0.050000
64  -0.020000
65  -0.005000
66  -0.095000
67   0.085000
68  -0.020000
69  -0.035000
70   0.040000
71   0.070000
72  -0.075000
73   0.000000
74   0.060000
75   0.085000
76  -0.035000
77   0.060000
78  -0.015000
79   0.020000
80   0.015000
81   0.005000
82  -0.075000
83  -0.025000
84   0.045000
85  -0.035000
86  -0.115000
87   0.005000
88  -0.045000
89   0.070000
90   0.010000
91   0.065000
92  -0.080000
93   0.065000
94  -0.030000
95   0.055000
96   0.100000
97   0.010000
98   0.055000
99   0.045000
100  -0.005000
101  -0.020000
102  -0.070000
103  -0.045000
104  -0.085000
105   0.020000
106   0.035000
107   0.135000
108   0.025000
109   0.035000
110  -0.010000
111   0.030000
112   0.040000
113  -0.080000
114  -0.000000
115  -0.010000
116  -0.045000
117   0.025000
118   0.085000
119   0.020000
120   0.025000
121   0.065000
122   0.095000
123  -0.020000
124   0.015000
125  -0.030000
126   0.020000
127   0.055000
128  -0.015000
129   0.065000
130  -0.080000
131   0.005000
132   0.045000
133   0.010000
134   0.005000
135   0.040000
136   0.035000
137   0.020000
138   0.050000
139  -0.015000
140   0.100000
141  -0.050000
142   0.010000
143   0.045000
144  -0.120000
145   0.050000
146   0.040000
147   0.015000
148  -0.010000
149  -0.040000
150   0.045000
151  -0.005000
152  -0.035000
153   0.015000
154   0.025000
155   0.010000
156  -0.020000
157   0.080000
158   0.030000
159  -0.005000
160  -0.005000
161   0.085000
162  -0.025000
163  -0.035000
164  -0.040000
165   0.015000
166   0.030000
167  -0.050000
168   0.055000
169   0.020000
170   0.025000
171  -0.025000
172  -0.040000
173   0.030000
174  -0.040000
175  -0.005000
176   0.130000
177  -0.040000
178   0.015000
179   0.030000
180   0.000000
181  -0.035000
182  -0.025000
183   0.075000
184  -0.035000
185  -0.015000
186  -0.050000
187  -0.155000
188   0.025000
189   0.015000
190  -0.035000
191   0.065000
192  -0.015000
193  -0.005000
194  -0.025000
195  -0.050000
196   0.030000
197   0.050000
198  -0.050000
199  -0.035000
200  -0.010000
201  -0.070000
202   0.010000
203  -0.085000
204   0.055000
205   0.030000
206   0.020000
207   0.105000
208   0.045000
209  -0.045000
210   0.125000
211   0.035000
212  -0.055000
213  -0.025000
214   0.000000
215   0.010000
216  -0.010000
217   0.055000
218   0.005000
219  -0.025000
220   0.000000
221   0.035000
222  -0.020000
223  -0.035000
224  -0.005000
225   0.115000
226   0.065000
227   0.020000
228  -0.035000
229   0.050000
230  -0.020000
231  -0.045000
232   0.060000
233  -0.010000
234   0.055000
235  -0.150000
236   0.000000
237   0.015000
238  -0.010000
239   0.015000
240  -0.005000
241  -0.085000
242   0.010000
243   0.015000
244   0.055000
245   0.005000
246  -0.020000
247   0.055000
248  -0.045000
249  -0.095000
250  -0.065000
251   0.045000
252  -0.050000
253   0.010000
254  -0.035000
255   0.050000
256   0.035000
257  -0.025000
258  -0.055000
259  -0.060000
260   0.005000
261  -0.025000
262   0.055000
263   0.050000
264  -0.030000
265   0.065000
266   0.015000
267   0.035000
268  -0.020000
269  -0.000000
270   0.025000
271  -0.040000
272  -0.030000
273   0.010000
274   0.030000
275  -0.080000
276  -0.005000
277   0.100000
278  -0.030000
279   0.000000
280   0.025000
281  -0.025000
282  -0.045000
283   0.010000
284  -0.010000
285   0.035000
286   0.040000
287  -0.050000
288   0.020000
289  -0.010000
290  -0.000000
291  -0.050000
292   0.075000
293  -0.060000
294   0.005000
295   0.130000
296   0.030000
297  -0.005000
298  -0.000000
299  -0.065000
300  -0.000000
301   0.030000
302  -0.010000
303  -0.070000
304   0.025000
305   0.050000
306   0.050000
307   0.050000
308   0.065000
309  -0.070000
310  -0.080000
311   0.025000
312  -0.075000
313  -0.040000
314   0.040000
315   0.070000
316   0.065000
317  -0.015000
318  -0.015000
319  -0.005000
320  -0.020000
321  -0.020000
322   0.020000
323  -0.045000
324   0.000000
325  -0.005000
326   0.030000
327   0.060000
328  -0.000000
329  -0.085000
330  -0.010000
331   0.010000
332   0.005000
333  -0.035000
334   0.065000
335  -0.045000
336  -0.015000
337   0.105000
338  -0.010000
339  -0.060000
340  -0.125000
341   0.050000
342   0.030000
343  -0.065000
344   0.005000
345   0.020000
346   0.035000
347  -0.025000
348   0.120000
349   0.030000
350   0.015000
351   0.040000
352   0.045000
353  -0.080000
354  -0.070000
355   0.015000
356   0.000000
357  -0.045000
358   0.085000
359  -0.070000
360  -0.020000
361  -0.005000
362   0.060000
363   0.035000
364   0.015000
365   0.090000
366   0.030000
367  -0.025000
368  -0.045000
369  -0.125000
370  -0.090000
371  -0.015000
372   0.010000
373  -0.055000
374  -0.005000
375  -0.005000
376   0.035000
377  -0.070000
378   0.030000
379  -0.015000
380   0.040000
381   0.060000
382   0.045000
383  -0.005000
384   0.020000
385   0.100000
386   0.010000
387  -0.000000
388  -0.060000
389  -0.015000
390  -0.025000
391   0.030000
392   0.020000
393   0.005000
394   0.000000
395   0.095000
396  -0.050000
397   0.070000
398   0.050000
399   0.105000
400  -0.025000
401  -0.035000
402   0.035000
403  -0.030000
404   0.050000
405  -0.015000
406   0.005000
407   0.130000
408   0.010000
409   0.060000
410  -0.015000
411  -0.010000
412  -0.100000
413  -0.030000
414  -0.020000
415   0.005000
416   0.030000
417   0.085000
418   0.050000
419   0.050000
420  -0.015000
421  -0.005000
422   0.035000
423  -0.065000
424  -0.000000
425   0.015000
426   0.010000
427  -0.035000
428  -0.015000
429  -0.015000
430   0.120000
431  -0.030000
432  -0.045000
433  -0.020000
434   0.115000
435   0.005000
436  -0.025000
437  -0.000000
438  -0.030000
439  -0.120000
440  -0.025000
441   0.115000
442  -0.045000
443  -0.065000
444   0.085000
445  -0.060000
446   0.100000
447   0.105000
448  -0.020000
449   0.065000
450  -0.010000
451   0.005000
452  -0.055000
453  -0.040000
454  -0.015000
455  -0.095000
456  -0.055000
457   0.010000
458   0.035000
459   0.020000
460   0.035000
461   0.100000
462   0.050000
463   0.000000
464  -0.070000
465  -0.075000
466   0.055000
467  -0.045000
468   0.055000
469   0.030000
470   0.045000
471   0.020000
472   0.000000
473   0.040000
474  -0.040000
475  -0.075000
476   0.030000
477   0.095000
478   0.015000
479   0.030000
480  -0.065000
481  -0.010000
482   0.065000
483   0.035000
484   0.035000
485  -0.055000
486   0.005000
487  -0.045000
488   0.015000
489  -0.095000
490   0.005000
491   0.085000
492   0.000000
493  -0.015000
494   0.050000
495  -0.005000
496   0.020000
497   0.025000
498   0.065000
499   0.030000
500   0.015000
-499  -0.050000
-498   0.085000
-497  -0.020000
-496  -0.020000
-495  -0.100000
-494   0.005000
-493  -0.050000
-492   0.055000
-491   0.040000
-490  -0.055000
-489   0.035000
-488  -0.025000
-487   0.125000
-486   0.010000
-485   0.080000
-484  -0.085000
-483   0.020000
-482  -0.015000
-481  -0.090000
-480   0.100000
-479  -0.055000
-478  -0.030000
-477   0.000000
-476   0.015000
-475  -0.025000
-474  -0.005000
-473  -0.020000
-472  -0.055000
-471  -0.065000
-470   0.055000
-469  -0.005000
-468   0.005000
-467  -0.020000
-466   0.080000
-465  -0.015000
-464  -0.010000
-463   0.035000
-462   0.010000
-461   0.105000
-460   0.100000
-459  -0.065000
-458   0.075000
-457   0.020000
-456  -0.045000
-455   0.015000
-454  -0.050000
-453  -0.020000
-452  -0.060000
-451  -0.065000
-450   0.015000
-449   0.065000
-448   0.030000
-447   0.000000
-446  -0.030000
-445   0.110000
-444  -0.040000
-443  -0.050000
-442   0.045000
-441   0.010000
-440  -0.020000
-439  -0.020000
-438   0.075000
-437  -0.040000
-436   0.005000
-435  -0.055000
-434  -0.045000
-433   0.025000
-432  -0.035000
-431  -0.035000
-430  -0.085000
-429   0.100000
-428   0.125000
-427  -0.020000
-426  -0.060000
-425   0.050000
-424  -0.065000
-423   0.045000
-422   0.065000
-421   0.030000
-420  -0.060000
-419  -0.040000
-418  -0.040000
-417   0.015000
-416   0.030000
-415   0.000000
-414   0.100000
-413   0.090000
-412   0.020000
-411  -0.155000
-410  -0.035000
-409   0.040000
-408  -0.065000
-407   0.005000
-406   0.030000
-405   0.030000
-404   0.045000
-403  -0.060000
-402   0.070000
-401   0.000000
-400   0.030000
-399   0.005000
-398  -0.040000
-397   0.005000
-396  -0.065000
-395   0.015000
-394   0.040000
-393  -0.070000
-392  -0.080000
-391  -0.005000
-390   0.170000
-389  -0.010000
-388  -0.035000
-387  -0.025000
-386  -0.060000
-385  -0.055000
-384  -0.030000
-383  -0.085000
-382  -0.025000
-381   0.035000
-380   0.065000
-379   0.030000
-378  -0.010000
-377   0.110000
-376   0.000000
-375   0.050000
-374  -0.050000
-373   0.000000
-372   0.050000
-371   0.010000
-370  -0.010000
-369   0.000000
-368   0.040000
-367  -0.075000
-366  -0.010000
-365   0.070000
-364  -0.065000
-363  -0.025000
-362   0.040000
-361   0.090000
-360   0.010000
-359   0.080000
-358   0.005000
-357  -0.030000
-356   0.005000
-355  -0.020000
-354  -0.080000
-353  -0.035000
-352  -0.030000
-351   0.035000
-350   0.015000
-349  -0.020000
-348  -0.120000
-347  -0.030000
-346   0.010000
-345  -0.065000
-344   0.095000
-343   0.030000
-342  -0.010000
-341  -0.040000
-340  -0.005000
-339  -0.020000
-338   0.010000
-337  -0.015000
-336   0.010000
-335  -0.050000
-334   0.050000
-333  -0.055000
-332   0.045000
-331   0.015000
-330   0.055000
-329  -0.100000
-328   0.065000
-327  -0.015000
-326  -0.005000
-325  -0.075000
-324  -0.080000
-323   0.005000
-322   0.095000
-321  -0.045000
-320   0.040000
-319  -0.055000
-318   0.020000
-317   0.010000
-316  -0.045000
-315   0.035000
-314  -0.100000
-313   0.030000
-312  -0.040000
-311   0.060000
-310   0.020000
-309  -0.005000
-308  -0.120000
-307  -0.015000
-306  -0.030000
-305  -0.015000
-304   0.020000
-303   0.060000
-302  -0.000000
-301   0.080000
-300  -0.005000
-299   0.015000
-298   0.005000
-297   0.080000
-296  -0.005000
-295  -0.055000
-294   0.065000
-293  -0.010000
-292   0.095000
-291  -0.050000
-290  -0.105000
-289   0.030000
-288   0.100000
-287   0.045000
-286   0.140000
-285  -0.045000
-284   0.030000
-283  -0.040000
-282  -0.005000
-281  -0.050000
-280   0.095000
-279  -0.020000
-278   0.005000
-277  -0.030000
-276   0.065000
-275  -0.050000
-274   0.040000
-273   0.005000
-272  -0.055000
-271   0.065000
-270  -0.120000
-269   0.020000
-268   0.080000
-267  -0.045000
-266   0.020000
-265   0.125000
-264   0.030000
-263  -0.090000
-262   0.050000
-261  -0.145000
-260  -0.005000
-259   0.030000
-258   0.040000
-257  -0.010000
-256   0.015000
-255  -0.045000
-254  -0.010000
-253   0.035000
-252   0.085000
-251   0.055000
-250  -0.030000
-249   0.030000
-248   0.035000
-247  -0.060000
-246   0.040000
-245  -0.005000
-244   0.015000
-243  -0.030000
-242  -0.010000
-241  -0.020000
-240  -0.015000
-239  -0.025000
-238  -0.045000
-237   0.000000
-236   0.045000
-235  -0.035000
-234   0.090000
-233   0.025000
-232   0.010000
-231  -0.065000
-230  -0.030000
-229   0.025000
-228  -0.115000
-227  -0.020000
-226   0.120000
-225   0.010000
-224  -0.025000
-223  -0.055000
-222   0.110000
-221   0.105000
-220   0.030000
-219  -0.040000
-218  -0.040000
-217  -0.045000
-216  -0.060000
-215  -0.015000
-214  -0.025000
-213   0.000000
-212  -0.090000
-211   0.005000
-210   0.065000
-209  -0.030000
-208   0.040000
-207   0.000000
-206  -0.020000
-205   0.035000
-204  -0.030000
-203  -0.015000
-202   0.015000
-201  -0.035000
-200   0.020000
-199   0.050000
-198  -0.045000
-197  -0.035000
-196  -0.030000
-195  -0.010000
-194   0.025000
-193   0.050000
-192  -0.015000
-191  -0.045000
-190  -0.025000
-189  -0.050000
-188   0.060000
-187   0.030000
-186   0.000000
-185  -0.060000
-184   0.020000
-183  -0.035000
-182   0.040000
-181  -0.055000
-180  -0.080000
-179   0.005000
-178   0.025000
-177   0.000000
-176   0.035000
-175   0.020000
-174  -0.015000
-173  -0.065000
-172   0.035000
-171  -0.005000
-170   0.035000
-169   0.010000
-168   0.075000
-167   0.055000
-166   0.055000
-165   0.065000
-164  -0.030000
-163   0.015000
-162   0.005000
-161  -0.020000
-160  -0.020000
-159   0.075000
-158   0.075000
-157   0.010000
-156  -0.095000
-155   0.060000
-154   0.030000
-153   0.015000
-152  -0.020000
-151  -0.045000
-150   0.085000
-149   0.040000
-148   0.050000
-147  -0.030000
-146   0.060000
-145   0.020000
-144   0.020000
-143  -0.060000
-142  -0.025000
-141   0.005000
-140   0.030000
-139  -0.095000
-138  -0.010000
-137   0.020000
-136  -0.135000
-135  -0.030000
-134   0.015000
-133  -0.055000
-132  -0.020000
-131  -0.015000
-130  -0.065000
-129  -0.010000
-128  -0.040000
-127  -0.070000
-126  -0.035000
-125  -0.060000
-124   0.045000
-123  -0.005000
-122   0.035000
-121  -0.065000
-120  -0.035000
-119   0.000000
-118   0.015000
-117  -0.100000
-116   0.055000
-115  -0.070000
-114  -0.025000
-113   0.075000
-112  -0.045000
-111  -0.055000
-110   0.065000
-109  -0.015000
-108   0.070000
-107  -0.070000
-106  -0.010000
-105   0.040000
-104  -0.030000
-103   0.005000
-102   0.035000
-101  -0.060000
-100  -0.090000
-99  -0.030000
-98  -0.015000
-97  -0.050000
-96  -0.005000
-95  -0.070000
-94  -0.040000
-93   0.020000
-92  -0.005000
-91  -0.020000
-90  -0.120000
-89  -0.010000
-88  -0.005000
-87   0.020000
-86  -0.025000
-85   0.050000
-84   0.010000
-83  -0.005000
-82   0.015000
-81  -0.000000
-80  -0.055000
-79  -0.040000
-78  -0.020000
-77  -0.050000
-76  -0.105000
-75   0.000000
-74  -0.115000
-73   0.030000
-72  -0.065000
-71  -0.115000
-70   0.005000
-69   0.065000
-68  -0.000000
-67   0.065000
-66   0.095000
-65   0.070000
-64   0.020000
-63  -0.110000
-62  -0.000000
-61  -0.050000
-60   0.010000
-59  -0.030000
-58  -0.035000
-57   0.005000
-56   0.045000
-55  -0.090000
-54   0.025000
-53  -0.015000
-52  -0.015000
-51   0.090000
-50   0.060000
-49   0.010000
-48   0.010000
-47  -0.005000
-46  -0.040000
-45  -0.060000
-44  -0.005000
-43  -0.045000
-42  -0.015000
-41  -0.045000
-40   0.135000
-39   0.010000
-38  -0.005000
-37   0.050000
-36  -0.030000
-35   0.135000
-34   0.035000
-33   0.040000
-32   0.005000
-31   0.120000
-30   0.055000
-29  -0.125000
-28  -0.025000
-27  -0.030000
-26   0.055000
-25  -0.030000
-24  -0.050000
-23  -0.035000
-22   0.020000
-21   0.030000
-20   0.055000
-19   0.005000
-18  -0.015000
-17  -0.050000
-16  -0.065000
-15   0.015000
-14  -0.025000
-13   0.080000
-12   0.085000
-11   0.015000
-10   0.105000
-9  -0.050000
-8  -0.065000
-7  -0.090000
-6  -0.090000
-5   0.070000
-4   0.030000
-3  -0.050000
-2   0.045000
-1   0.010000
