0   0.030000
1   0.040000
2   0.055000
3  -0.035000
4   0.030000
5  -0.005000
6  -0.070000
7  -0.065000
8  -0.040000
9   0.005000
10  -0.040000
11  -0.020000
12   0.020000
13  -0.040000
14  -0.010000
15   0.020000
16   0.030000
17   0.005000
18   0.040000
19   0.030000
20  -0.015000
21   0.020000
22  -0.025000
23  -0.040000
24   0.040000
25   0.050000
26  -0.020000
27  -0.075000
28  -0.015000
29   0.030000
30   0.065000
31   0.005000
32  -0.125000
33   0.020000
34  -0.085000
35   0.020000
36  -0.015000
37   0.045000
38  -0.015000
39  -0.055000
40   0.015000
41   0.100000
42  -0.045000
43  -0.015000
44   0.045000
45  -0.075000
46  -0.050000
47   0.040000
48  -0.030000
49  -0.025000
50  -0.040000
51  -0.010000
52   0.010000
53  -0.030000
54  -0.015000
55  -0.020000
56   0.010000
57   0.055000
58  -0.050000
59  -0.005000
60   0.030000
61   0.010000
62  -0.010000
63  -0.025000
64   0.065000
65   0.075000
66   0.045000
67   0.035000
68  -0.080000
69  -0.010000
70   0.015000
71  -0.070000
72  -0.060000
73   0.050000
74   0.055000
75  -0.050000
76  -0.060000
77   0.055000
78   0.005000
79   0.030000
80   0.130000
81   0.040000
82  -0.055000
83  -0.030000
84  -0.045000
85   0.005000
86   0.080000
87   0.060000
88  -0.025000
89   0.025000
90  -0.055000
91  -0.015000
92  -0.010000
93  -0.030000
94   0.125000
95  -0.015000
96   0.010000
97  -0.055000
98  -0.005000
99  -0.030000
100  -0.025000
101   0.050000
102  -0.060000
103   0.015000
104  -0.055000
105   0.010000
106  -0.090000
107  -0.005000
108  -0.065000
109  -0.040000
110   0.020000
111   0.030000
112  -0.035000
113  -0.090000
114  -0.020000
115  -0.070000
116   0.035000
117  -0.015000
118  -0.040000
119  -0.015000
120   0.025000
121   0.000000
122  -0.115000
123  -0.120000
124  -0.005000
125   0.040000
126   0.065000
127   0.120000
128   0.035000
129   0.055000
130  -0.020000
131  -0.075000
132  -0.030000
133  -0.015000
134  -0.010000
135  -0.010000
136   0.065000
137  -0.070000
138   0.065000
139  -0.090000
140  -0.040000
141  -0.015000
142   0.065000
143   0.075000
144  -0.030000
145   0.095000
146  -0.125000
147  -0.035000
148   0.090000
149  -0.040000
150  -0.040000
151  -0.030000
152   0.015000
153  -0.015000
154   0.010000
155  -0.045000
156   0.090000
157  -0.105000
158   0.040000
159   0.020000
160   0.065000
161  -0.040000
162   0.065000
163   0.040000
164   0.045000
165   0.015000
166  -0.050000
167  -0.015000
168  -0.070000
169   0.120000
170   0.005000
171  -0.040000
172   0.030000
173  -0.015000
174  -0.025000
175  -0.010000
176   0.035000
177  -0.005000
178  -0.050000
179  -0.045000
180   0.035000
181  -0.080000
182   0.035000
183  -0.110000
184   0.005000
185  -0.015000
186  -0.020000
187   0.040000
188   0.150000
189   0.030000
190  -0.005000
191   0.085000
192   0.020000
193  -0.035000
194  -0.030000
195  -0.010000
196  -0.010000
197  -0.030000
198  -0.025000
199  -0.005000
200  -0.030000
201   0.005000
202   0.045000
203  -0.010000
204  -0.005000
205   0.015000
206   0.015000
207  -0.020000
208  -0.050000
209  -0.005000
210  -0.055000
211   0.085000
212  -0.060000
213  -0.005000
214   0.015000
215  -0.045000
216  -0.030000
217  -0.070000
218  -0.060000
219   0.060000
220  -0.085000
221   0.005000
222  -0.045000
223  -0.055000
224   0.025000
225  -0.035000
226  -0.065000
227   0.015000
228  -0.035000
229  -0.040000
230   0.010000
231   0.015000
232   0.020000
233   0.060000
234   0.005000
235  -0.015000
236   0.105000
237   0.035000
238  -0.015000
239   0.055000
240   0.040000
241  -0.040000
242   0.080000
243   0.025000
244  -0.030000
245  -0.040000
246   0.065000
247  -0.005000
248   0.005000
249  -0.045000
250  -0.010000
251  -0.025000
252  -0.020000
253   0.110000
254  -0.020000
255  -0.010000
256   0.090000
257   0.010000
258  -0.040000
259   0.040000
260   0.110000
261  -0.040000
262  -0.045000
263   0.030000
264   0.035000
265  -0.020000
266  -0.030000
267  -0.020000
268   0.070000
269  -0.015000
270   0.025000
271  -0.060000
272  -0.080000
273   0.030000
274   0.080000
275  -0.010000
276  -0.050000
277   0.040000
278   0.000000
279  -0.015000
280   0.090000
281  -0.040000
282   0.015000
283   0.035000
284  -0.000000
285  -0.020000
286   0.010000
287   0.090000
288  -0.010000
289  -0.095000
290   0.140000
291  -0.060000
292   0.025000
293  -0.085000
294   0.050000
295  -0.055000
296  -0.015000
297   0.035000
298   0.020000
299   0.005000
300  -0.025000
301   0.015000
302  -0.020000
303   0.030000
304   0.000000
305   0.125000
306  -0.005000
307  -0.020000
308   0.010000
309   0.020000
310   0.045000
311   0.005000
312   0.085000
313   0.090000
314  -0.050000
315  -0.045000
316   0.030000
317  -0.065000
318   0.010000
319   0.025000
320  -0.075000
321   0.030000
322  -0.035000
323   0.010000
324  -0.010000
325   0.170000
326  -0.090000
327  -0.005000
328  -0.010000
329   0.005000
330   0.015000
331   0.050000
332  -0.005000
333   0.025000
334   0.020000
335  -0.020000
336   0.135000
337   0.020000
338  -0.000000
339   0.000000
340   0.020000
341   0.145000
342   0.005000
343   0.050000
344   0.040000
345  -0.095000
346  -0.020000
347   0.060000
348   0.005000
349  -0.020000
350   0.040000
351   0.070000
352  -0.020000
353  -0.060000
354  -0.085000
355  -0.080000
356   0.025000
357  -0.020000
358  -0.025000
359   0.005000
360  -0.080000
361  -0.015000
362  -0.000000
363  -0.065000
364  -0.080000
365  -0.020000
366  -0.005000
367   0.035000
368  -0.010000
369   0.020000
370  -0.055000
371  -0.025000
372   0.095000
373  -0.020000
374   0.015000
375   0.005000
376   0.025000
377  -0.060000
378  -0.005000
379   0.050000
380  -0.005000
381  -0.005000
382  -0.030000
383  -0.090000
384  -0.010000
385   0.025000
386  -0.060000
387  -0.060000
388   0.015000
389  -0.010000
390  -0.015000
391   0.075000
392   0.050000
393  -0.060000
394  -0.115000
395   0.010000
396  -0.080000
397   0.085000
398  -0.015000
399   0.030000
400   0.020000
401  -0.035000
402   0.040000
403  -0.020000
404  -0.020000
405   0.020000
406   0.055000
407   0.000000
408   0.040000
409  -0.090000
410   0.015000
411  -0.020000
412   0.010000
413  -0.045000
414  -0.005000
415  -0.020000
416   0.040000
417  -0.045000
418   0.070000
419  -0.025000
420   0.025000
421   0.045000
422  -0.080000
423  -0.120000
424   0.020000
425   0.045000
426   0.090000
427  -0.050000
428   0.005000
429   0.085000
430  -0.050000
431   0.050000
432   0.035000
433   0.005000
434   0.005000
435  -0.015000
436   0.005000
437  -0.010000
438   0.005000
439  -0.080000
440  -0.025000
441  -0.080000
442  -0.070000
443   0.055000
444  -0.065000
445  -0.015000
446   0.000000
447   0.010000
448  -0.080000
449  -0.030000
450   0.015000
451   0.005000
452   0.020000
453   0.060000
454   0.000000
455  -0.015000
456   0.075000
457   0.005000
458   0.045000
459  -0.015000
460   0.035000
461   0.035000
462   0.050000
463   0.015000
464  -0.050000
465   0.060000
466   0.055000
467   0.050000
468   0.090000
469   0.045000
470   0.060000
471  -0.020000
472  -0.005000
473  -0.015000
474  -0.120000
475  -0.000000
476   0.005000
477  -0.010000
478   0.015000
479   0.015000
480  -0.015000
481   0.010000
482   0.000000
483  -0.055000
484   0.015000
485   0.025000
486  -0.055000
487   0.085000
488   0.035000
489  -0.020000
490  -0.065000
491   0.060000
492  -0.035000
493  -0.015000
494   0.000000
495  -0.005000
496  -0.010000
497  -0.020000
498   0.045000
499  -0.010000
500   0.110000
-499   0.050000
-498   0.075000
-497  -0.065000
-496   0.030000
-495  -0.035000
-494   0.025000
-493  -0.110000
-492   0.010000
-491  -0.000000
-490   0.025000
-489   0.015000
-488   0.055000
-487   0.055000
-486  -0.005000
-485  -0.010000
-484  -0.035000
-483   0.040000
-482   0.005000
-481  -0.055000
-480   0.035000
-479  -0.085000
-478   0.000000
-477  -0.000000
-476  -0.005000
-475  -0.010000
-474  -0.010000
-473   0.055000
-472  -0.020000
-471  -0.025000
-470   0.045000
-469   0.010000
-468  -0.005000
-467   0.130000
-466   0.005000
-465  -0.035000
-464  -0.095000
-463  -0.030000
-462   0.020000
-461  -0.095000
-460   0.025000
-459   0.090000
-458  -0.040000
-457  -0.020000
-456  -0.080000
-455  -0.040000
-454   0.090000
-453  -0.005000
-452  -0.005000
-451   0.000000
-450  -0.040000
-449  -0.005000
-448   0.035000
-447  -0.020000
-446   0.075000
-445  -0.005000
-444  -0.020000
-443   0.020000
-442   0.065000
-441  -0.100000
-440   0.045000
-439   0.050000
-438   0.050000
-437  -0.035000
-436  -0.090000
-435   0.020000
-434  -0.020000
-433   0.080000
-432   0.030000
-431  -0.080000
-430   0.000000
-429  -0.045000
-428  -0.000000
-427  -0.040000
-426   0.025000
-425   0.050000
-424  -0.040000
-423  -0.100000
-422  -0.060000
-421   0.060000
-420   0.075000
-419   0.005000
-418  -0.035000
-417  -0.020000
-416   0.000000
-415   0.005000
-414   0.040000
-413  -0.060000
-412   0.065000
-411  -0.000000
-410  -0.005000
-409   0.020000
-408  -0.070000
-407  -0.005000
-406   0.010000
-405  -0.045000
-404  -0.035000
-403   0.005000
-402  -0.010000
-401   0.055000
-400  -0.010000
-399   0.010000
-398  -0.005000
-397   0.015000
-396   0.020000
-395   0.060000
-394  -0.035000
-393   0.020000
-392   0.095000
-391  -0.015000
-390  -0.025000
-389   0.010000
-388  -0.010000
-387   0.035000
-386   0.020000
-385   0.025000
-384  -0.055000
-383   0.055000
-382   0.005000
-381   0.075000
-380   0.060000
-379   0.005000
-378   0.055000
-377   0.105000
-376  -0.010000
-375  -0.025000
-374   0.100000
-373  -0.050000
-372  -0.030000
-371   0.030000
-370   0.005000
-369   0.005000
-368   0.025000
-367  -0.025000
-366  -0.010000
-365  -0.060000
-364  -0.010000
-363   0.045000
-362  -0.005000
-361   0.025000
-360   0.050000
-359   0.005000
-358   0.080000
-357   0.045000
-356   0.000000
-355   0.000000
-354   0.005000
-353   0.015000
-352   0.045000
-351  -0.010000
-350  -0.045000
-349   0.055000
-348  -0.040000
-347  -0.055000
-346   0.050000
-345  -0.055000
-344   0.085000
-343  -0.010000
-342  -0.050000
-341  -0.000000
-340   0.040000
-339   0.010000
-338   0.030000
-337  -0.075000
-336   0.045000
-335  -0.030000
-334  -0.015000
-333  -0.065000
-332  -0.100000
-331   0.005000
-330  -0.015000
-329  -0.015000
-328   0.025000
-327   0.040000
-326  -0.045000
-325  -0.065000
-324  -0.065000
-323   0.045000
-322  -0.050000
-321  -0.010000
-320   0.045000
-319   0.040000
-318   0.015000
-317  -0.035000
-316  -0.045000
-315  -0.030000
-314  -0.040000
-313  -0.055000
-312   0.040000
-311  -0.005000
-310   0.020000
-309   0.070000
-308   0.005000
-307  -0.025000
-306   0.045000
-305  -0.045000
-304  -0.055000
-303   0.050000
-302   0.005000
-301   0.015000
-300   0.105000
-299  -0.015000
-298   0.105000
-297   0.030000
-296  -0.050000
-295   0.000000
-294  -0.035000
-293   0.060000
-292   0.100000
-291  -0.015000
-290   0.015000
-289  -0.030000
-288  -0.010000
-287  -0.035000
-286   0.090000
-285  -0.010000
-284   0.025000
-283   0.030000
-282   0.075000
-281   0.025000
-280   0.010000
-279  -0.010000
-278   0.020000
-277  -0.025000
-276   0.060000
-275   0.020000
-274  -0.050000
-273  -0.020000
-272  -0.010000
-271   0.080000
-270  -0.005000
-269   0.025000
-268  -0.025000
-267  -0.010000
-266   0.000000
-265   0.015000
-264  -0.040000
-263  -0.030000
-262   0.005000
-261  -0.050000
-260  -0.045000
-259  -0.005000
-258  -0.005000
-257   0.160000
-256   0.035000
-255  -0.055000
-254   0.035000
-253   0.005000
-252   0.050000
-251   0.050000
-250  -0.005000
-249   0.005000
-248  -0.090000
-247  -0.025000
-246  -0.110000
-245  -0.005000
-244  -0.020000
-243  -0.050000
-242   0.005000
-241   0.005000
-240  -0.030000
-239  -0.060000
-238   0.065000
-237  -0.025000
-236   0.010000
-235   0.020000
-234   0.025000
-233  -0.005000
-232  -0.080000
-231   0.040000
-230   0.050000
-229  -0.000000
-228  -0.035000
-227   0.025000
-226   0.005000
-225   0.070000
-224  -0.145000
-223  -0.075000
-222  -0.075000
-221  -0.035000
-220   0.015000
-219   0.030000
-218  -0.005000
-217  -0.030000
-216   0.005000
-215   0.060000
-214   0.010000
-213  -0.085000
-212   0.040000
-211  -0.040000
-210   0.045000
-209  -0.065000
-208  -0.045000
-207   0.070000
-206  -0.055000
-205   0.010000
-204  -0.045000
-203   0.105000
-202   0.080000
-201  -0.005000
-200   0.060000
-199  -0.000000
-198   0.075000
-197   0.075000
-196  -0.120000
-195   0.000000
-194  -0.050000
-193   0.020000
-192  -0.030000
-191  -0.020000
-190  -0.010000
-189   0.060000
-188  -0.075000
-187  -0.040000
-186   0.025000
-185   0.030000
-184   0.090000
-183  -0.040000
-182   0.015000
-181   0.005000
-180   0.045000
-179  -0.040000
-178  -0.040000
-177   0.035000
-176  -0.055000
-175   0.100000
-174   0.005000
-173  -0.020000
-172   0.030000
-171   0.015000
-170  -0.015000
-169   0.040000
-168  -0.040000
-167   0.035000
-166  -0.045000
-165   0.040000
-164   0.030000
-163  -0.005000
-162  -0.065000
-161   0.055000
-160   0.020000
-159   0.015000
-158   0.060000
-157   0.030000
-156   0.010000
-155  -0.040000
-154   0.070000
-153  -0.030000
-152  -0.020000
-151   0.065000
-150  -0.010000
-149  -0.075000
-148  -0.090000
-147  -0.040000
-146   0.020000
-145   0.055000
-144   0.010000
-143   0.010000
-142   0.045000
-141   0.025000
-140  -0.050000
-139   0.010000
-138   0.060000
-137  -0.030000
-136  -0.055000
-135   0.070000
-134  -0.060000
-133  -0.030000
-132   0.030000
-131  -0.010000
-130  -0.055000
-129  -0.015000
-128   0.010000
-127   0.050000
-126  -0.045000
-125   0.060000
-124  -0.025000
-123  -0.055000
-122   0.060000
-121  -0.035000
-120  -0.085000
-119  -0.015000
-118  -0.070000
-117   0.060000
-116   0.065000
-115  -0.005000
-114  -0.010000
-113   0.030000
-112  -0.035000
-111   0.005000
-110   0.030000
-109   0.005000
-108  -0.040000
-107   0.005000
-106   0.035000
-105  -0.000000
-104   0.050000
-103  -0.020000
-102  -0.070000
-101  -0.015000
-100  -0.030000
-99  -0.025000
-98  -0.030000
-97  -0.015000
-96  -0.055000
-95  -0.050000
-94   0.010000
-93   0.025000
-92   0.035000
-91  -0.005000
-90  -0.025000
-89   0.005000
-88   0.050000
-87   0.035000
-86  -0.020000
-85  -0.030000
-84  -0.010000
-83   0.035000
-82   0.010000
-81   0.050000
-80   0.030000
-79   0.085000
-78   0.055000
-77   0.030000
-76   0.105000
-75   0.005000
-74  -0.010000
-73   0.090000
-72   0.065000
-71  -0.045000
-70   0.090000
-69   0.025000
-68  -0.000000
-67   0.010000
-66   0.015000
-65   0.025000
-64  -0.025000
-63   0.000000
-62  -0.010000
-61   0.045000
-60   0.010000
-59   0.040000
-58   0.030000
-57  -0.025000
-56  -0.020000
-55  -0.085000
-54   0.015000
-53   0.030000
-52  -0.010000
-51  -0.055000
-50  -0.010000
-49   0.045000
-48   0.035000
-47  -0.015000
-46  -0.030000
-45  -0.000000
-44  -0.050000
-43   0.010000
-42  -0.030000
-41   0.005000
-40  -0.010000
-39  -0.030000
-38  -0.010000
-37   0.050000
-36  -0.040000
-35   0.125000
-34   0.030000
-33  -0.090000
-32   0.015000
-31   0.010000
-30  -0.050000
-29   0.060000
-28  -0.025000
-27   0.080000
-26   0.065000
-25  -0.060000
-24  -0.020000
-23  -0.020000
-22  -0.025000
-21  -0.110000
-20  -0.060000
-19  -0.025000
-18  -0.035000
-17  -0.005000
-16  -0.070000
-15   0.055000
-14   0.035000
-13   0.030000
-12  -0.005000
-11   0.030000
-10  -0.010000
-9  -0.060000
-8  -0.015000
-7   0.010000
-6  -0.035000
-5   0.045000
-4   0.075000
-3  -0.050000
-2  -0.060000
-1  -0.060000
