0   0.090000
1  -0.060000
2  -0.000000
3  -0.065000
4  -0.035000
5  -0.060000
6   0.010000
7   0.040000
8   0.110000
9  -0.005000
10   0.045000
11  -0.030000
12   0.010000
13  -0.040000
14   0.030000
15  -0.045000
16  -0.010000
17   0.020000
18   0.035000
19   0.050000
20  -0.045000
21   0.005000
22   0.050000
23  -0.010000
24   0.045000
25   0.000000
26   0.000000
27  -0.010000
28  -0.055000
29  -0.015000
30  -0.020000
31   0.015000
32   0.020000
33  -0.060000
34  -0.010000
35  -0.015000
36  -0.010000
37   0.050000
38  -0.070000
39   0.025000
40   0.000000
41   0.025000
42  -0.020000
43  -0.035000
44  -0.015000
45  -0.085000
46   0.010000
47   0.035000
48   0.000000
49  -0.105000
50   0.055000
51   0.050000
52  -0.065000
53   0.135000
54  -0.080000
55  -0.040000
56  -0.045000
57   0.060000
58  -0.030000
59   0.015000
60   0.015000
61   0.030000
62  -0.015000
63  -0.020000
64  -0.030000
65  -0.025000
66   0.015000
67   0.055000
68   0.035000
69   0.015000
70  -0.110000
71  -0.130000
72   0.035000
73   0.120000
74  -0.020000
75   0.105000
76  -0.030000
77  -0.050000
78   0.035000
79  -0.035000
80   0.065000
81   0.035000
82   0.025000
83  -0.000000
84   0.005000
85   0.020000
86  -0.060000
87  -0.025000
88  -0.025000
89  -0.040000
90  -0.030000
91   0.040000
92   0.035000
93   0.025000
94  -0.025000
95   0.025000
96  -0.020000
97  -0.005000
98   0.040000
99  -0.055000
100  -0.030000
101   0.055000
102   0.000000
103   0.075000
104  -0.080000
105  -0.135000
106  -0.015000
107  -0.030000
108   0.075000
109  -0.080000
110  -0.040000
111   0.020000
112   0.065000
113  -0.015000
114   0.035000
115  -0.060000
116  -0.055000
117   0.070000
118  -0.055000
119  -0.015000
120   0.025000
121  -0.005000
122   0.050000
123  -0.025000
124   0.015000
125   0.080000
126  -0.030000
127   0.065000
128   0.005000
129  -0.020000
130  -0.025000
131   0.100000
132   0.015000
133   0.035000
134  -0.015000
135   0.015000
136   0.065000
137  -0.045000
138   0.030000
139  -0.025000
140   0.005000
141   0.050000
142   0.060000
143  -0.040000
144  -0.035000
145  -0.065000
146  -0.060000
147   0.025000
148   0.030000
149  -0.040000
150  -0.015000
151  -0.005000
152  -0.000000
153  -0.015000
154   0.025000
155   0.020000
156   0.040000
157   0.005000
158  -0.060000
159   0.000000
160  -0.000000
161  -0.015000
162   0.070000
163  -0.010000
164   0.055000
165  -0.010000
166   0.080000
167   0.050000
168   0.035000
169  -0.060000
170  -0.085000
171  -0.025000
172  -0.060000
173   0.060000
174   0.035000
175   0.005000
176  -0.080000
177  -0.040000
178   0.015000
179   0.030000
180  -0.025000
181   0.015000
182   0.025000
183  -0.055000
184  -0.005000
185  -0.040000
186   0.035000
187  -0.050000
188   0.020000
189   0.000000
190   0.020000
191  -0.055000
192   0.020000
193   0.015000
194   0.055000
195   0.050000
196   0.035000
197  -0.035000
198   0.040000
199   0.055000
200   0.095000
201  -0.080000
202  -0.020000
203   0.035000
204  -0.090000
205  -0.035000
206   0.035000
207  -0.005000
208  -0.015000
209   0.070000
210  -0.020000
211   0.025000
212   0.050000
213   0.000000
214   0.015000
215  -0.015000
216   0.065000
217  -0.030000
218  -0.035000
219  -0.030000
220   0.025000
221   0.105000
222  -0.005000
223   0.020000
224  -0.035000
225  -0.030000
226   0.040000
227  -0.040000
228   0.035000
229  -0.025000
230   0.070000
231   0.130000
232   0.030000
233  -0.035000
234  -0.015000
235   0.015000
236  -0.070000
237  -0.055000
238   0.005000
239  -0.040000
240   0.050000
241  -0.010000
242   0.010000
243   0.040000
244  -0.010000
245  -0.030000
246   0.045000
247   0.015000
248   0.055000
249   0.030000
250  -0.015000
251  -0.050000
252   0.080000
253   0.100000
254  -0.010000
255   0.055000
256   0.075000
257  -0.065000
258  -0.040000
259  -0.070000
260  -0.030000
261   0.030000
262  -0.030000
263  -0.070000
264   0.060000
265  -0.075000
266   0.090000
267  -0.010000
268   0.145000
269   0.000000
270   0.040000
271   0.070000
272  -0.010000
273   0.030000
274   0.040000
275   0.015000
276   0.115000
277  -0.010000
278   0.025000
279   0.015000
280  -0.025000
281  -0.020000
282  -0.035000
283  -0.060000
284   0.030000
285  -0.040000
286   0.020000
287   0.100000
288   0.065000
289  -0.025000
290   0.145000
291   0.045000
292   0.015000
293   0.005000
294  -0.050000
295   0.065000
296   0.040000
297   0.035000
298   0.010000
299   0.040000
300  -0.015000
301  -0.050000
302  -0.020000
303   0.065000
304  -0.060000
305  -0.035000
306   0.080000
307  -0.040000
308   0.045000
309   0.055000
310   0.025000
311   0.005000
312   0.160000
313   0.035000
314  -0.000000
315  -0.030000
316   0.050000
317   0.055000
318  -0.020000
319   0.000000
320  -0.025000
321   0.070000
322  -0.010000
323  -0.040000
324   0.035000
325   0.035000
326  -0.060000
327  -0.055000
328   0.050000
329   0.055000
330   0.110000
331  -0.010000
332   0.045000
333  -0.125000
334  -0.080000
335  -0.005000
336   0.025000
337   0.050000
338  -0.045000
339   0.040000
340   0.030000
341   0.025000
342  -0.035000
343  -0.075000
344  -0.000000
345   0.085000
346  -0.035000
347  -0.075000
348   0.080000
349  -0.065000
350  -0.090000
351  -0.030000
352   0.015000
353   0.045000
354   0.070000
355   0.115000
356   0.040000
357   0.030000
358  -0.050000
359   0.000000
360  -0.080000
361  -0.035000
362   0.020000
363   0.020000
364  -0.020000
365  -0.065000
366   0.055000
367  -0.020000
368   0.060000
369   0.005000
370   0.070000
371  -0.065000
372   0.045000
373  -0.065000
374  -0.055000
375   0.075000
376  -0.050000
377   0.010000
378   0.005000
379   0.075000
380   0.035000
381  -0.050000
382   0.020000
383  -0.065000
384   0.015000
385   0.050000
386  -0.020000
387  -0.035000
388  -0.025000
389   0.065000
390   0.000000
391  -0.030000
392   0.000000
393  -0.005000
394   0.040000
395   0.045000
396  -0.010000
397   0.025000
398  -0.100000
399   0.005000
400   0.010000
401   0.050000
402   0.055000
403  -0.015000
404  -0.030000
405  -0.015000
406  -0.020000
407   0.030000
408   0.055000
409   0.030000
410  -0.105000
411  -0.090000
412   0.035000
413   0.010000
414  -0.060000
415  -0.045000
416   0.140000
417   0.040000
418  -0.075000
419  -0.035000
420  -0.090000
421   0.005000
422   0.085000
423   0.100000
424   0.015000
425  -0.080000
426   0.045000
427   0.020000
428   0.055000
429   0.000000
430  -0.035000
431  -0.110000
432  -0.020000
433  -0.015000
434  -0.010000
435  -0.065000
436  -0.050000
437   0.115000
438  -0.020000
439   0.055000
440  -0.040000
441  -0.100000
442   0.045000
443  -0.080000
444   0.025000
445   0.050000
446  -0.010000
447   0.070000
448   0.020000
449  -0.055000
450  -0.020000
451   0.005000
452   0.005000
453   0.010000
454  -0.015000
455   0.050000
456  -0.005000
457  -0.015000
458  -0.050000
459  -0.100000
460   0.050000
461  -0.040000
462   0.030000
463  -0.005000
464   0.060000
465  -0.045000
466  -0.075000
467   0.075000
468   0.045000
469  -0.050000
470   0.010000
471   0.010000
472   0.050000
473  -0.060000
474   0.010000
475  -0.110000
476  -0.095000
477   0.000000
478   0.010000
479  -0.095000
480   0.010000
481   0.015000
482   0.015000
483   0.030000
484   0.050000
485   0.015000
486   0.050000
487   0.005000
488  -0.015000
489  -0.005000
490  -0.035000
491   0.050000
492   0.000000
493   0.005000
494  -0.045000
495  -0.035000
496  -0.130000
497   0.040000
498  -0.010000
499  -0.090000
500  -0.070000
-499  -0.060000
-498  -0.005000
-497  -0.060000
-496   0.065000
-495   0.135000
-494  -0.030000
-493  -0.035000
-492   0.010000
-491   0.025000
-490   0.050000
-489   0.055000
-488   0.060000
-487   0.025000
-486   0.015000
-485  -0.005000
-484   0.030000
-483   0.060000
-482  -0.105000
-481  -0.045000
-480   0.030000
-479  -0.055000
-478   0.010000
-477  -0.095000
-476  -0.065000
-475   0.025000
-474   0.035000
-473   0.060000
-472   0.045000
-471   0.025000
-470  -0.040000
-469   0.005000
-468  -0.080000
-467  -0.050000
-466   0.055000
-465   0.020000
-464  -0.065000
-463  -0.070000
-462  -0.015000
-461   0.130000
-460  -0.065000
-459  -0.005000
-458   0.050000
-457   0.025000
-456   0.060000
-455   0.020000
-454  -0.120000
-453   0.020000
-452   0.030000
-451  -0.000000
-450   0.050000
-449  -0.010000
-448   0.010000
-447  -0.020000
-446   0.075000
-445  -0.000000
-444   0.035000
-443  -0.005000
-442  -0.005000
-441   0.015000
-440   0.100000
-439  -0.050000
-438  -0.015000
-437   0.050000
-436  -0.000000
-435   0.100000
-434  -0.095000
-433  -0.010000
-432  -0.075000
-431  -0.050000
-430   0.075000
-429  -0.025000
-428  -0.000000
-427  -0.075000
-426  -0.015000
-425  -0.065000
-424  -0.000000
-423   0.030000
-422  -0.010000
-421   0.025000
-420   0.060000
-419  -0.055000
-418  -0.045000
-417   0.050000
-416   0.080000
-415   0.055000
-414  -0.030000
-413   0.080000
-412  -0.125000
-411   0.025000
-410   0.110000
-409   0.070000
-408   0.045000
-407   0.030000
-406  -0.010000
-405   0.125000
-404  -0.060000
-403  -0.000000
-402  -0.055000
-401   0.005000
-400   0.025000
-399  -0.030000
-398   0.025000
-397   0.020000
-396  -0.085000
-395  -0.055000
-394  -0.025000
-393  -0.040000
-392  -0.040000
-391   0.045000
-390  -0.020000
-389  -0.005000
-388   0.030000
-387   0.015000
-386   0.085000
-385   0.040000
-384  -0.070000
-383  -0.045000
-382   0.025000
-381  -0.000000
-380  -0.060000
-379  -0.020000
-378  -0.040000
-377  -0.060000
-376  -0.015000
-375  -0.050000
-374   0.035000
-373   0.000000
-372  -0.045000
-371   0.015000
-370  -0.055000
-369   0.020000
-368  -0.020000
-367   0.090000
-366   0.115000
-365   0.000000
-364   0.020000
-363   0.005000
-362   0.075000
-361  -0.045000
-360   0.045000
-359   0.005000
-358   0.100000
-357   0.015000
-356  -0.035000
-355   0.095000
-354  -0.040000
-353  -0.070000
-352   0.005000
-351  -0.000000
-350  -0.005000
-349  -0.050000
-348   0.030000
-347  -0.000000
-346  -0.010000
-345  -0.005000
-344   0.050000
-343  -0.070000
-342  -0.015000
-341   0.145000
-340   0.055000
-339  -0.100000
-338   0.010000
-337   0.010000
-336   0.025000
-335  -0.020000
-334   0.020000
-333  -0.010000
-332   0.045000
-331   0.000000
-330   0.030000
-329   0.000000
-328   0.055000
-327  -0.030000
-326   0.030000
-325  -0.020000
-324  -0.115000
-323  -0.010000
-322  -0.010000
-321   0.055000
-320   0.085000
-319  -0.005000
-318   0.010000
-317   0.025000
-316  -0.030000
-315   0.085000
-314   0.045000
-313  -0.050000
-312  -0.025000
-311   0.055000
-310   0.070000
-309   0.020000
-308  -0.050000
-307   0.010000
-306   0.090000
-305   0.020000
-304  -0.015000
-303   0.020000
-302  -0.010000
-301   0.100000
-300   0.000000
-299  -0.025000
-298  -0.045000
-297   0.020000
-296   0.005000
-295   0.005000
-294  -0.015000
-293  -0.080000
-292  -0.010000
-291  -0.055000
-290  -0.020000
-289  -0.020000
-288   0.005000
-287  -0.010000
-286  -0.085000
-285  -0.060000
-284  -0.035000
-283  -0.025000
-282   0.050000
-281  -0.000000
-280  -0.005000
-279  -0.010000
-278   0.030000
-277  -0.020000
-276   0.190000
-275  -0.115000
-274   0.045000
-273   0.020000
-272   0.005000
-271   0.065000
-270   0.095000
-269  -0.000000
-268   0.015000
-267   0.020000
-266  -0.040000
-265   0.055000
-264   0.015000
-263  -0.005000
-262  -0.060000
-261  -0.070000
-260  -0.015000
-259   0.005000
-258  -0.105000
-257  -0.035000
-256   0.075000
-255  -0.035000
-254   0.030000
-253   0.005000
-252  -0.025000
-251   0.005000
-250  -0.085000
-249  -0.005000
-248  -0.045000
-247   0.040000
-246   0.070000
-245   0.085000
-244  -0.065000
-243  -0.010000
-242  -0.040000
-241  -0.030000
-240  -0.020000
-239  -0.115000
-238  -0.035000
-237   0.000000
-236  -0.045000
-235   0.040000
-234   0.045000
-233   0.065000
-232   0.120000
-231   0.030000
-230  -0.015000
-229  -0.040000
-228  -0.035000
-227  -0.040000
-226  -0.125000
-225  -0.015000
-224   0.005000
-223  -0.005000
-222   0.020000
-221   0.010000
-220   0.020000
-219   0.150000
-218   0.000000
-217  -0.035000
-216  -0.065000
-215  -0.010000
-214   0.060000
-213   0.010000
-212   0.015000
-211  -0.055000
-210  -0.015000
-209   0.050000
-208  -0.040000
-207   0.020000
-206  -0.025000
-205  -0.030000
-204   0.040000
-203   0.000000
-202  -0.050000
-201  -0.065000
-200  -0.030000
-199   0.030000
-198  -0.100000
-197  -0.055000
-196  -0.015000
-195   0.030000
-194  -0.025000
-193   0.045000
-192  -0.015000
-191  -0.010000
-190   0.035000
-189   0.025000
-188   0.025000
-187  -0.065000
-186  -0.010000
-185  -0.050000
-184   0.090000
-183  -0.065000
-182   0.090000
-181  -0.030000
-180  -0.005000
-179   0.035000
-178   0.070000
-177  -0.025000
-176  -0.015000
-175  -0.065000
-174   0.050000
-173  -0.025000
-172  -0.055000
-171  -0.025000
-170   0.060000
-169  -0.010000
-168  -0.035000
-167  -0.060000
-166  -0.015000
-165   0.045000
-164   0.105000
-163  -0.065000
-162   0.015000
-161  -0.100000
-160   0.015000
-159  -0.010000
-158   0.000000
-157  -0.055000
-156  -0.050000
-155  -0.105000
-154  -0.060000
-153  -0.080000
-152   0.040000
-151  -0.065000
-150   0.055000
-149   0.055000
-148   0.035000
-147  -0.060000
-146  -0.090000
-145   0.010000
-144  -0.005000
-143   0.010000
-142  -0.000000
-141  -0.085000
-140   0.015000
-139  -0.030000
-138  -0.060000
-137   0.010000
-136   0.145000
-135  -0.020000
-134  -0.030000
-133  -0.000000
-132  -0.095000
-131  -0.015000
-130   0.060000
-129   0.030000
-128  -0.025000
-127   0.000000
-126  -0.000000
-125   0.025000
-124   0.020000
-123   0.060000
-122  -0.060000
-121  -0.035000
-120  -0.030000
-119  -0.020000
-118   0.035000
-117  -0.080000
-116  -0.030000
-115   0.025000
-114  -0.005000
-113   0.015000
-112   0.005000
-111   0.020000
-110   0.005000
-109   0.005000
-108  -0.065000
-107  -0.030000
-106  -0.050000
-105   0.055000
-104  -0.015000
-103   0.010000
-102   0.045000
-101   0.005000
-100   0.050000
-99   0.005000
-98  -0.075000
-97  -0.030000
-96   0.090000
-95   0.025000
-94  -0.035000
-93  -0.035000
-92   0.020000
-91   0.010000
-90  -0.050000
-89   0.000000
-88  -0.005000
-87   0.010000
-86   0.000000
-85   0.080000
-84   0.000000
-83  -0.010000
-82   0.000000
-81  -0.060000
-80  -0.055000
-79  -0.050000
-78  -0.030000
-77  -0.005000
-76  -0.000000
-75   0.010000
-74  -0.010000
-73  -0.005000
-72  -0.020000
-71  -0.020000
-70   0.090000
-69  -0.000000
-68  -0.020000
-67   0.025000
-66   0.020000
-65  -0.020000
-64   0.065000
-63  -0.055000
-62  -0.025000
-61   0.040000
-60   0.010000
-59  -0.030000
-58  -0.050000
-57  -0.015000
-56   0.030000
-55   0.030000
-54   0.040000
-53   0.010000
-52   0.100000
-51  -0.025000
-50  -0.070000
-49   0.035000
-48   0.065000
-47   0.035000
-46   0.005000
-45   0.050000
-44  -0.005000
-43  -0.185000
-42  -0.005000
-41  -0.025000
-40   0.000000
-39  -0.105000
-38  -0.035000
-37  -0.025000
-36   0.015000
-35  -0.015000
-34  -0.025000
-33   0.010000
-32   0.045000
-31  -0.025000
-30   0.000000
-29   0.065000
-28  -0.055000
-27   0.080000
-26  -0.025000
-25  -0.045000
-24   0.070000
-23   0.045000
-22   0.015000
-21   0.040000
-20   0.020000
-19  -0.060000
-18  -0.020000
-17  -0.010000
-16   0.030000
-15  -0.080000
-14  -0.015000
-13   0.025000
-12  -0.030000
-11  -0.005000
-10  -0.010000
-9  -0.015000
-8   0.020000
-7   0.085000
-6  -0.010000
-5   0.020000
-4   0.045000
-3  -0.070000
-2   0.050000
-1  -0.000000
