0   0.105000
1  -0.005000
2  -0.105000
3  -0.075000
4   0.045000
5   0.105000
6   0.045000
7   0.050000
8  -0.040000
9  -0.010000
10  -0.050000
11  -0.050000
12   0.015000
13   0.025000
14  -0.005000
15  -0.030000
16   0.110000
17  -0.030000
18   0.020000
19   0.055000
20  -0.065000
21   0.055000
22  -0.050000
23   0.025000
24   0.030000
25   0.055000
26  -0.020000
27   0.000000
28   0.000000
29   0.015000
30  -0.115000
31   0.015000
32   0.055000
33   0.050000
34  -0.090000
35  -0.020000
36   0.015000
37  -0.030000
38   0.030000
39   0.010000
40   0.055000
41  -0.030000
42   0.025000
43   0.000000
44  -0.010000
45  -0.090000
46   0.010000
47   0.055000
48  -0.045000
49   0.005000
50   0.065000
51   0.045000
52  -0.050000
53  -0.045000
54  -0.040000
55   0.070000
56  -0.040000
57  -0.060000
58   0.015000
59  -0.035000
60   0.040000
61  -0.055000
62  -0.075000
63  -0.035000
64   0.145000
65  -0.005000
66   0.055000
67  -0.070000
68   0.105000
69   0.030000
70   0.035000
71   0.020000
72   0.110000
73  -0.060000
74   0.035000
75  -0.035000
76  -0.035000
77   0.035000
78  -0.080000
79  -0.020000
80   0.065000
81   0.045000
82   0.005000
83   0.020000
84   0.020000
85  -0.025000
86  -0.065000
87   0.010000
88  -0.145000
89  -0.050000
90   0.010000
91   0.030000
92  -0.035000
93  -0.005000
94  -0.050000
95   0.070000
96   0.025000
97   0.020000
98  -0.060000
99   0.010000
100   0.050000
101   0.025000
102   0.000000
103   0.010000
104   0.015000
105  -0.040000
106   0.070000
107  -0.050000
108  -0.025000
109   0.005000
110  -0.020000
111   0.020000
112  -0.070000
113  -0.045000
114  -0.050000
115   0.005000
116   0.010000
117  -0.005000
118  -0.030000
119   0.020000
120   0.070000
121  -0.070000
122  -0.055000
123   0.035000
124   0.065000
125  -0.045000
126  -0.040000
127   0.045000
128   0.075000
129  -0.110000
130  -0.045000
131   0.010000
132   0.075000
133  -0.070000
134  -0.020000
135  -0.005000
136   0.020000
137   0.025000
138  -0.030000
139  -0.015000
140  -0.055000
141   0.065000
142  -0.050000
143  -0.030000
144   0.005000
145  -0.005000
146  -0.125000
147  -0.050000
148   0.030000
149  -0.035000
150   0.035000
151  -0.025000
152   0.015000
153   0.060000
154  -0.025000
155   0.030000
156   0.035000
157  -0.030000
158   0.000000
159   0.080000
160   0.020000
161  -0.000000
162  -0.085000
163   0.050000
164  -0.075000
165  -0.075000
166   0.020000
167  -0.015000
168  -0.075000
169   0.010000
170   0.005000
171   0.060000
172   0.040000
173  -0.000000
174   0.065000
175  -0.015000
176   0.060000
177  -0.010000
178  -0.070000
179  -0.075000
180   0.005000
181  -0.000000
182  -0.100000
183   0.000000
184   0.025000
185  -0.020000
186   0.050000
187  -0.040000
188  -0.030000
189  -0.030000
190  -0.020000
191   0.065000
192  -0.030000
193   0.055000
194  -0.065000
195   0.065000
196  -0.015000
197  -0.015000
198   0.035000
199  -0.015000
200  -0.060000
201  -0.095000
202  -0.000000
203  -0.010000
204  -0.015000
205  -0.040000
206   0.040000
207  -0.045000
208  -0.115000
209   0.070000
210  -0.015000
211  -0.085000
212  -0.025000
213  -0.055000
214  -0.025000
215   0.025000
216   0.030000
217   0.015000
218   0.025000
219   0.015000
220   0.040000
221  -0.015000
222   0.025000
223   0.060000
224   0.020000
225  -0.060000
226   0.040000
227  -0.040000
228   0.035000
229  -0.045000
230   0.005000
231   0.030000
232   0.000000
233  -0.055000
234  -0.025000
235  -0.020000
236  -0.015000
237  -0.015000
238  -0.015000
239   0.095000
240  -0.010000
241   0.110000
242  -0.015000
243   0.060000
244  -0.010000
245   0.075000
246  -0.065000
247  -0.090000
248   0.010000
249   0.080000
250   0.050000
251   0.030000
252   0.060000
253   0.070000
254   0.045000
255  -0.015000
256   0.050000
257  -0.005000
258   0.030000
259  -0.055000
260   0.095000
261  -0.005000
262  -0.005000
263  -0.050000
264  -0.000000
265  -0.025000
266  -0.015000
267  -0.030000
268   0.080000
269   0.045000
270   0.020000
271   0.025000
272  -0.065000
273  -0.025000
274   0.035000
275   0.045000
276  -0.020000
277   0.050000
278  -0.020000
279  -0.015000
280  -0.105000
281   0.005000
282   0.110000
283  -0.030000
284  -0.025000
285   0.065000
286  -0.025000
287   0.000000
288  -0.010000
289  -0.070000
290   0.005000
291   0.005000
292  -0.170000
293   0.075000
294  -0.075000
295   0.135000
296   0.085000
297  -0.045000
298   0.025000
299  -0.025000
300   0.010000
301   0.035000
302  -0.005000
303   0.050000
304  -0.000000
305  -0.015000
306   0.025000
307   0.015000
308   0.045000
309   0.050000
310  -0.010000
311  -0.065000
312  -0.060000
313  -0.030000
314  -0.025000
315  -0.010000
316   0.025000
317   0.005000
318   0.050000
319  -0.100000
320   0.020000
321   0.060000
322  -0.120000
323   0.005000
324  -0.010000
325  -0.075000
326   0.025000
327  -0.085000
328   0.000000
329  -0.015000
330  -0.035000
331   0.105000
332  -0.050000
333  -0.020000
334   0.020000
335  -0.070000
336  -0.005000
337  -0.070000
338   0.035000
339   0.010000
340   0.005000
341  -0.055000
342   0.040000
343  -0.040000
344   0.035000
345  -0.005000
346   0.005000
347  -0.035000
348  -0.030000
349  -0.035000
350  -0.055000
351  -0.060000
352   0.050000
353  -0.015000
354   0.030000
355  -0.020000
356   0.005000
357   0.015000
358   0.000000
359  -0.010000
360  -0.035000
361   0.055000
362  -0.065000
363  -0.060000
364  -0.010000
365  -0.030000
366  -0.080000
367   0.010000
368   0.045000
369   0.020000
370  -0.055000
371  -0.010000
372   0.055000
373   0.100000
374  -0.080000
375   0.015000
376  -0.005000
377  -0.000000
378  -0.025000
379   0.080000
380  -0.015000
381  -0.070000
382  -0.045000
383   0.000000
384   0.005000
385  -0.080000
386   0.025000
387   0.055000
388  -0.040000
389  -0.050000
390   0.005000
391  -0.035000
392  -0.025000
393   0.035000
394  -0.085000
395  -0.060000
396   0.100000
397   0.090000
398  -0.050000
399   0.005000
400  -0.095000
401  -0.035000
402  -0.035000
403  -0.045000
404  -0.015000
405  -0.035000
406  -0.045000
407  -0.050000
408  -0.040000
409   0.015000
410  -0.090000
411   0.040000
412  -0.025000
413  -0.120000
414   0.010000
415   0.045000
416  -0.020000
417   0.035000
418  -0.005000
419  -0.050000
420  -0.085000
421  -0.010000
422   0.015000
423  -0.010000
424   0.045000
425  -0.055000
426   0.050000
427  -0.045000
428   0.005000
429  -0.045000
430  -0.010000
431   0.015000
432   0.020000
433   0.040000
434   0.045000
435   0.010000
436  -0.025000
437   0.100000
438  -0.050000
439   0.055000
440   0.065000
441  -0.070000
442  -0.065000
443  -0.020000
444   0.030000
445   0.045000
446  -0.010000
447  -0.030000
448   0.045000
449   0.100000
450  -0.050000
451  -0.005000
452   0.030000
453   0.055000
454  -0.045000
455   0.000000
456  -0.065000
457   0.080000
458   0.030000
459  -0.115000
460  -0.030000
461  -0.025000
462  -0.030000
463  -0.085000
464  -0.060000
465   0.000000
466   0.010000
467  -0.035000
468   0.000000
469   0.015000
470   0.065000
471  -0.090000
472  -0.110000
473   0.005000
474   0.005000
475  -0.055000
476   0.020000
477   0.040000
478  -0.040000
479  -0.010000
480  -0.045000
481   0.045000
482  -0.010000
483  -0.010000
484   0.065000
485   0.090000
486   0.005000
487   0.005000
488  -0.005000
489  -0.070000
490   0.075000
491  -0.080000
492  -0.035000
493  -0.095000
494   0.035000
495  -0.090000
496  -0.000000
497   0.030000
498  -0.005000
499   0.030000
500  -0.000000
-499  -0.015000
-498   0.020000
-497   0.010000
-496   0.055000
-495  -0.020000
-494  -0.035000
-493   0.005000
-492  -0.055000
-491   0.120000
-490   0.075000
-489   0.065000
-488   0.035000
-487  -0.000000
-486   0.020000
-485   0.025000
-484   0.025000
-483  -0.040000
-482   0.020000
-481   0.060000
-480  -0.020000
-479   0.010000
-478   0.080000
-477   0.045000
-476   0.095000
-475  -0.040000
-474   0.015000
-473   0.060000
-472   0.020000
-471  -0.115000
-470   0.100000
-469   0.035000
-468  -0.060000
-467  -0.020000
-466   0.005000
-465   0.075000
-464   0.105000
-463   0.010000
-462   0.020000
-461   0.090000
-460   0.035000
-459   0.005000
-458   0.025000
-457   0.000000
-456  -0.060000
-455  -0.045000
-454  -0.005000
-453  -0.060000
-452   0.045000
-451  -0.055000
-450  -0.005000
-449  -0.020000
-448  -0.025000
-447   0.000000
-446  -0.045000
-445   0.030000
-444  -0.030000
-443  -0.060000
-442   0.050000
-441  -0.080000
-440   0.015000
-439  -0.040000
-438   0.075000
-437   0.010000
-436   0.060000
-435   0.030000
-434  -0.075000
-433   0.070000
-432   0.070000
-431  -0.085000
-430  -0.005000
-429   0.010000
-428   0.010000
-427  -0.095000
-426   0.040000
-425   0.010000
-424   0.005000
-423   0.055000
-422  -0.025000
-421  -0.000000
-420   0.035000
-419  -0.075000
-418   0.050000
-417   0.025000
-416   0.110000
-415   0.005000
-414  -0.055000
-413  -0.125000
-412   0.060000
-411   0.030000
-410  -0.005000
-409  -0.055000
-408  -0.020000
-407   0.045000
-406   0.010000
-405   0.025000
-404   0.080000
-403   0.020000
-402   0.010000
-401   0.020000
-400   0.075000
-399   0.060000
-398   0.050000
-397  -0.025000
-396   0.130000
-395  -0.025000
-394  -0.045000
-393  -0.015000
-392  -0.060000
-391   0.070000
-390  -0.030000
-389  -0.010000
-388   0.025000
-387   0.010000
-386  -0.020000
-385   0.020000
-384  -0.060000
-383  -0.040000
-382   0.045000
-381   0.065000
-380   0.090000
-379  -0.035000
-378   0.055000
-377  -0.020000
-376   0.010000
-375   0.010000
-374  -0.030000
-373   0.060000
-372   0.095000
-371  -0.070000
-370   0.005000
-369  -0.035000
-368   0.020000
-367  -0.040000
-366  -0.065000
-365   0.085000
-364   0.120000
-363   0.005000
-362  -0.010000
-361  -0.030000
-360  -0.035000
-359   0.030000
-358   0.050000
-357  -0.030000
-356  -0.080000
-355   0.025000
-354  -0.020000
-353  -0.020000
-352   0.040000
-351   0.105000
-350   0.045000
-349  -0.015000
-348   0.075000
-347  -0.005000
-346  -0.040000
-345  -0.095000
-344  -0.025000
-343   0.035000
-342   0.075000
-341   0.075000
-340   0.015000
-339   0.010000
-338  -0.055000
-337  -0.110000
-336  -0.060000
-335  -0.040000
-334   0.050000
-333   0.000000
-332   0.155000
-331  -0.005000
-330  -0.040000
-329  -0.030000
-328   0.020000
-327  -0.025000
-326   0.035000
-325  -0.005000
-324   0.020000
-323  -0.060000
-322  -0.090000
-321   0.035000
-320   0.050000
-319   0.005000
-318   0.080000
-317   0.030000
-316  -0.045000
-315   0.030000
-314  -0.065000
-313   0.025000
-312   0.115000
-311  -0.000000
-310   0.005000
-309   0.000000
-308  -0.085000
-307   0.065000
-306  -0.045000
-305   0.005000
-304  -0.050000
-303   0.050000
-302   0.035000
-301   0.015000
-300   0.095000
-299  -0.010000
-298   0.030000
-297  -0.085000
-296  -0.005000
-295  -0.085000
-294   0.010000
-293   0.075000
-292  -0.045000
-291   0.040000
-290   0.050000
-289   0.055000
-288  -0.055000
-287   0.050000
-286   0.075000
-285  -0.075000
-284  -0.015000
-283  -0.050000
-282   0.000000
-281   0.125000
-280   0.005000
-279  -0.030000
-278   0.040000
-277  -0.035000
-276  -0.085000
-275  -0.095000
-274   0.065000
-273   0.070000
-272  -0.030000
-271   0.005000
-270   0.060000
-269   0.020000
-268  -0.130000
-267   0.080000
-266   0.085000
-265   0.020000
-264  -0.025000
-263   0.005000
-262  -0.010000
-261  -0.025000
-260  -0.035000
-259   0.010000
-258   0.005000
-257   0.055000
-256   0.015000
-255  -0.015000
-254  -0.040000
-253  -0.050000
-252   0.020000
-251   0.030000
-250  -0.010000
-249  -0.025000
-248   0.050000
-247  -0.055000
-246   0.060000
-245  -0.030000
-244   0.015000
-243   0.050000
-242   0.010000
-241   0.055000
-240  -0.040000
-239   0.020000
-238   0.035000
-237   0.025000
-236  -0.005000
-235  -0.030000
-234   0.010000
-233  -0.080000
-232  -0.110000
-231  -0.060000
-230   0.025000
-229   0.010000
-228   0.030000
-227  -0.020000
-226   0.040000
-225  -0.090000
-224   0.025000
-223   0.070000
-222  -0.065000
-221   0.080000
-220   0.020000
-219  -0.030000
-218  -0.050000
-217  -0.050000
-216   0.020000
-215   0.085000
-214  -0.050000
-213  -0.050000
-212  -0.005000
-211  -0.055000
-210  -0.090000
-209   0.000000
-208   0.030000
-207  -0.080000
-206   0.010000
-205  -0.010000
-204   0.005000
-203   0.010000
-202   0.090000
-201   0.050000
-200   0.010000
-199  -0.020000
-198  -0.050000
-197  -0.030000
-196   0.015000
-195   0.025000
-194  -0.075000
-193  -0.075000
-192   0.025000
-191   0.015000
-190   0.070000
-189  -0.010000
-188  -0.025000
-187   0.025000
-186  -0.130000
-185  -0.005000
-184   0.040000
-183   0.010000
-182  -0.045000
-181   0.000000
-180   0.030000
-179   0.055000
-178  -0.045000
-177  -0.075000
-176  -0.075000
-175  -0.005000
-174   0.005000
-173   0.085000
-172   0.030000
-171   0.015000
-170  -0.045000
-169  -0.040000
-168   0.035000
-167  -0.045000
-166  -0.005000
-165   0.045000
-164   0.020000
-163   0.010000
-162   0.095000
-161  -0.015000
-160   0.030000
-159   0.000000
-158   0.015000
-157   0.040000
-156   0.015000
-155   0.015000
-154   0.030000
-153   0.005000
-152  -0.020000
-151   0.030000
-150   0.020000
-149   0.030000
-148  -0.040000
-147   0.030000
-146  -0.045000
-145  -0.020000
-144  -0.005000
-143  -0.060000
-142  -0.005000
-141  -0.045000
-140   0.000000
-139   0.025000
-138  -0.005000
-137   0.095000
-136  -0.095000
-135   0.000000
-134   0.030000
-133  -0.060000
-132   0.055000
-131  -0.010000
-130   0.055000
-129  -0.035000
-128   0.015000
-127  -0.025000
-126  -0.035000
-125   0.105000
-124   0.035000
-123  -0.035000
-122  -0.025000
-121   0.030000
-120  -0.015000
-119  -0.020000
-118  -0.025000
-117   0.020000
-116   0.035000
-115   0.010000
-114   0.035000
-113  -0.150000
-112  -0.140000
-111   0.065000
-110  -0.010000
-109  -0.045000
-108  -0.065000
-107   0.085000
-106   0.010000
-105  -0.050000
-104   0.030000
-103  -0.015000
-102  -0.005000
-101   0.025000
-100  -0.120000
-99   0.080000
-98  -0.070000
-97   0.060000
-96  -0.015000
-95  -0.090000
-94  -0.010000
-93  -0.015000
-92   0.070000
-91   0.080000
-90   0.115000
-89   0.035000
-88  -0.050000
-87  -0.010000
-86  -0.030000
-85   0.035000
-84  -0.010000
-83   0.090000
-82   0.145000
-81   0.030000
-80  -0.000000
-79  -0.030000
-78   0.010000
-77   0.070000
-76  -0.045000
-75   0.025000
-74  -0.035000
-73  -0.025000
-72  -0.035000
-71   0.025000
-70  -0.025000
-69  -0.010000
-68  -0.035000
-67  -0.015000
-66  -0.055000
-65  -0.005000
-64   0.045000
-63   0.030000
-62   0.055000
-61  -0.010000
-60  -0.005000
-59   0.040000
-58   0.015000
-57   0.010000
-56  -0.100000
-55  -0.040000
-54   0.060000
-53   0.020000
-52  -0.115000
-51  -0.050000
-50  -0.020000
-49   0.055000
-48   0.070000
-47   0.065000
-46  -0.070000
-45   0.020000
-44   0.050000
-43   0.055000
-42   0.000000
-41   0.050000
-40   0.000000
-39   0.040000
-38   0.075000
-37  -0.090000
-36   0.055000
-35   0.025000
-34  -0.005000
-33   0.035000
-32   0.010000
-31  -0.050000
-30  -0.015000
-29   0.050000
-28   0.005000
-27   0.015000
-26  -0.050000
-25  -0.055000
-24   0.045000
-23   0.015000
-22  -0.030000
-21  -0.045000
-20   0.025000
-19   0.135000
-18   0.000000
-17  -0.040000
-16   0.005000
-15   0.070000
-14   0.065000
-13   0.040000
-12  -0.005000
-11   0.015000
-10  -0.035000
-9   0.070000
-8   0.005000
-7   0.025000
-6   0.020000
-5   0.030000
-4  -0.010000
-3   0.030000
-2   0.015000
-1   0.050000
