0  -0.005000
1  -0.105000
2   0.065000
3   0.010000
4   0.035000
5   0.025000
6   0.035000
7  -0.035000
8  -0.025000
9   0.025000
10   0.015000
11  -0.040000
12   0.020000
13   0.090000
14   0.010000
15  -0.055000
16   0.035000
17  -0.035000
18  -0.025000
19  -0.000000
20   0.000000
21  -0.010000
22   0.030000
23   0.000000
24  -0.040000
25   0.080000
26   0.060000
27   0.025000
28   0.015000
29  -0.050000
30  -0.045000
31  -0.040000
32   0.040000
33   0.080000
34   0.015000
35   0.090000
36  -0.025000
37  -0.030000
38   0.005000
39   0.025000
40   0.035000
41  -0.090000
42   0.010000
43   0.005000
44  -0.015000
45   0.035000
46  -0.010000
47   0.050000
48  -0.040000
49   0.025000
50  -0.005000
51  -0.020000
52  -0.030000
53   0.015000
54   0.025000
55   0.045000
56  -0.075000
57   0.005000
58  -0.045000
59   0.020000
60  -0.035000
61   0.025000
62   0.055000
63  -0.005000
64  -0.040000
65   0.005000
66   0.015000
67   0.050000
68   0.020000
69   0.055000
70  -0.070000
71  -0.010000
72   0.015000
73  -0.020000
74   0.050000
75  -0.005000
76   0.100000
77   0.050000
78  -0.025000
79   0.020000
80   0.025000
81  -0.070000
82  -0.035000
83  -0.040000
84   0.000000
85  -0.050000
86  -0.015000
87  -0.075000
88  -0.075000
89   0.080000
90   0.040000
91   0.000000
92   0.020000
93  -0.060000
94  -0.005000
95   0.085000
96   0.035000
97   0.030000
98  -0.025000
99   0.020000
100   0.020000
101   0.035000
102   0.015000
103  -0.000000
104  -0.010000
105  -0.020000
106   0.020000
107  -0.085000
108   0.045000
109   0.070000
110   0.075000
111   0.035000
112  -0.010000
113   0.120000
114   0.030000
115  -0.055000
116  -0.025000
117   0.005000
118   0.035000
119  -0.040000
120   0.010000
121   0.070000
122   0.040000
123   0.035000
124  -0.045000
125   0.035000
126   0.045000
127   0.125000
128  -0.075000
129  -0.095000
130  -0.050000
131  -0.075000
132  -0.050000
133  -0.050000
134  -0.010000
135   0.020000
136   0.040000
137  -0.025000
138   0.010000
139  -0.080000
140  -0.030000
141  -0.015000
142   0.030000
143  -0.025000
144  -0.070000
145   0.015000
146   0.100000
147  -0.025000
148   0.055000
149  -0.030000
150  -0.060000
151  -0.015000
152   0.035000
153   0.030000
154  -0.010000
155   0.030000
156   0.000000
157  -0.015000
158   0.035000
159   0.075000
160  -0.005000
161   0.065000
162  -0.130000
163  -0.015000
164  -0.065000
165   0.000000
166   0.015000
167  -0.020000
168   0.035000
169  -0.030000
170   0.025000
171  -0.015000
172  -0.010000
173   0.075000
174   0.010000
175  -0.040000
176   0.025000
177   0.125000
178   0.020000
179   0.000000
180   0.005000
181   0.055000
182   0.045000
183  -0.025000
184   0.040000
185   0.020000
186  -0.035000
187   0.010000
188  -0.010000
189   0.125000
190   0.025000
191   0.060000
192  -0.035000
193   0.055000
194   0.020000
195   0.085000
196  -0.035000
197  -0.080000
198   0.085000
199  -0.060000
200   0.040000
201  -0.045000
202   0.040000
203   0.050000
204   0.040000
205   0.005000
206  -0.035000
207   0.070000
208  -0.065000
209  -0.005000
210  -0.005000
211  -0.010000
212  -0.005000
213   0.000000
214   0.010000
215  -0.105000
216   0.000000
217   0.005000
218  -0.020000
219   0.090000
220  -0.025000
221   0.025000
222   0.025000
223  -0.055000
224  -0.025000
225   0.025000
226   0.195000
227   0.045000
228   0.010000
229   0.080000
230   0.045000
231   0.120000
232  -0.100000
233   0.065000
234   0.040000
235  -0.065000
236   0.040000
237  -0.010000
238   0.040000
239  -0.005000
240  -0.015000
241  -0.080000
242  -0.055000
243   0.035000
244  -0.025000
245  -0.015000
246  -0.015000
247  -0.085000
248   0.040000
249  -0.005000
250  -0.010000
251   0.045000
252   0.030000
253   0.020000
254   0.060000
255  -0.005000
256   0.065000
257   0.075000
258   0.065000
259  -0.065000
260   0.020000
261   0.025000
262  -0.010000
263  -0.075000
264   0.075000
265   0.010000
266   0.060000
267  -0.065000
268   0.035000
269   0.030000
270  -0.010000
271   0.055000
272   0.065000
273   0.040000
274   0.030000
275  -0.045000
276   0.080000
277  -0.030000
278  -0.030000
279   0.030000
280  -0.065000
281  -0.035000
282  -0.025000
283  -0.095000
284   0.035000
285  -0.050000
286   0.045000
287   0.035000
288   0.015000
289  -0.020000
290   0.015000
291   0.055000
292  -0.035000
293  -0.030000
294  -0.040000
295  -0.030000
296  -0.040000
297   0.035000
298   0.015000
299   0.015000
300  -0.050000
301  -0.025000
302   0.005000
303   0.035000
304   0.025000
305  -0.085000
306   0.035000
307   0.050000
308  -0.035000
309  -0.020000
310   0.045000
311   0.030000
312   0.070000
313  -0.010000
314  -0.035000
315  -0.030000
316  -0.095000
317  -0.100000
318  -0.025000
319   0.110000
320   0.020000
321  -0.025000
322   0.110000
323  -0.090000
324  -0.075000
325   0.005000
326  -0.030000
327   0.055000
328  -0.105000
329   0.010000
330   0.035000
331  -0.065000
332  -0.055000
333   0.025000
334   0.060000
335   0.035000
336  -0.015000
337  -0.015000
338  -0.030000
339   0.015000
340  -0.070000
341   0.050000
342   0.115000
343  -0.035000
344   0.040000
345   0.020000
346   0.075000
347   0.055000
348  -0.085000
349   0.015000
350  -0.035000
351   0.065000
352  -0.040000
353   0.045000
354   0.045000
355  -0.050000
356   0.060000
357  -0.040000
358   0.130000
359  -0.010000
360  -0.060000
361  -0.015000
362   0.030000
363  -0.030000
364  -0.055000
365  -0.005000
366  -0.030000
367   0.080000
368  -0.050000
369  -0.055000
370  -0.020000
371   0.050000
372  -0.110000
373   0.005000
374  -0.010000
375  -0.015000
376   0.070000
377   0.050000
378   0.050000
379  -0.015000
380   0.015000
381  -0.125000
382  -0.030000
383   0.035000
384   0.085000
385  -0.000000
386   0.035000
387  -0.020000
388  -0.035000
389   0.065000
390  -0.065000
391   0.015000
392  -0.010000
393  -0.015000
394   0.030000
395   0.080000
396  -0.045000
397   0.030000
398  -0.015000
399   0.050000
400  -0.070000
401   0.035000
402  -0.055000
403   0.090000
404   0.045000
405   0.035000
406   0.005000
407  -0.060000
408   0.020000
409   0.075000
410  -0.055000
411   0.000000
412   0.025000
413  -0.075000
414   0.045000
415  -0.010000
416  -0.025000
417   0.020000
418   0.070000
419   0.045000
420  -0.075000
421  -0.085000
422  -0.080000
423  -0.030000
424  -0.000000
425   0.125000
426  -0.015000
427   0.015000
428  -0.010000
429   0.080000
430   0.020000
431   0.025000
432  -0.005000
433   0.000000
434   0.060000
435  -0.085000
436  -0.030000
437   0.005000
438   0.005000
439   0.015000
440   0.025000
441  -0.000000
442  -0.005000
443  -0.025000
444   0.015000
445  -0.050000
446  -0.045000
447  -0.010000
448   0.095000
449  -0.045000
450  -0.020000
451  -0.090000
452  -0.055000
453  -0.085000
454   0.090000
455  -0.020000
456  -0.020000
457   0.020000
458  -0.020000
459   0.045000
460  -0.005000
461   0.010000
462   0.040000
463   0.095000
464  -0.020000
465   0.045000
466  -0.020000
467  -0.050000
468  -0.010000
469   0.090000
470   0.055000
471  -0.125000
472   0.120000
473   0.055000
474   0.010000
475  -0.020000
476  -0.020000
477   0.045000
478   0.070000
479  -0.005000
480  -0.010000
481   0.010000
482  -0.060000
483  -0.070000
484   0.025000
485  -0.000000
486   0.035000
487   0.015000
488   0.040000
489   0.005000
490  -0.030000
491   0.005000
492   0.025000
493  -0.090000
494   0.015000
495  -0.030000
496   0.005000
497  -0.030000
498   0.060000
499  -0.070000
500   0.025000
-499   0.045000
-498  -0.030000
-497   0.030000
-496  -0.025000
-495   0.015000
-494  -0.025000
-493  -0.000000
-492  -0.005000
-491   0.080000
-490   0.035000
-489   0.055000
-488  -0.095000
-487   0.025000
-486  -0.025000
-485   0.070000
-484   0.035000
-483  -0.020000
-482   0.000000
-481  -0.015000
-480  -0.105000
-479  -0.005000
-478  -0.045000
-477   0.110000
-476  -0.035000
-475   0.030000
-474   0.050000
-473   0.010000
-472   0.135000
-471  -0.020000
-470   0.015000
-469   0.055000
-468   0.060000
-467   0.015000
-466   0.050000
-465  -0.085000
-464   0.030000
-463   0.005000
-462   0.005000
-461  -0.030000
-460   0.085000
-459   0.045000
-458  -0.080000
-457   0.010000
-456   0.020000
-455   0.045000
-454  -0.070000
-453   0.055000
-452   0.035000
-451  -0.055000
-450   0.045000
-449   0.055000
-448  -0.040000
-447   0.120000
-446   0.025000
-445   0.040000
-444   0.040000
-443   0.005000
-442   0.005000
-441  -0.070000
-440   0.005000
-439  -0.060000
-438  -0.020000
-437   0.060000
-436   0.030000
-435   0.055000
-434   0.060000
-433  -0.050000
-432  -0.060000
-431   0.045000
-430  -0.070000
-429   0.000000
-428   0.075000
-427  -0.000000
-426  -0.065000
-425   0.075000
-424  -0.050000
-423  -0.085000
-422  -0.020000
-421   0.015000
-420   0.030000
-419   0.035000
-418  -0.020000
-417   0.010000
-416   0.005000
-415  -0.050000
-414   0.065000
-413   0.005000
-412   0.020000
-411  -0.000000
-410  -0.110000
-409   0.080000
-408   0.035000
-407  -0.065000
-406   0.030000
-405   0.015000
-404  -0.075000
-403   0.015000
-402   0.035000
-401  -0.050000
-400  -0.065000
-399  -0.035000
-398  -0.020000
-397  -0.040000
-396  -0.035000
-395   0.025000
-394  -0.055000
-393  -0.025000
-392  -0.010000
-391  -0.025000
-390   0.025000
-389  -0.005000
-388  -0.015000
-387   0.000000
-386   0.000000
-385   0.025000
-384  -0.040000
-383  -0.050000
-382  -0.040000
-381   0.075000
-380  -0.085000
-379   0.075000
-378  -0.105000
-377   0.045000
-376   0.125000
-375  -0.050000
-374  -0.045000
-373  -0.030000
-372  -0.065000
-371   0.060000
-370   0.105000
-369   0.000000
-368   0.025000
-367  -0.040000
-366   0.045000
-365   0.010000
-364  -0.010000
-363   0.010000
-362  -0.030000
-361  -0.050000
-360  -0.015000
-359   0.010000
-358  -0.010000
-357   0.075000
-356  -0.020000
-355   0.055000
-354   0.010000
-353  -0.035000
-352  -0.015000
-351  -0.030000
-350  -0.030000
-349   0.030000
-348  -0.035000
-347   0.010000
-346  -0.045000
-345   0.000000
-344  -0.055000
-343   0.000000
-342   0.040000
-341   0.040000
-340  -0.035000
-339  -0.010000
-338   0.060000
-337   0.015000
-336   0.025000
-335   0.015000
-334   0.035000
-333   0.015000
-332  -0.020000
-331   0.015000
-330   0.010000
-329   0.065000
-328  -0.010000
-327  -0.020000
-326   0.045000
-325  -0.015000
-324   0.110000
-323   0.045000
-322  -0.025000
-321   0.075000
-320   0.085000
-319   0.015000
-318  -0.020000
-317   0.055000
-316   0.065000
-315  -0.070000
-314  -0.045000
-313   0.075000
-312  -0.035000
-311   0.050000
-310   0.050000
-309   0.050000
-308   0.010000
-307   0.065000
-306   0.065000
-305  -0.035000
-304  -0.090000
-303  -0.045000
-302   0.015000
-301   0.040000
-300   0.015000
-299  -0.040000
-298   0.015000
-297  -0.020000
-296  -0.050000
-295   0.065000
-294   0.050000
-293   0.070000
-292  -0.075000
-291  -0.055000
-290   0.020000
-289  -0.020000
-288  -0.025000
-287  -0.055000
-286   0.025000
-285  -0.035000
-284   0.060000
-283   0.050000
-282  -0.030000
-281  -0.015000
-280  -0.005000
-279   0.000000
-278   0.045000
-277  -0.035000
-276  -0.055000
-275  -0.020000
-274  -0.020000
-273   0.010000
-272   0.070000
-271  -0.010000
-270  -0.050000
-269   0.050000
-268  -0.030000
-267  -0.065000
-266   0.045000
-265  -0.025000
-264   0.005000
-263  -0.110000
-262  -0.035000
-261   0.090000
-260  -0.115000
-259  -0.000000
-258  -0.005000
-257   0.060000
-256   0.005000
-255  -0.010000
-254   0.055000
-253   0.120000
-252  -0.000000
-251   0.055000
-250   0.010000
-249   0.010000
-248   0.000000
-247   0.080000
-246  -0.040000
-245   0.075000
-244   0.015000
-243   0.140000
-242  -0.035000
-241  -0.080000
-240  -0.110000
-239   0.015000
-238   0.020000
-237  -0.050000
-236  -0.010000
-235  -0.090000
-234  -0.025000
-233   0.000000
-232   0.035000
-231   0.025000
-230  -0.030000
-229   0.060000
-228  -0.060000
-227  -0.010000
-226  -0.030000
-225  -0.025000
-224   0.000000
-223  -0.035000
-222   0.010000
-221  -0.095000
-220   0.040000
-219  -0.015000
-218   0.080000
-217  -0.010000
-216  -0.015000
-215  -0.050000
-214  -0.085000
-213   0.030000
-212  -0.065000
-211  -0.025000
-210  -0.030000
-209  -0.020000
-208  -0.015000
-207  -0.060000
-206   0.040000
-205  -0.055000
-204   0.035000
-203   0.025000
-202  -0.075000
-201   0.015000
-200   0.000000
-199   0.130000
-198   0.045000
-197  -0.035000
-196   0.060000
-195   0.020000
-194  -0.020000
-193   0.150000
-192   0.030000
-191   0.000000
-190  -0.010000
-189   0.015000
-188   0.010000
-187   0.010000
-186  -0.110000
-185   0.045000
-184   0.045000
-183  -0.035000
-182  -0.015000
-181   0.000000
-180   0.020000
-179   0.035000
-178   0.070000
-177   0.065000
-176   0.040000
-175  -0.045000
-174  -0.000000
-173   0.020000
-172  -0.010000
-171   0.035000
-170  -0.040000
-169   0.025000
-168  -0.040000
-167   0.000000
-166   0.065000
-165  -0.000000
-164   0.015000
-163   0.020000
-162   0.085000
-161  -0.025000
-160  -0.065000
-159   0.005000
-158  -0.020000
-157   0.070000
-156  -0.005000
-155   0.020000
-154  -0.030000
-153  -0.020000
-152  -0.055000
-151   0.110000
-150   0.025000
-149  -0.025000
-148  -0.005000
-147  -0.055000
-146   0.010000
-145  -0.035000
-144   0.055000
-143  -0.025000
-142  -0.010000
-141   0.015000
-140  -0.060000
-139  -0.080000
-138  -0.020000
-137   0.035000
-136   0.055000
-135  -0.055000
-134  -0.005000
-133  -0.070000
-132  -0.085000
-131  -0.030000
-130   0.050000
-129   0.060000
-128  -0.050000
-127   0.025000
-126   0.045000
-125   0.015000
-124   0.000000
-123   0.050000
-122  -0.030000
-121   0.075000
-120   0.020000
-119   0.030000
-118   0.045000
-117  -0.025000
-116  -0.025000
-115  -0.030000
-114   0.050000
-113  -0.005000
-112  -0.085000
-111   0.040000
-110   0.035000
-109   0.060000
-108  -0.060000
-107  -0.090000
-106   0.005000
-105   0.050000
-104  -0.005000
-103  -0.015000
-102  -0.060000
-101  -0.065000
-100  -0.020000
-99  -0.020000
-98   0.015000
-97  -0.010000
-96  -0.000000
-95  -0.010000
-94   0.020000
-93  -0.015000
-92  -0.050000
-91   0.005000
-90  -0.045000
-89   0.075000
-88   0.015000
-87  -0.080000
-86  -0.000000
-85   0.050000
-84   0.040000
-83  -0.005000
-82  -0.090000
-81   0.080000
-80   0.020000
-79   0.025000
-78   0.050000
-77  -0.040000
-76   0.095000
-75   0.015000
-74   0.025000
-73   0.020000
-72  -0.030000
-71   0.045000
-70  -0.085000
-69  -0.065000
-68   0.030000
-67  -0.025000
-66  -0.000000
-65   0.005000
-64   0.070000
-63  -0.020000
-62  -0.045000
-61  -0.010000
-60   0.065000
-59  -0.040000
-58  -0.010000
-57   0.030000
-56  -0.030000
-55   0.035000
-54  -0.065000
-53  -0.030000
-52  -0.010000
-51  -0.095000
-50  -0.050000
-49   0.015000
-48  -0.015000
-47   0.040000
-46   0.070000
-45  -0.080000
-44   0.045000
-43  -0.025000
-42   0.005000
-41   0.035000
-40  -0.125000
-39  -0.080000
-38  -0.035000
-37   0.035000
-36  -0.045000
-35  -0.060000
-34  -0.010000
-33  -0.020000
-32   0.070000
-31   0.000000
-30  -0.100000
-29   0.045000
-28  -0.040000
-27   0.005000
-26  -0.050000
-25  -0.030000
-24   0.035000
-23   0.025000
-22   0.055000
-21   0.055000
-20   0.025000
-19  -0.110000
-18  -0.060000
-17   0.010000
-16   0.020000
-15  -0.065000
-14   0.005000
-13   0.050000
-12  -0.045000
-11   0.035000
-10  -0.070000
-9  -0.000000
-8   0.030000
-7  -0.025000
-6  -0.030000
-5  -0.060000
-4   0.055000
-3   0.005000
-2   0.080000
-1  -0.055000
