0   0.045000
1   0.005000
2   0.030000
3   0.065000
4  -0.040000
5  -0.050000
6  -0.070000
7  -0.040000
8   0.085000
9   0.000000
10   0.125000
11  -0.045000
12  -0.025000
13  -0.070000
14   0.075000
15   0.050000
16  -0.120000
17   0.075000
18  -0.010000
19  -0.095000
20  -0.100000
21  -0.025000
22  -0.020000
23  -0.075000
24  -0.000000
25  -0.090000
26   0.005000
27   0.060000
28   0.080000
29  -0.020000
30   0.065000
31   0.075000
32   0.035000
33   0.050000
34   0.015000
35  -0.015000
36   0.075000
37  -0.095000
38  -0.040000
39  -0.005000
40   0.040000
41   0.030000
42  -0.040000
43  -0.020000
44  -0.030000
45   0.040000
46   0.020000
47   0.000000
48  -0.110000
49   0.030000
50   0.020000
51   0.025000
52   0.110000
53  -0.005000
54   0.020000
55  -0.015000
56   0.025000
57  -0.080000
58   0.030000
59  -0.050000
60   0.010000
61  -0.020000
62   0.015000
63   0.010000
64  -0.010000
65   0.000000
66  -0.025000
67   0.055000
68  -0.085000
69  -0.070000
70   0.055000
71   0.050000
72   0.020000
73  -0.020000
74  -0.035000
75   0.015000
76   0.025000
77  -0.005000
78  -0.015000
79   0.025000
80  -0.095000
81  -0.110000
82   0.075000
83  -0.015000
84  -0.085000
85   0.075000
86  -0.020000
87  -0.075000
88  -0.010000
89   0.035000
90  -0.030000
91   0.000000
92  -0.015000
93  -0.045000
94   0.055000
95  -0.070000
96   0.060000
97  -0.040000
98   0.060000
99  -0.025000
100  -0.065000
101   0.020000
102   0.010000
103   0.040000
104   0.020000
105   0.040000
106  -0.030000
107   0.055000
108   0.040000
109  -0.010000
110  -0.055000
111   0.015000
112   0.020000
113  -0.010000
114  -0.050000
115   0.045000
116  -0.025000
117  -0.030000
118   0.115000
119   0.075000
120   0.015000
121   0.015000
122  -0.015000
123  -0.010000
124   0.035000
125   0.080000
126   0.015000
127  -0.080000
128   0.035000
129  -0.060000
130  -0.055000
131  -0.005000
132   0.005000
133   0.010000
134   0.005000
135  -0.150000
136  -0.010000
137  -0.105000
138  -0.060000
139  -0.010000
140   0.020000
141  -0.045000
142  -0.000000
143   0.015000
144  -0.035000
145   0.010000
146  -0.060000
147  -0.025000
148   0.010000
149   0.025000
150  -0.040000
151   0.010000
152  -0.065000
153  -0.010000
154  -0.005000
155  -0.015000
156  -0.015000
157   0.055000
158   0.000000
159  -0.025000
160   0.050000
161  -0.075000
162   0.045000
163   0.000000
164   0.095000
165   0.010000
166  -0.085000
167  -0.030000
168  -0.020000
169  -0.040000
170  -0.095000
171  -0.030000
172  -0.045000
173  -0.070000
174   0.005000
175  -0.020000
176  -0.110000
177  -0.010000
178   0.090000
179   0.085000
180   0.010000
181   0.015000
182   0.075000
183  -0.060000
184   0.030000
185   0.010000
186  -0.030000
187   0.025000
188  -0.055000
189   0.025000
190   0.035000
191   0.030000
192  -0.010000
193  -0.040000
194  -0.085000
195  -0.095000
196  -0.020000
197   0.070000
198  -0.035000
199   0.045000
200  -0.060000
201   0.050000
202  -0.030000
203  -0.085000
204   0.005000
205  -0.035000
206  -0.040000
207   0.050000
208  -0.085000
209  -0.080000
210  -0.035000
211   0.060000
212   0.075000
213   0.030000
214  -0.005000
215  -0.055000
216   0.055000
217   0.010000
218  -0.005000
219  -0.030000
220   0.005000
221   0.045000
222  -0.105000
223  -0.020000
224   0.025000
225   0.080000
226  -0.010000
227   0.045000
228   0.030000
229  -0.030000
230  -0.010000
231   0.100000
232   0.080000
233   0.100000
234  -0.055000
235   0.045000
236  -0.000000
237  -0.045000
238  -0.045000
239  -0.045000
240  -0.065000
241   0.005000
242  -0.035000
243  -0.110000
244   0.015000
245   0.020000
246  -0.025000
247   0.050000
248   0.010000
249  -0.110000
250   0.030000
251  -0.025000
252   0.045000
253   0.065000
254  -0.035000
255  -0.075000
256  -0.010000
257   0.020000
258  -0.070000
259   0.005000
260  -0.035000
261   0.055000
262   0.010000
263   0.090000
264   0.030000
265  -0.030000
266  -0.025000
267   0.015000
268  -0.020000
269   0.005000
270   0.070000
271   0.130000
272   0.070000
273  -0.035000
274  -0.005000
275   0.080000
276  -0.125000
277  -0.015000
278  -0.015000
279  -0.105000
280  -0.040000
281   0.100000
282  -0.025000
283  -0.040000
284   0.020000
285   0.060000
286   0.095000
287  -0.040000
288   0.065000
289   0.100000
290  -0.010000
291  -0.040000
292   0.000000
293  -0.105000
294   0.045000
295  -0.020000
296   0.010000
297  -0.025000
298  -0.030000
299  -0.020000
300   0.065000
301  -0.040000
302  -0.025000
303  -0.030000
304  -0.035000
305  -0.085000
306  -0.040000
307  -0.010000
308   0.010000
309   0.025000
310   0.105000
311   0.050000
312  -0.020000
313  -0.015000
314   0.030000
315  -0.045000
316   0.035000
317  -0.050000
318   0.005000
319   0.075000
320   0.065000
321  -0.025000
322   0.030000
323   0.000000
324   0.020000
325   0.025000
326   0.085000
327  -0.055000
328   0.040000
329  -0.065000
330  -0.015000
331  -0.105000
332   0.020000
333   0.005000
334   0.070000
335   0.065000
336   0.055000
337   0.010000
338   0.015000
339  -0.020000
340   0.090000
341   0.005000
342  -0.005000
343  -0.045000
344   0.035000
345  -0.045000
346   0.040000
347   0.030000
348  -0.030000
349  -0.010000
350   0.025000
351   0.040000
352  -0.025000
353   0.120000
354  -0.030000
355   0.000000
356   0.020000
357  -0.015000
358   0.025000
359  -0.020000
360   0.005000
361   0.010000
362   0.000000
363   0.080000
364   0.015000
365  -0.010000
366   0.065000
367   0.050000
368   0.005000
369   0.025000
370  -0.005000
371  -0.025000
372   0.025000
373   0.115000
374   0.045000
375   0.035000
376  -0.020000
377   0.025000
378   0.045000
379   0.010000
380   0.000000
381  -0.005000
382  -0.025000
383   0.010000
384  -0.015000
385   0.060000
386   0.015000
387   0.040000
388   0.070000
389  -0.000000
390   0.065000
391  -0.045000
392   0.010000
393   0.000000
394   0.005000
395   0.025000
396   0.110000
397   0.015000
398   0.010000
399  -0.075000
400   0.025000
401  -0.045000
402  -0.030000
403  -0.030000
404  -0.035000
405   0.025000
406   0.035000
407   0.065000
408  -0.010000
409   0.025000
410  -0.105000
411  -0.015000
412   0.025000
413   0.020000
414  -0.025000
415   0.070000
416  -0.025000
417   0.085000
418   0.055000
419  -0.075000
420   0.010000
421  -0.020000
422  -0.005000
423   0.010000
424  -0.080000
425   0.030000
426   0.020000
427  -0.035000
428  -0.015000
429  -0.080000
430   0.070000
431  -0.095000
432  -0.020000
433  -0.145000
434   0.040000
435  -0.040000
436  -0.025000
437   0.015000
438   0.010000
439   0.035000
440   0.025000
441  -0.010000
442  -0.025000
443   0.040000
444  -0.040000
445  -0.030000
446   0.055000
447  -0.065000
448  -0.045000
449  -0.020000
450   0.080000
451   0.040000
452   0.005000
453   0.065000
454   0.020000
455   0.000000
456   0.025000
457   0.100000
458  -0.000000
459   0.040000
460  -0.135000
461  -0.000000
462   0.040000
463  -0.035000
464   0.070000
465   0.005000
466   0.015000
467   0.085000
468  -0.035000
469   0.020000
470  -0.030000
471  -0.015000
472  -0.090000
473  -0.045000
474  -0.065000
475   0.065000
476  -0.020000
477  -0.025000
478  -0.035000
479   0.040000
480   0.020000
481  -0.020000
482   0.055000
483   0.105000
484  -0.030000
485   0.025000
486   0.065000
487  -0.005000
488   0.035000
489  -0.050000
490   0.020000
491   0.035000
492   0.015000
493  -0.055000
494  -0.080000
495  -0.025000
496  -0.020000
497  -0.005000
498  -0.050000
499   0.025000
500   0.050000
-499  -0.055000
-498  -0.035000
-497   0.035000
-496  -0.070000
-495   0.005000
-494   0.010000
-493   0.005000
-492   0.000000
-491  -0.085000
-490   0.000000
-489  -0.015000
-488   0.040000
-487   0.040000
-486  -0.005000
-485  -0.015000
-484   0.010000
-483   0.055000
-482  -0.090000
-481   0.085000
-480   0.010000
-479   0.010000
-478  -0.075000
-477   0.020000
-476   0.090000
-475   0.040000
-474   0.040000
-473  -0.160000
-472   0.060000
-471   0.035000
-470  -0.010000
-469  -0.095000
-468   0.000000
-467   0.020000
-466  -0.005000
-465   0.050000
-464   0.000000
-463  -0.015000
-462  -0.015000
-461   0.050000
-460  -0.005000
-459   0.015000
-458   0.020000
-457  -0.070000
-456  -0.065000
-455  -0.070000
-454  -0.025000
-453   0.065000
-452   0.035000
-451   0.090000
-450  -0.060000
-449  -0.005000
-448   0.005000
-447   0.000000
-446  -0.035000
-445   0.040000
-444  -0.035000
-443  -0.030000
-442  -0.045000
-441   0.055000
-440   0.055000
-439  -0.015000
-438  -0.085000
-437   0.025000
-436  -0.070000
-435   0.090000
-434  -0.005000
-433   0.035000
-432  -0.020000
-431  -0.005000
-430  -0.015000
-429  -0.030000
-428   0.035000
-427  -0.040000
-426   0.000000
-425  -0.025000
-424  -0.010000
-423  -0.030000
-422  -0.040000
-421  -0.015000
-420  -0.055000
-419  -0.020000
-418   0.085000
-417   0.050000
-416  -0.015000
-415   0.045000
-414   0.040000
-413  -0.030000
-412   0.070000
-411  -0.085000
-410   0.005000
-409   0.020000
-408  -0.050000
-407   0.050000
-406   0.080000
-405  -0.035000
-404   0.020000
-403   0.065000
-402  -0.050000
-401  -0.055000
-400   0.040000
-399  -0.075000
-398   0.050000
-397   0.055000
-396  -0.035000
-395   0.005000
-394  -0.015000
-393  -0.040000
-392  -0.025000
-391  -0.035000
-390  -0.070000
-389   0.090000
-388  -0.040000
-387  -0.010000
-386   0.010000
-385  -0.030000
-384   0.015000
-383  -0.030000
-382  -0.015000
-381   0.035000
-380   0.010000
-379  -0.020000
-378  -0.065000
-377   0.035000
-376  -0.085000
-375   0.010000
-374  -0.050000
-373  -0.010000
-372   0.015000
-371  -0.020000
-370   0.085000
-369  -0.050000
-368   0.020000
-367   0.040000
-366   0.040000
-365   0.060000
-364  -0.005000
-363  -0.015000
-362   0.000000
-361  -0.080000
-360  -0.015000
-359   0.040000
-358  -0.035000
-357  -0.010000
-356  -0.110000
-355   0.035000
-354  -0.065000
-353   0.015000
-352  -0.065000
-351   0.080000
-350  -0.010000
-349  -0.040000
-348  -0.070000
-347  -0.025000
-346  -0.040000
-345  -0.030000
-344   0.005000
-343  -0.020000
-342  -0.035000
-341  -0.030000
-340  -0.025000
-339   0.045000
-338   0.030000
-337  -0.025000
-336   0.010000
-335  -0.010000
-334  -0.045000
-333   0.100000
-332  -0.045000
-331  -0.050000
-330  -0.055000
-329   0.055000
-328   0.040000
-327   0.015000
-326  -0.015000
-325  -0.070000
-324  -0.095000
-323  -0.000000
-322   0.010000
-321  -0.015000
-320  -0.045000
-319  -0.020000
-318  -0.000000
-317  -0.065000
-316   0.025000
-315   0.040000
-314   0.035000
-313  -0.090000
-312  -0.070000
-311   0.015000
-310  -0.035000
-309  -0.155000
-308   0.055000
-307  -0.050000
-306   0.020000
-305  -0.025000
-304   0.045000
-303  -0.045000
-302  -0.030000
-301  -0.015000
-300   0.000000
-299  -0.025000
-298  -0.025000
-297  -0.050000
-296  -0.030000
-295   0.040000
-294  -0.070000
-293   0.005000
-292  -0.070000
-291   0.090000
-290  -0.090000
-289  -0.055000
-288  -0.070000
-287  -0.010000
-286  -0.020000
-285  -0.090000
-284   0.055000
-283  -0.090000
-282   0.035000
-281  -0.075000
-280   0.025000
-279   0.060000
-278  -0.000000
-277  -0.065000
-276   0.035000
-275  -0.005000
-274   0.045000
-273  -0.020000
-272   0.040000
-271   0.035000
-270  -0.005000
-269  -0.015000
-268  -0.000000
-267  -0.115000
-266  -0.025000
-265  -0.055000
-264  -0.080000
-263   0.060000
-262  -0.000000
-261   0.025000
-260  -0.020000
-259   0.015000
-258  -0.055000
-257   0.025000
-256   0.035000
-255   0.105000
-254  -0.050000
-253   0.125000
-252  -0.005000
-251   0.020000
-250  -0.050000
-249  -0.000000
-248  -0.010000
-247   0.145000
-246  -0.065000
-245  -0.020000
-244  -0.045000
-243  -0.020000
-242   0.050000
-241  -0.020000
-240   0.040000
-239   0.035000
-238  -0.065000
-237  -0.075000
-236   0.035000
-235  -0.035000
-234  -0.045000
-233   0.075000
-232   0.025000
-231  -0.070000
-230  -0.000000
-229  -0.010000
-228  -0.015000
-227  -0.015000
-226   0.080000
-225  -0.020000
-224   0.065000
-223  -0.035000
-222  -0.095000
-221   0.010000
-220   0.045000
-219  -0.070000
-218   0.070000
-217  -0.060000
-216  -0.050000
-215  -0.000000
-214   0.035000
-213  -0.085000
-212  -0.010000
-211  -0.060000
-210   0.035000
-209   0.010000
-208  -0.085000
-207  -0.005000
-206   0.060000
-205   0.035000
-204  -0.130000
-203  -0.045000
-202   0.035000
-201   0.020000
-200   0.050000
-199  -0.015000
-198  -0.020000
-197   0.050000
-196  -0.130000
-195   0.000000
-194  -0.050000
-193  -0.075000
-192  -0.035000
-191  -0.045000
-190   0.060000
-189   0.030000
-188   0.020000
-187  -0.015000
-186   0.060000
-185   0.020000
-184   0.055000
-183  -0.030000
-182  -0.025000
-181   0.010000
-180   0.005000
-179  -0.030000
-178  -0.010000
-177   0.015000
-176   0.025000
-175   0.050000
-174   0.010000
-173   0.010000
-172   0.030000
-171  -0.035000
-170  -0.045000
-169   0.005000
-168  -0.085000
-167  -0.030000
-166   0.015000
-165  -0.040000
-164  -0.005000
-163  -0.035000
-162   0.015000
-161  -0.055000
-160   0.005000
-159   0.055000
-158  -0.050000
-157   0.085000
-156   0.025000
-155  -0.040000
-154  -0.030000
-153  -0.040000
-152   0.025000
-151  -0.040000
-150   0.020000
-149  -0.040000
-148   0.005000
-147  -0.010000
-146   0.005000
-145  -0.070000
-144  -0.020000
-143   0.070000
-142  -0.025000
-141   0.065000
-140   0.000000
-139   0.085000
-138  -0.000000
-137   0.025000
-136   0.045000
-135  -0.050000
-134  -0.030000
-133  -0.045000
-132  -0.085000
-131  -0.010000
-130   0.095000
-129  -0.030000
-128   0.045000
-127  -0.005000
-126   0.055000
-125   0.030000
-124   0.060000
-123  -0.020000
-122   0.050000
-121  -0.005000
-120   0.070000
-119   0.020000
-118  -0.000000
-117   0.095000
-116  -0.080000
-115  -0.055000
-114  -0.035000
-113   0.010000
-112  -0.020000
-111  -0.035000
-110   0.080000
-109  -0.090000
-108  -0.070000
-107  -0.025000
-106   0.035000
-105   0.055000
-104   0.040000
-103   0.010000
-102   0.050000
-101  -0.090000
-100   0.055000
-99   0.060000
-98   0.040000
-97  -0.050000
-96   0.070000
-95   0.030000
-94  -0.020000
-93   0.015000
-92  -0.080000
-91   0.030000
-90  -0.050000
-89   0.005000
-88   0.070000
-87   0.015000
-86  -0.025000
-85  -0.025000
-84  -0.030000
-83   0.035000
-82  -0.085000
-81  -0.070000
-80   0.005000
-79  -0.005000
-78   0.040000
-77   0.005000
-76  -0.020000
-75  -0.065000
-74  -0.020000
-73   0.040000
-72  -0.010000
-71  -0.015000
-70   0.025000
-69   0.020000
-68   0.055000
-67  -0.105000
-66   0.055000
-65  -0.015000
-64   0.050000
-63   0.055000
-62   0.065000
-61   0.105000
-60  -0.025000
-59  -0.020000
-58  -0.015000
-57   0.000000
-56  -0.000000
-55  -0.025000
-54   0.090000
-53   0.020000
-52   0.015000
-51   0.045000
-50   0.060000
-49   0.110000
-48   0.000000
-47   0.040000
-46  -0.055000
-45   0.040000
-44   0.005000
-43   0.100000
-42  -0.050000
-41  -0.020000
-40   0.020000
-39   0.080000
-38  -0.010000
-37   0.000000
-36   0.080000
-35   0.015000
-34  -0.070000
-33  -0.010000
-32   0.020000
-31   0.035000
-30  -0.075000
-29   0.020000
-28  -0.055000
-27  -0.090000
-26  -0.015000
-25   0.055000
-24  -0.025000
-23   0.005000
-22  -0.080000
-21  -0.005000
-20   0.005000
-19   0.080000
-18   0.085000
-17  -0.020000
-16  -0.015000
-15   0.005000
-14   0.060000
-13   0.045000
-12   0.020000
-11  -0.065000
-10  -0.025000
-9  -0.030000
-8   0.035000
-7  -0.020000
-6  -0.040000
-5  -0.055000
-4   0.000000
-3   0.020000
-2  -0.055000
-1  -0.005000
