0   0.060000
1  -0.040000
2   0.120000
3   0.090000
4  -0.030000
5  -0.035000
6  -0.095000
7   0.005000
8   0.055000
9  -0.075000
10   0.120000
11  -0.035000
12  -0.050000
13  -0.040000
14   0.090000
15   0.005000
16  -0.100000
17   0.035000
18  -0.010000
19  -0.090000
20  -0.080000
21  -0.055000
22   0.000000
23  -0.050000
24  -0.020000
25  -0.045000
26   0.010000
27   0.030000
28   0.050000
29  -0.035000
30   0.015000
31   0.045000
32   0.015000
33   0.010000
34   0.040000
35  -0.010000
36   0.035000
37  -0.090000
38  -0.020000
39  -0.005000
40   0.015000
41  -0.020000
42  -0.015000
43   0.070000
44  -0.035000
45   0.005000
46   0.030000
47   0.010000
48  -0.045000
49   0.075000
50  -0.030000
51   0.120000
52   0.075000
53   0.010000
54   0.010000
55   0.005000
56   0.020000
57  -0.085000
58   0.065000
59  -0.035000
60  -0.010000
61   0.005000
62   0.050000
63   0.060000
64  -0.040000
65   0.055000
66   0.035000
67   0.100000
68  -0.070000
69  -0.055000
70   0.030000
71   0.065000
72   0.000000
73  -0.015000
74  -0.030000
75   0.000000
76   0.060000
77  -0.065000
78   0.005000
79   0.040000
80  -0.115000
81  -0.135000
82   0.105000
83  -0.075000
84  -0.050000
85   0.060000
86   0.025000
87  -0.020000
88   0.005000
89   0.010000
90  -0.030000
91  -0.020000
92  -0.005000
93  -0.055000
94   0.075000
95  -0.060000
96   0.065000
97   0.010000
98   0.065000
99  -0.030000
100   0.020000
101   0.070000
102  -0.005000
103  -0.040000
104   0.010000
105   0.025000
106  -0.040000
107   0.075000
108   0.055000
109  -0.050000
110  -0.035000
111   0.050000
112  -0.035000
113   0.050000
114  -0.020000
115   0.050000
116   0.000000
117  -0.050000
118   0.085000
119   0.090000
120   0.015000
121  -0.005000
122  -0.000000
123  -0.060000
124   0.015000
125   0.020000
126   0.000000
127  -0.070000
128   0.045000
129  -0.010000
130  -0.010000
131  -0.035000
132  -0.015000
133   0.050000
134   0.045000
135  -0.105000
136   0.015000
137  -0.060000
138  -0.100000
139   0.010000
140   0.015000
141  -0.100000
142   0.020000
143  -0.005000
144  -0.005000
145   0.075000
146  -0.020000
147   0.000000
148  -0.020000
149  -0.015000
150  -0.025000
151   0.045000
152  -0.020000
153  -0.030000
154  -0.000000
155  -0.010000
156  -0.010000
157   0.040000
158  -0.045000
159  -0.000000
160   0.045000
161  -0.030000
162   0.075000
163   0.075000
164   0.125000
165  -0.020000
166  -0.065000
167  -0.050000
168  -0.030000
169  -0.045000
170  -0.075000
171  -0.040000
172  -0.055000
173  -0.040000
174   0.010000
175  -0.025000
176  -0.080000
177  -0.005000
178   0.105000
179   0.080000
180   0.005000
181   0.030000
182   0.065000
183  -0.030000
184   0.010000
185  -0.010000
186  -0.060000
187   0.010000
188  -0.030000
189   0.030000
190   0.035000
191   0.055000
192   0.015000
193   0.000000
194  -0.045000
195  -0.060000
196  -0.035000
197   0.020000
198  -0.090000
199   0.050000
200  -0.030000
201   0.065000
202  -0.020000
203  -0.080000
204   0.005000
205  -0.055000
206  -0.030000
207   0.100000
208  -0.005000
209  -0.030000
210  -0.010000
211   0.055000
212   0.080000
213   0.015000
214  -0.010000
215  -0.020000
216   0.040000
217   0.025000
218   0.010000
219   0.020000
220  -0.050000
221   0.015000
222  -0.035000
223  -0.015000
224   0.040000
225   0.090000
226  -0.025000
227   0.030000
228   0.020000
229  -0.050000
230  -0.015000
231   0.080000
232   0.110000
233   0.080000
234  -0.035000
235   0.030000
236  -0.020000
237  -0.040000
238  -0.030000
239  -0.070000
240  -0.055000
241  -0.030000
242  -0.020000
243  -0.075000
244   0.060000
245   0.035000
246  -0.030000
247  -0.035000
248   0.035000
249  -0.120000
250   0.020000
251  -0.040000
252   0.040000
253   0.085000
254  -0.010000
255  -0.085000
256  -0.020000
257   0.005000
258  -0.115000
259   0.010000
260  -0.055000
261   0.040000
262  -0.015000
263   0.040000
264   0.040000
265  -0.055000
266  -0.020000
267   0.015000
268  -0.030000
269  -0.030000
270   0.005000
271   0.140000
272   0.070000
273  -0.050000
274  -0.015000
275   0.070000
276  -0.100000
277   0.040000
278   0.015000
279  -0.095000
280  -0.045000
281   0.085000
282  -0.015000
283  -0.015000
284   0.035000
285   0.095000
286   0.090000
287   0.015000
288   0.035000
289   0.060000
290  -0.010000
291  -0.010000
292  -0.010000
293  -0.085000
294   0.035000
295  -0.020000
296  -0.000000
297  -0.015000
298   0.000000
299  -0.005000
300   0.010000
301   0.010000
302   0.035000
303  -0.025000
304  -0.020000
305  -0.020000
306  -0.030000
307   0.015000
308  -0.025000
309   0.025000
310   0.065000
311  -0.010000
312  -0.010000
313  -0.070000
314   0.020000
315  -0.015000
316   0.120000
317   0.020000
318   0.030000
319   0.050000
320   0.070000
321  -0.060000
322  -0.035000
323   0.035000
324   0.030000
325   0.000000
326   0.070000
327  -0.025000
328   0.030000
329  -0.125000
330  -0.035000
331  -0.085000
332   0.055000
333   0.015000
334   0.040000
335   0.010000
336   0.025000
337   0.015000
338   0.070000
339   0.010000
340   0.055000
341  -0.010000
342   0.025000
343  -0.055000
344   0.045000
345   0.025000
346  -0.025000
347   0.020000
348  -0.025000
349   0.015000
350   0.030000
351   0.060000
352  -0.025000
353   0.095000
354   0.000000
355  -0.005000
356   0.005000
357  -0.030000
358  -0.005000
359   0.010000
360   0.045000
361  -0.015000
362   0.010000
363   0.070000
364  -0.010000
365  -0.025000
366   0.025000
367   0.105000
368  -0.015000
369   0.005000
370  -0.025000
371  -0.005000
372  -0.005000
373   0.065000
374   0.060000
375   0.005000
376   0.025000
377  -0.020000
378  -0.035000
379   0.030000
380  -0.010000
381  -0.015000
382   0.005000
383   0.030000
384   0.000000
385   0.060000
386   0.025000
387   0.055000
388   0.055000
389  -0.005000
390   0.010000
391  -0.055000
392   0.065000
393   0.035000
394  -0.055000
395   0.045000
396   0.100000
397   0.015000
398   0.025000
399  -0.015000
400   0.025000
401  -0.065000
402  -0.045000
403  -0.080000
404  -0.055000
405   0.045000
406   0.020000
407   0.015000
408   0.015000
409   0.035000
410  -0.080000
411   0.025000
412  -0.005000
413   0.005000
414  -0.020000
415   0.010000
416  -0.040000
417   0.105000
418   0.020000
419  -0.075000
420  -0.010000
421   0.050000
422   0.010000
423  -0.025000
424  -0.035000
425   0.035000
426   0.020000
427  -0.040000
428   0.020000
429  -0.065000
430   0.035000
431  -0.045000
432  -0.010000
433  -0.140000
434   0.010000
435   0.020000
436  -0.040000
437   0.030000
438  -0.005000
439   0.030000
440  -0.015000
441   0.045000
442  -0.030000
443   0.030000
444  -0.080000
445  -0.025000
446   0.075000
447  -0.065000
448  -0.035000
449  -0.030000
450   0.080000
451   0.060000
452  -0.000000
453   0.025000
454   0.045000
455  -0.020000
456  -0.075000
457   0.100000
458  -0.020000
459   0.005000
460  -0.085000
461   0.085000
462   0.080000
463  -0.035000
464   0.075000
465  -0.005000
466   0.090000
467   0.070000
468  -0.020000
469   0.000000
470  -0.060000
471   0.020000
472  -0.075000
473  -0.055000
474  -0.025000
475   0.095000
476   0.015000
477   0.055000
478  -0.010000
479   0.055000
480   0.055000
481  -0.005000
482   0.090000
483   0.005000
484  -0.065000
485  -0.070000
486   0.090000
487  -0.005000
488  -0.010000
489  -0.070000
490   0.050000
491   0.015000
492   0.020000
493  -0.065000
494  -0.060000
495  -0.015000
496  -0.005000
497   0.030000
498  -0.100000
499   0.005000
500   0.045000
-499   0.015000
-498   0.015000
-497   0.035000
-496  -0.085000
-495   0.035000
-494   0.030000
-493   0.010000
-492  -0.010000
-491  -0.070000
-490  -0.025000
-489  -0.060000
-488   0.060000
-487   0.075000
-486   0.015000
-485  -0.020000
-484  -0.015000
-483  -0.015000
-482  -0.095000
-481   0.050000
-480   0.010000
-479   0.060000
-478  -0.100000
-477   0.035000
-476   0.100000
-475   0.070000
-474   0.000000
-473  -0.145000
-472   0.030000
-471  -0.020000
-470  -0.035000
-469  -0.100000
-468  -0.035000
-467  -0.000000
-466   0.025000
-465   0.030000
-464  -0.005000
-463   0.010000
-462   0.030000
-461   0.045000
-460  -0.005000
-459   0.020000
-458   0.020000
-457  -0.030000
-456  -0.065000
-455  -0.030000
-454  -0.015000
-453   0.010000
-452   0.020000
-451   0.075000
-450  -0.005000
-449  -0.025000
-448   0.005000
-447   0.015000
-446   0.050000
-445   0.050000
-444   0.010000
-443  -0.040000
-442  -0.050000
-441   0.030000
-440   0.080000
-439   0.030000
-438  -0.025000
-437  -0.000000
-436  -0.090000
-435   0.010000
-434   0.025000
-433   0.000000
-432  -0.055000
-431  -0.035000
-430   0.030000
-429  -0.020000
-428  -0.035000
-427  -0.055000
-426  -0.055000
-425  -0.070000
-424  -0.000000
-423  -0.005000
-422  -0.080000
-421  -0.035000
-420  -0.030000
-419   0.025000
-418   0.100000
-417   0.005000
-416  -0.025000
-415   0.030000
-414   0.035000
-413   0.040000
-412   0.025000
-411  -0.065000
-410   0.010000
-409  -0.000000
-408  -0.040000
-407   0.045000
-406   0.040000
-405  -0.035000
-404   0.055000
-403   0.060000
-402  -0.045000
-401   0.010000
-400   0.030000
-399   0.005000
-398   0.030000
-397   0.105000
-396  -0.010000
-395  -0.030000
-394  -0.025000
-393  -0.030000
-392   0.025000
-391   0.035000
-390  -0.055000
-389   0.035000
-388  -0.030000
-387  -0.065000
-386   0.010000
-385   0.015000
-384   0.030000
-383  -0.050000
-382   0.015000
-381  -0.035000
-380  -0.000000
-379  -0.055000
-378  -0.040000
-377   0.065000
-376  -0.055000
-375  -0.010000
-374   0.005000
-373   0.000000
-372   0.075000
-371  -0.000000
-370   0.100000
-369  -0.025000
-368   0.025000
-367   0.010000
-366   0.015000
-365   0.060000
-364   0.005000
-363  -0.045000
-362  -0.025000
-361  -0.040000
-360  -0.060000
-359   0.015000
-358  -0.120000
-357  -0.040000
-356  -0.060000
-355  -0.010000
-354  -0.065000
-353   0.060000
-352  -0.055000
-351   0.055000
-350  -0.010000
-349  -0.030000
-348   0.005000
-347  -0.090000
-346  -0.025000
-345   0.005000
-344  -0.030000
-343  -0.015000
-342  -0.005000
-341   0.005000
-340  -0.050000
-339   0.045000
-338   0.010000
-337  -0.005000
-336   0.005000
-335   0.050000
-334  -0.005000
-333   0.095000
-332  -0.050000
-331  -0.065000
-330  -0.050000
-329   0.065000
-328   0.005000
-327   0.040000
-326  -0.050000
-325  -0.050000
-324  -0.045000
-323   0.035000
-322   0.005000
-321   0.025000
-320  -0.065000
-319   0.000000
-318  -0.010000
-317  -0.035000
-316   0.015000
-315   0.065000
-314   0.010000
-313  -0.130000
-312  -0.045000
-311   0.075000
-310   0.010000
-309  -0.070000
-308   0.025000
-307  -0.020000
-306   0.000000
-305  -0.040000
-304   0.035000
-303  -0.055000
-302  -0.040000
-301  -0.055000
-300   0.035000
-299  -0.000000
-298  -0.025000
-297  -0.045000
-296  -0.030000
-295  -0.015000
-294  -0.065000
-293  -0.040000
-292  -0.055000
-291   0.080000
-290  -0.070000
-289  -0.070000
-288   0.005000
-287  -0.050000
-286  -0.005000
-285  -0.035000
-284   0.070000
-283  -0.040000
-282   0.050000
-281  -0.045000
-280  -0.025000
-279   0.040000
-278  -0.015000
-277  -0.050000
-276   0.040000
-275   0.025000
-274   0.005000
-273  -0.055000
-272   0.010000
-271   0.025000
-270  -0.055000
-269  -0.070000
-268   0.030000
-267  -0.135000
-266  -0.030000
-265  -0.030000
-264  -0.055000
-263   0.050000
-262   0.030000
-261  -0.040000
-260  -0.055000
-259  -0.020000
-258  -0.100000
-257   0.060000
-256   0.020000
-255   0.110000
-254  -0.055000
-253   0.070000
-252  -0.015000
-251  -0.030000
-250  -0.040000
-249  -0.010000
-248   0.000000
-247   0.095000
-246  -0.085000
-245  -0.050000
-244   0.000000
-243  -0.050000
-242   0.065000
-241  -0.015000
-240   0.010000
-239   0.005000
-238  -0.100000
-237  -0.055000
-236   0.060000
-235  -0.045000
-234  -0.035000
-233   0.040000
-232   0.025000
-231  -0.005000
-230   0.065000
-229  -0.030000
-228  -0.030000
-227  -0.010000
-226   0.040000
-225  -0.065000
-224   0.065000
-223  -0.100000
-222  -0.020000
-221  -0.015000
-220   0.015000
-219  -0.055000
-218   0.095000
-217  -0.095000
-216  -0.020000
-215   0.025000
-214   0.005000
-213  -0.030000
-212   0.035000
-211  -0.125000
-210   0.040000
-209   0.005000
-208  -0.070000
-207  -0.020000
-206   0.065000
-205   0.075000
-204  -0.110000
-203  -0.095000
-202   0.000000
-201   0.090000
-200   0.045000
-199  -0.035000
-198   0.005000
-197   0.020000
-196  -0.105000
-195  -0.035000
-194  -0.010000
-193  -0.075000
-192  -0.060000
-191  -0.020000
-190   0.035000
-189  -0.030000
-188   0.015000
-187   0.020000
-186   0.075000
-185  -0.010000
-184   0.075000
-183   0.010000
-182  -0.045000
-181  -0.010000
-180  -0.030000
-179  -0.040000
-178  -0.015000
-177   0.015000
-176   0.010000
-175   0.060000
-174  -0.020000
-173   0.010000
-172   0.015000
-171   0.005000
-170  -0.020000
-169   0.020000
-168  -0.065000
-167  -0.015000
-166   0.035000
-165  -0.045000
-164  -0.035000
-163  -0.015000
-162   0.015000
-161  -0.020000
-160   0.030000
-159   0.045000
-158  -0.120000
-157   0.110000
-156   0.040000
-155  -0.010000
-154  -0.040000
-153  -0.025000
-152   0.015000
-151  -0.035000
-150   0.080000
-149  -0.045000
-148   0.005000
-147  -0.030000
-146  -0.040000
-145  -0.020000
-144  -0.040000
-143   0.085000
-142  -0.025000
-141   0.000000
-140  -0.010000
-139   0.055000
-138  -0.005000
-137   0.055000
-136   0.020000
-135  -0.055000
-134   0.010000
-133  -0.055000
-132  -0.095000
-131  -0.010000
-130   0.085000
-129   0.015000
-128   0.045000
-127  -0.060000
-126  -0.020000
-125   0.025000
-124   0.050000
-123  -0.035000
-122   0.065000
-121   0.020000
-120   0.020000
-119  -0.000000
-118   0.030000
-117   0.105000
-116  -0.055000
-115  -0.070000
-114  -0.035000
-113  -0.035000
-112   0.010000
-111  -0.040000
-110   0.030000
-109  -0.040000
-108  -0.090000
-107   0.020000
-106   0.020000
-105  -0.010000
-104   0.075000
-103   0.020000
-102  -0.055000
-101  -0.015000
-100  -0.010000
-99   0.080000
-98   0.075000
-97  -0.045000
-96   0.045000
-95   0.025000
-94  -0.000000
-93   0.015000
-92  -0.005000
-91   0.040000
-90  -0.050000
-89   0.050000
-88   0.045000
-87  -0.015000
-86   0.015000
-85   0.000000
-84  -0.040000
-83   0.015000
-82  -0.060000
-81  -0.120000
-80  -0.030000
-79   0.010000
-78   0.045000
-77   0.010000
-76  -0.025000
-75  -0.055000
-74  -0.050000
-73   0.025000
-72  -0.025000
-71  -0.095000
-70   0.020000
-69   0.010000
-68   0.065000
-67  -0.100000
-66   0.045000
-65  -0.015000
-64   0.065000
-63   0.095000
-62   0.065000
-61   0.090000
-60  -0.050000
-59   0.010000
-58   0.000000
-57  -0.030000
-56   0.055000
-55  -0.015000
-54   0.110000
-53   0.010000
-52   0.030000
-51   0.020000
-50   0.055000
-49   0.095000
-48   0.015000
-47   0.060000
-46  -0.010000
-45  -0.020000
-44  -0.025000
-43   0.150000
-42  -0.025000
-41  -0.000000
-40  -0.010000
-39   0.005000
-38  -0.010000
-37  -0.015000
-36   0.065000
-35  -0.040000
-34  -0.135000
-33   0.030000
-32  -0.060000
-31   0.055000
-30  -0.060000
-29  -0.010000
-28  -0.075000
-27  -0.070000
-26  -0.070000
-25   0.035000
-24  -0.015000
-23  -0.035000
-22  -0.065000
-21  -0.010000
-20  -0.050000
-19   0.090000
-18   0.030000
-17   0.015000
-16   0.010000
-15  -0.015000
-14   0.060000
-13   0.050000
-12   0.030000
-11  -0.065000
-10   0.000000
-9  -0.015000
-8   0.050000
-7  -0.020000
-6  -0.010000
-5  -0.070000
-4  -0.020000
-3   0.040000
-2  -0.055000
-1  -0.035000
