0   0.000000
1  -0.015000
2  -0.025000
3  -0.030000
4  -0.010000
5  -0.050000
6   0.010000
7   0.005000
8  -0.025000
9   0.070000
10   0.010000
11  -0.020000
12   0.080000
13  -0.010000
14   0.030000
15   0.035000
16   0.050000
17   0.010000
18  -0.045000
19   0.035000
20  -0.050000
21  -0.010000
22   0.055000
23   0.100000
24   0.015000
25   0.050000
26  -0.005000
27   0.055000
28  -0.040000
29  -0.040000
30   0.015000
31   0.075000
32   0.010000
33  -0.055000
34  -0.105000
35  -0.060000
36  -0.085000
37   0.015000
38   0.015000
39  -0.005000
40  -0.025000
41   0.045000
42  -0.125000
43   0.080000
44  -0.005000
45   0.000000
46  -0.045000
47  -0.020000
48   0.010000
49  -0.035000
50  -0.000000
51  -0.010000
52   0.025000
53  -0.045000
54   0.005000
55   0.075000
56  -0.045000
57  -0.065000
58   0.000000
59  -0.030000
60  -0.065000
61   0.035000
62   0.010000
63  -0.070000
64  -0.060000
65  -0.010000
66  -0.025000
67   0.075000
68   0.045000
69   0.040000
70   0.135000
71   0.035000
72  -0.045000
73  -0.020000
74   0.035000
75   0.060000
76  -0.045000
77   0.020000
78   0.085000
79   0.100000
80   0.105000
81  -0.065000
82  -0.020000
83  -0.045000
84   0.050000
85   0.010000
86   0.045000
87  -0.040000
88  -0.025000
89   0.045000
90   0.025000
91   0.050000
92  -0.050000
93   0.095000
94  -0.080000
95   0.085000
96   0.035000
97   0.085000
98  -0.015000
99   0.020000
100  -0.025000
101  -0.015000
102  -0.055000
103  -0.045000
104   0.020000
105  -0.015000
106  -0.000000
107   0.010000
108  -0.005000
109   0.120000
110   0.005000
111  -0.095000
112  -0.050000
113  -0.035000
114  -0.020000
115  -0.075000
116  -0.055000
117  -0.040000
118  -0.025000
119   0.010000
120  -0.020000
121   0.020000
122   0.070000
123   0.015000
124   0.040000
125   0.040000
126  -0.050000
127   0.005000
128  -0.000000
129   0.010000
130  -0.005000
131   0.045000
132   0.075000
133  -0.000000
134   0.010000
135  -0.015000
136   0.025000
137   0.090000
138  -0.040000
139   0.015000
140   0.020000
141  -0.030000
142  -0.035000
143  -0.040000
144  -0.090000
145   0.040000
146   0.060000
147   0.115000
148  -0.025000
149  -0.060000
150   0.010000
151  -0.060000
152  -0.060000
153   0.025000
154   0.075000
155   0.035000
156   0.060000
157   0.060000
158   0.035000
159  -0.045000
160  -0.040000
161   0.055000
162   0.065000
163  -0.045000
164   0.010000
165   0.085000
166  -0.005000
167  -0.030000
168   0.045000
169  -0.010000
170   0.030000
171   0.015000
172  -0.015000
173  -0.010000
174   0.060000
175   0.070000
176   0.065000
177  -0.000000
178  -0.000000
179   0.005000
180   0.055000
181  -0.020000
182   0.020000
183   0.040000
184   0.065000
185   0.080000
186   0.025000
187  -0.045000
188   0.040000
189  -0.105000
190   0.095000
191   0.030000
192   0.010000
193  -0.055000
194  -0.010000
195  -0.025000
196   0.065000
197   0.030000
198   0.025000
199  -0.020000
200   0.055000
201  -0.070000
202   0.010000
203  -0.040000
204   0.005000
205   0.015000
206  -0.005000
207  -0.010000
208  -0.020000
209  -0.040000
210   0.040000
211   0.035000
212  -0.060000
213  -0.040000
214   0.000000
215   0.035000
216   0.020000
217   0.045000
218   0.035000
219  -0.050000
220  -0.060000
221   0.030000
222   0.025000
223  -0.075000
224   0.055000
225   0.065000
226   0.055000
227   0.080000
228   0.060000
229   0.035000
230  -0.005000
231  -0.060000
232  -0.110000
233   0.040000
234   0.110000
235  -0.040000
236  -0.055000
237   0.045000
238  -0.025000
239   0.045000
240  -0.020000
241  -0.040000
242  -0.045000
243   0.055000
244  -0.075000
245   0.005000
246   0.010000
247   0.015000
248   0.025000
249  -0.080000
250  -0.085000
251   0.005000
252   0.025000
253  -0.045000
254  -0.010000
255  -0.015000
256   0.080000
257   0.020000
258  -0.015000
259   0.040000
260  -0.150000
261   0.050000
262   0.030000
263  -0.005000
264   0.040000
265   0.030000
266   0.085000
267  -0.035000
268  -0.005000
269   0.015000
270   0.040000
271   0.025000
272   0.020000
273   0.005000
274  -0.150000
275  -0.090000
276  -0.030000
277  -0.055000
278  -0.130000
279   0.055000
280  -0.010000
281  -0.055000
282   0.015000
283  -0.070000
284   0.045000
285   0.015000
286  -0.005000
287  -0.020000
288   0.025000
289  -0.005000
290   0.020000
291   0.020000
292  -0.010000
293  -0.025000
294   0.065000
295   0.025000
296   0.070000
297   0.025000
298   0.010000
299  -0.030000
300   0.010000
301  -0.005000
302  -0.055000
303   0.030000
304  -0.055000
305  -0.005000
306   0.025000
307  -0.030000
308   0.105000
309   0.010000
310  -0.005000
311  -0.030000
312  -0.115000
313  -0.045000
314  -0.015000
315  -0.015000
316   0.015000
317  -0.045000
318   0.000000
319   0.055000
320  -0.065000
321   0.020000
322  -0.050000
323  -0.045000
324  -0.045000
325  -0.010000
326  -0.040000
327   0.010000
328   0.015000
329  -0.010000
330   0.015000
331  -0.005000
332   0.055000
333   0.000000
334   0.035000
335  -0.105000
336  -0.050000
337   0.015000
338   0.035000
339  -0.050000
340   0.015000
341   0.095000
342  -0.020000
343  -0.105000
344   0.075000
345   0.050000
346   0.030000
347   0.020000
348   0.055000
349  -0.020000
350  -0.020000
351  -0.025000
352   0.025000
353  -0.095000
354  -0.055000
355  -0.050000
356  -0.070000
357  -0.010000
358   0.085000
359  -0.070000
360  -0.095000
361   0.000000
362   0.030000
363  -0.070000
364  -0.005000
365   0.045000
366   0.015000
367  -0.020000
368   0.005000
369  -0.005000
370  -0.005000
371  -0.035000
372  -0.010000
373   0.005000
374  -0.030000
375  -0.050000
376  -0.100000
377  -0.015000
378   0.010000
379   0.000000
380  -0.005000
381  -0.005000
382   0.095000
383  -0.045000
384  -0.035000
385   0.050000
386   0.040000
387   0.075000
388  -0.040000
389  -0.010000
390  -0.010000
391  -0.045000
392   0.010000
393  -0.035000
394  -0.040000
395   0.005000
396  -0.055000
397   0.005000
398   0.070000
399   0.100000
400   0.030000
401   0.050000
402  -0.035000
403  -0.000000
404  -0.055000
405  -0.005000
406  -0.070000
407   0.025000
408  -0.030000
409  -0.055000
410  -0.090000
411   0.010000
412  -0.055000
413  -0.015000
414  -0.050000
415   0.015000
416  -0.015000
417   0.025000
418  -0.040000
419   0.025000
420  -0.015000
421  -0.110000
422   0.010000
423  -0.075000
424   0.075000
425  -0.015000
426  -0.020000
427   0.060000
428  -0.035000
429   0.020000
430   0.050000
431  -0.070000
432  -0.085000
433   0.065000
434  -0.020000
435  -0.020000
436  -0.060000
437  -0.055000
438  -0.045000
439  -0.045000
440   0.050000
441   0.065000
442   0.035000
443  -0.010000
444  -0.010000
445  -0.020000
446   0.035000
447   0.010000
448  -0.015000
449   0.035000
450   0.010000
451   0.000000
452  -0.025000
453  -0.020000
454  -0.015000
455  -0.030000
456  -0.020000
457  -0.015000
458   0.055000
459   0.030000
460   0.065000
461  -0.035000
462  -0.005000
463   0.020000
464   0.020000
465  -0.055000
466   0.035000
467  -0.035000
468   0.035000
469  -0.020000
470  -0.095000
471   0.080000
472  -0.025000
473   0.060000
474  -0.025000
475  -0.095000
476   0.055000
477   0.055000
478   0.015000
479  -0.045000
480   0.020000
481  -0.050000
482  -0.080000
483   0.060000
484   0.030000
485  -0.025000
486   0.015000
487  -0.015000
488  -0.080000
489  -0.005000
490   0.140000
491   0.060000
492   0.015000
493   0.035000
494   0.040000
495  -0.020000
496  -0.040000
497   0.055000
498  -0.015000
499   0.040000
500  -0.030000
-499  -0.130000
-498   0.030000
-497  -0.055000
-496  -0.030000
-495  -0.080000
-494   0.025000
-493  -0.020000
-492   0.070000
-491   0.080000
-490  -0.065000
-489   0.010000
-488   0.050000
-487  -0.010000
-486   0.025000
-485   0.065000
-484  -0.075000
-483  -0.045000
-482   0.020000
-481  -0.040000
-480  -0.045000
-479  -0.100000
-478  -0.050000
-477  -0.035000
-476   0.125000
-475  -0.085000
-474   0.050000
-473   0.035000
-472  -0.060000
-471   0.010000
-470  -0.020000
-469   0.020000
-468  -0.025000
-467   0.015000
-466   0.020000
-465  -0.055000
-464  -0.045000
-463   0.075000
-462   0.015000
-461   0.045000
-460   0.005000
-459  -0.005000
-458   0.070000
-457   0.040000
-456  -0.070000
-455  -0.080000
-454  -0.080000
-453  -0.030000
-452  -0.070000
-451  -0.030000
-450   0.070000
-449  -0.005000
-448  -0.005000
-447  -0.030000
-446   0.025000
-445   0.040000
-444   0.010000
-443  -0.045000
-442   0.045000
-441  -0.095000
-440  -0.015000
-439  -0.055000
-438   0.055000
-437  -0.075000
-436   0.080000
-435  -0.045000
-434  -0.075000
-433   0.005000
-432  -0.025000
-431  -0.065000
-430  -0.055000
-429   0.035000
-428   0.045000
-427   0.005000
-426   0.045000
-425   0.035000
-424  -0.110000
-423  -0.020000
-422  -0.065000
-421   0.060000
-420  -0.010000
-419  -0.090000
-418   0.035000
-417  -0.060000
-416  -0.090000
-415   0.050000
-414  -0.075000
-413   0.125000
-412   0.100000
-411  -0.085000
-410   0.005000
-409   0.030000
-408  -0.020000
-407   0.010000
-406   0.020000
-405  -0.025000
-404   0.030000
-403  -0.065000
-402   0.035000
-401  -0.135000
-400   0.025000
-399  -0.000000
-398  -0.055000
-397  -0.010000
-396   0.050000
-395   0.005000
-394   0.035000
-393  -0.020000
-392  -0.080000
-391   0.070000
-390   0.020000
-389  -0.020000
-388  -0.030000
-387  -0.005000
-386  -0.045000
-385   0.035000
-384   0.035000
-383  -0.025000
-382  -0.010000
-381  -0.015000
-380   0.025000
-379   0.020000
-378   0.080000
-377   0.030000
-376  -0.010000
-375  -0.050000
-374   0.010000
-373  -0.025000
-372   0.035000
-371  -0.015000
-370   0.015000
-369   0.050000
-368  -0.045000
-367  -0.015000
-366   0.030000
-365   0.010000
-364  -0.035000
-363   0.075000
-362   0.075000
-361   0.020000
-360  -0.050000
-359   0.030000
-358  -0.035000
-357  -0.060000
-356   0.005000
-355   0.005000
-354  -0.055000
-353  -0.010000
-352   0.080000
-351  -0.000000
-350   0.025000
-349   0.015000
-348   0.005000
-347  -0.010000
-346   0.010000
-345  -0.065000
-344   0.000000
-343  -0.050000
-342   0.080000
-341   0.035000
-340  -0.040000
-339   0.030000
-338  -0.040000
-337  -0.105000
-336   0.020000
-335  -0.130000
-334   0.025000
-333   0.035000
-332   0.075000
-331  -0.005000
-330  -0.010000
-329   0.020000
-328  -0.005000
-327   0.050000
-326   0.035000
-325  -0.065000
-324  -0.045000
-323  -0.010000
-322   0.085000
-321  -0.000000
-320   0.045000
-319  -0.050000
-318  -0.020000
-317  -0.085000
-316  -0.035000
-315  -0.055000
-314  -0.025000
-313  -0.050000
-312   0.050000
-311   0.030000
-310   0.045000
-309   0.030000
-308  -0.070000
-307   0.045000
-306   0.030000
-305  -0.125000
-304  -0.045000
-303  -0.055000
-302  -0.025000
-301   0.030000
-300   0.010000
-299   0.010000
-298   0.090000
-297   0.010000
-296  -0.040000
-295  -0.045000
-294   0.040000
-293   0.055000
-292   0.060000
-291  -0.015000
-290   0.020000
-289   0.050000
-288   0.015000
-287   0.095000
-286   0.010000
-285   0.005000
-284  -0.025000
-283  -0.050000
-282   0.010000
-281  -0.065000
-280   0.010000
-279   0.035000
-278  -0.020000
-277   0.040000
-276  -0.055000
-275   0.040000
-274  -0.050000
-273   0.070000
-272   0.115000
-271   0.080000
-270  -0.100000
-269   0.045000
-268  -0.030000
-267  -0.015000
-266   0.000000
-265   0.015000
-264  -0.025000
-263  -0.140000
-262   0.065000
-261  -0.035000
-260  -0.040000
-259   0.055000
-258  -0.030000
-257   0.030000
-256   0.010000
-255  -0.025000
-254   0.015000
-253   0.005000
-252  -0.015000
-251   0.030000
-250  -0.040000
-249  -0.055000
-248  -0.025000
-247  -0.025000
-246   0.070000
-245   0.000000
-244  -0.005000
-243  -0.050000
-242   0.015000
-241  -0.080000
-240   0.005000
-239   0.015000
-238   0.010000
-237  -0.015000
-236   0.015000
-235  -0.070000
-234   0.095000
-233  -0.000000
-232   0.015000
-231   0.020000
-230   0.005000
-229  -0.045000
-228   0.035000
-227  -0.030000
-226   0.015000
-225   0.005000
-224  -0.040000
-223  -0.050000
-222   0.050000
-221   0.035000
-220   0.030000
-219  -0.055000
-218  -0.105000
-217  -0.125000
-216   0.005000
-215  -0.035000
-214  -0.045000
-213  -0.020000
-212  -0.025000
-211   0.020000
-210   0.010000
-209  -0.010000
-208   0.080000
-207   0.055000
-206  -0.005000
-205   0.045000
-204  -0.095000
-203   0.030000
-202   0.050000
-201  -0.050000
-200  -0.015000
-199   0.050000
-198   0.010000
-197  -0.035000
-196  -0.045000
-195   0.035000
-194   0.015000
-193   0.015000
-192   0.075000
-191  -0.005000
-190   0.015000
-189  -0.015000
-188   0.110000
-187   0.075000
-186   0.015000
-185   0.045000
-184   0.025000
-183  -0.055000
-182   0.050000
-181  -0.105000
-180   0.015000
-179   0.085000
-178   0.045000
-177   0.035000
-176   0.150000
-175  -0.020000
-174  -0.000000
-173  -0.020000
-172  -0.010000
-171   0.000000
-170   0.080000
-169  -0.030000
-168   0.045000
-167   0.075000
-166   0.010000
-165   0.065000
-164   0.005000
-163  -0.040000
-162  -0.020000
-161  -0.070000
-160  -0.005000
-159   0.105000
-158   0.010000
-157  -0.010000
-156  -0.050000
-155   0.035000
-154  -0.025000
-153   0.110000
-152  -0.015000
-151   0.030000
-150   0.060000
-149   0.110000
-148   0.035000
-147   0.060000
-146  -0.060000
-145   0.060000
-144   0.030000
-143  -0.045000
-142  -0.100000
-141   0.010000
-140  -0.050000
-139  -0.010000
-138   0.025000
-137   0.015000
-136  -0.095000
-135  -0.015000
-134  -0.050000
-133  -0.025000
-132   0.030000
-131  -0.030000
-130  -0.140000
-129  -0.050000
-128  -0.115000
-127  -0.100000
-126  -0.040000
-125  -0.115000
-124   0.025000
-123   0.020000
-122   0.075000
-121   0.040000
-120  -0.085000
-119   0.050000
-118   0.025000
-117  -0.050000
-116   0.095000
-115  -0.095000
-114  -0.030000
-113   0.040000
-112  -0.030000
-111  -0.060000
-110   0.020000
-109  -0.065000
-108   0.065000
-107  -0.040000
-106   0.070000
-105   0.030000
-104  -0.045000
-103   0.030000
-102   0.040000
-101  -0.065000
-100  -0.050000
-99   0.025000
-98   0.015000
-97   0.010000
-96   0.015000
-95  -0.130000
-94  -0.030000
-93  -0.115000
-92   0.055000
-91  -0.060000
-90  -0.060000
-89  -0.040000
-88  -0.070000
-87   0.010000
-86  -0.030000
-85   0.060000
-84   0.045000
-83  -0.035000
-82   0.005000
-81  -0.055000
-80  -0.050000
-79  -0.000000
-78  -0.050000
-77   0.010000
-76  -0.075000
-75  -0.020000
-74  -0.060000
-73  -0.080000
-72  -0.070000
-71  -0.075000
-70   0.010000
-69   0.020000
-68  -0.040000
-67   0.010000
-66  -0.030000
-65   0.045000
-64   0.025000
-63  -0.115000
-62   0.085000
-61  -0.000000
-60   0.055000
-59  -0.065000
-58  -0.055000
-57  -0.090000
-56   0.000000
-55  -0.085000
-54   0.010000
-53   0.035000
-52   0.060000
-51   0.135000
-50  -0.015000
-49   0.065000
-48   0.000000
-47   0.020000
-46   0.045000
-45  -0.070000
-44   0.010000
-43  -0.030000
-42  -0.005000
-41  -0.005000
-40   0.010000
-39   0.055000
-38   0.010000
-37  -0.055000
-36  -0.045000
-35  -0.065000
-34  -0.010000
-33  -0.000000
-32   0.045000
-31   0.045000
-30   0.080000
-29  -0.050000
-28  -0.040000
-27   0.000000
-26   0.035000
-25   0.045000
-24  -0.045000
-23  -0.075000
-22  -0.060000
-21  -0.040000
-20  -0.005000
-19   0.000000
-18   0.015000
-17  -0.060000
-16  -0.105000
-15  -0.030000
-14   0.020000
-13   0.045000
-12   0.135000
-11   0.035000
-10   0.020000
-9  -0.110000
-8   0.020000
-7  -0.025000
-6  -0.110000
-5   0.040000
-4   0.100000
-3  -0.015000
-2  -0.005000
-1   0.075000
