0  -0.005000
1   0.025000
2   0.015000
3   0.030000
4  -0.035000
5   0.005000
6  -0.005000
7   0.025000
8  -0.030000
9  -0.025000
10   0.055000
11  -0.005000
12  -0.005000
13   0.025000
14   0.050000
15   0.015000
16  -0.030000
17   0.000000
18   0.055000
19   0.030000
20   0.010000
21  -0.050000
22   0.010000
23   0.020000
24   0.005000
25  -0.030000
26  -0.040000
27   0.085000
28   0.025000
29  -0.005000
30  -0.100000
31  -0.070000
32   0.050000
33   0.060000
34  -0.070000
35   0.055000
36  -0.020000
37  -0.010000
38  -0.105000
39  -0.005000
40   0.050000
41  -0.035000
42  -0.110000
43   0.075000
44   0.005000
45   0.000000
46   0.035000
47  -0.035000
48   0.050000
49  -0.015000
50   0.015000
51   0.010000
52   0.080000
53  -0.005000
54  -0.010000
55  -0.005000
56  -0.030000
57  -0.030000
58  -0.080000
59   0.005000
60   0.030000
61  -0.075000
62  -0.070000
63  -0.040000
64  -0.085000
65   0.020000
66   0.050000
67   0.075000
68   0.005000
69  -0.055000
70   0.005000
71   0.010000
72  -0.120000
73   0.035000
74   0.015000
75   0.005000
76  -0.010000
77  -0.055000
78   0.000000
79   0.090000
80   0.010000
81  -0.045000
82   0.010000
83   0.075000
84  -0.015000
85   0.040000
86  -0.020000
87   0.010000
88   0.145000
89  -0.050000
90   0.040000
91   0.055000
92   0.005000
93   0.015000
94  -0.000000
95   0.045000
96   0.035000
97  -0.085000
98   0.095000
99   0.055000
100  -0.025000
101  -0.025000
102   0.025000
103   0.040000
104   0.030000
105  -0.065000
106   0.055000
107   0.085000
108  -0.015000
109   0.000000
110  -0.005000
111  -0.070000
112   0.100000
113  -0.050000
114  -0.190000
115   0.075000
116  -0.005000
117   0.080000
118  -0.050000
119  -0.020000
120   0.005000
121  -0.020000
122   0.060000
123   0.115000
124  -0.000000
125   0.050000
126  -0.030000
127  -0.085000
128  -0.005000
129  -0.075000
130   0.045000
131   0.115000
132  -0.050000
133  -0.015000
134   0.005000
135   0.040000
136  -0.060000
137  -0.055000
138  -0.095000
139  -0.070000
140  -0.045000
141   0.035000
142   0.005000
143   0.000000
144   0.050000
145   0.060000
146  -0.010000
147   0.065000
148   0.015000
149   0.060000
150   0.065000
151  -0.030000
152   0.015000
153  -0.005000
154  -0.040000
155  -0.055000
156  -0.030000
157   0.035000
158   0.075000
159   0.025000
160   0.035000
161  -0.015000
162  -0.050000
163  -0.030000
164  -0.020000
165  -0.055000
166   0.030000
167   0.080000
168  -0.090000
169  -0.010000
170  -0.075000
171   0.005000
172   0.035000
173  -0.040000
174  -0.120000
175  -0.025000
176   0.055000
177  -0.035000
178   0.015000
179  -0.050000
180  -0.025000
181  -0.045000
182  -0.035000
183   0.005000
184  -0.080000
185   0.075000
186  -0.010000
187  -0.030000
188   0.055000
189  -0.050000
190  -0.025000
191  -0.035000
192  -0.075000
193  -0.035000
194   0.050000
195   0.080000
196   0.015000
197  -0.090000
198  -0.030000
199  -0.070000
200  -0.005000
201   0.025000
202   0.030000
203   0.025000
204   0.045000
205  -0.040000
206   0.040000
207  -0.070000
208  -0.010000
209  -0.040000
210  -0.095000
211   0.020000
212  -0.145000
213  -0.010000
214  -0.125000
215  -0.020000
216   0.020000
217   0.115000
218   0.070000
219   0.040000
220   0.010000
221  -0.025000
222  -0.010000
223   0.015000
224   0.040000
225   0.100000
226   0.025000
227  -0.005000
228  -0.085000
229   0.015000
230  -0.005000
231   0.000000
232  -0.040000
233  -0.025000
234  -0.010000
235   0.005000
236  -0.000000
237  -0.040000
238  -0.045000
239   0.000000
240  -0.085000
241   0.025000
242  -0.030000
243  -0.025000
244   0.015000
245   0.035000
246  -0.015000
247  -0.025000
248  -0.030000
249  -0.025000
250   0.085000
251   0.005000
252  -0.035000
253  -0.010000
254   0.025000
255  -0.085000
256  -0.030000
257  -0.045000
258  -0.000000
259   0.045000
260  -0.035000
261   0.035000
262   0.015000
263   0.070000
264  -0.035000
265  -0.055000
266   0.010000
267  -0.030000
268   0.085000
269  -0.005000
270   0.040000
271  -0.030000
272  -0.045000
273  -0.130000
274  -0.030000
275  -0.040000
276  -0.010000
277  -0.100000
278   0.000000
279   0.025000
280   0.010000
281   0.090000
282   0.055000
283  -0.025000
284  -0.045000
285  -0.025000
286   0.070000
287   0.050000
288   0.025000
289   0.020000
290   0.010000
291  -0.015000
292   0.040000
293  -0.020000
294  -0.030000
295   0.035000
296  -0.050000
297   0.040000
298   0.005000
299  -0.020000
300   0.040000
301   0.005000
302  -0.065000
303   0.010000
304   0.025000
305   0.010000
306   0.020000
307  -0.020000
308   0.080000
309   0.045000
310  -0.005000
311   0.075000
312  -0.045000
313   0.035000
314  -0.050000
315  -0.045000
316   0.050000
317  -0.040000
318   0.035000
319  -0.005000
320   0.060000
321   0.055000
322   0.060000
323   0.020000
324  -0.065000
325   0.010000
326  -0.005000
327  -0.010000
328  -0.020000
329   0.065000
330  -0.030000
331   0.030000
332   0.015000
333   0.080000
334   0.030000
335   0.070000
336  -0.075000
337   0.070000
338   0.060000
339  -0.065000
340  -0.005000
341   0.015000
342  -0.020000
343  -0.030000
344   0.035000
345  -0.015000
346   0.030000
347  -0.090000
348   0.015000
349  -0.040000
350   0.025000
351  -0.025000
352  -0.020000
353  -0.070000
354  -0.010000
355  -0.055000
356  -0.055000
357   0.050000
358   0.015000
359   0.030000
360  -0.035000
361   0.100000
362   0.060000
363   0.015000
364  -0.045000
365   0.005000
366  -0.025000
367   0.045000
368  -0.040000
369   0.000000
370   0.025000
371   0.020000
372  -0.070000
373  -0.035000
374  -0.035000
375   0.030000
376   0.075000
377  -0.005000
378   0.010000
379   0.010000
380   0.015000
381   0.010000
382  -0.015000
383   0.005000
384   0.025000
385   0.095000
386   0.030000
387   0.070000
388  -0.030000
389  -0.070000
390   0.005000
391   0.105000
392  -0.065000
393   0.000000
394   0.015000
395   0.055000
396   0.075000
397  -0.050000
398  -0.020000
399  -0.000000
400   0.090000
401   0.000000
402   0.060000
403  -0.040000
404  -0.035000
405   0.035000
406   0.050000
407  -0.045000
408   0.025000
409  -0.065000
410   0.035000
411   0.020000
412   0.010000
413  -0.010000
414   0.010000
415   0.080000
416   0.030000
417  -0.050000
418  -0.000000
419  -0.080000
420  -0.030000
421   0.055000
422  -0.095000
423  -0.025000
424  -0.010000
425  -0.025000
426   0.040000
427  -0.020000
428  -0.025000
429  -0.045000
430  -0.025000
431  -0.000000
432   0.020000
433  -0.000000
434  -0.045000
435  -0.010000
436   0.045000
437   0.150000
438  -0.025000
439   0.000000
440  -0.040000
441   0.015000
442   0.060000
443   0.035000
444   0.020000
445  -0.015000
446   0.055000
447  -0.010000
448   0.035000
449  -0.085000
450   0.010000
451  -0.020000
452   0.115000
453   0.015000
454  -0.030000
455   0.005000
456   0.000000
457   0.140000
458   0.020000
459   0.005000
460  -0.005000
461   0.070000
462   0.015000
463  -0.095000
464   0.120000
465  -0.020000
466  -0.030000
467  -0.020000
468  -0.035000
469   0.115000
470  -0.035000
471   0.060000
472  -0.030000
473   0.005000
474   0.005000
475  -0.030000
476  -0.080000
477  -0.050000
478  -0.045000
479  -0.070000
480   0.000000
481   0.045000
482   0.055000
483   0.040000
484   0.010000
485   0.090000
486   0.040000
487  -0.105000
488   0.015000
489   0.020000
490  -0.050000
491   0.030000
492  -0.055000
493   0.015000
494  -0.035000
495  -0.020000
496   0.030000
497   0.015000
498   0.050000
499  -0.050000
500   0.005000
-499  -0.000000
-498   0.010000
-497  -0.080000
-496  -0.045000
-495   0.005000
-494   0.025000
-493   0.010000
-492   0.035000
-491  -0.060000
-490   0.010000
-489  -0.005000
-488  -0.035000
-487   0.050000
-486  -0.185000
-485  -0.045000
-484   0.025000
-483  -0.010000
-482   0.030000
-481   0.015000
-480  -0.035000
-479   0.015000
-478  -0.030000
-477  -0.005000
-476  -0.045000
-475  -0.020000
-474   0.035000
-473   0.030000
-472  -0.010000
-471  -0.025000
-470  -0.010000
-469   0.060000
-468   0.015000
-467  -0.030000
-466   0.030000
-465  -0.080000
-464  -0.020000
-463   0.100000
-462   0.000000
-461  -0.050000
-460   0.060000
-459  -0.065000
-458  -0.020000
-457  -0.080000
-456   0.030000
-455   0.025000
-454   0.065000
-453  -0.095000
-452   0.075000
-451   0.030000
-450   0.035000
-449   0.040000
-448  -0.030000
-447  -0.075000
-446  -0.020000
-445  -0.100000
-444  -0.080000
-443  -0.065000
-442  -0.070000
-441   0.035000
-440   0.000000
-439  -0.030000
-438   0.010000
-437   0.020000
-436  -0.040000
-435   0.010000
-434   0.030000
-433   0.035000
-432  -0.025000
-431   0.080000
-430  -0.010000
-429   0.000000
-428  -0.075000
-427   0.070000
-426  -0.025000
-425  -0.075000
-424   0.010000
-423  -0.040000
-422  -0.005000
-421  -0.055000
-420  -0.005000
-419  -0.025000
-418   0.005000
-417   0.070000
-416   0.035000
-415  -0.030000
-414  -0.010000
-413   0.110000
-412   0.015000
-411  -0.045000
-410  -0.050000
-409  -0.025000
-408   0.060000
-407   0.005000
-406  -0.005000
-405   0.025000
-404   0.035000
-403   0.030000
-402  -0.025000
-401  -0.020000
-400  -0.145000
-399  -0.035000
-398   0.060000
-397  -0.020000
-396  -0.155000
-395  -0.010000
-394   0.055000
-393   0.025000
-392  -0.010000
-391   0.020000
-390  -0.120000
-389  -0.020000
-388   0.015000
-387  -0.010000
-386  -0.015000
-385   0.070000
-384   0.015000
-383   0.085000
-382   0.010000
-381   0.025000
-380  -0.035000
-379   0.025000
-378  -0.000000
-377  -0.075000
-376   0.005000
-375   0.010000
-374   0.050000
-373  -0.055000
-372  -0.030000
-371   0.025000
-370   0.080000
-369  -0.025000
-368   0.005000
-367   0.045000
-366   0.070000
-365   0.025000
-364  -0.020000
-363   0.055000
-362   0.025000
-361   0.040000
-360  -0.030000
-359   0.100000
-358   0.045000
-357  -0.015000
-356  -0.015000
-355  -0.035000
-354  -0.095000
-353  -0.075000
-352   0.035000
-351   0.010000
-350  -0.110000
-349   0.125000
-348   0.085000
-347  -0.055000
-346   0.060000
-345   0.125000
-344  -0.000000
-343   0.010000
-342   0.045000
-341   0.080000
-340  -0.030000
-339   0.030000
-338   0.015000
-337  -0.015000
-336   0.015000
-335  -0.015000
-334   0.035000
-333   0.070000
-332   0.060000
-331  -0.015000
-330   0.075000
-329   0.075000
-328  -0.100000
-327   0.050000
-326   0.030000
-325  -0.010000
-324   0.070000
-323  -0.020000
-322  -0.040000
-321   0.040000
-320   0.055000
-319   0.030000
-318   0.025000
-317   0.020000
-316  -0.050000
-315  -0.010000
-314   0.020000
-313  -0.045000
-312  -0.020000
-311   0.060000
-310  -0.060000
-309  -0.060000
-308   0.010000
-307  -0.050000
-306   0.000000
-305  -0.050000
-304  -0.035000
-303  -0.015000
-302  -0.010000
-301  -0.105000
-300  -0.055000
-299  -0.075000
-298  -0.005000
-297   0.070000
-296  -0.045000
-295   0.115000
-294  -0.020000
-293   0.005000
-292  -0.050000
-291  -0.110000
-290   0.045000
-289  -0.040000
-288  -0.040000
-287   0.075000
-286  -0.065000
-285  -0.025000
-284  -0.020000
-283  -0.030000
-282   0.030000
-281  -0.010000
-280  -0.135000
-279   0.020000
-278  -0.000000
-277   0.025000
-276   0.105000
-275   0.045000
-274   0.035000
-273  -0.065000
-272   0.030000
-271   0.045000
-270   0.070000
-269   0.105000
-268   0.060000
-267  -0.015000
-266   0.075000
-265  -0.080000
-264   0.020000
-263  -0.035000
-262   0.020000
-261  -0.000000
-260  -0.010000
-259   0.025000
-258  -0.010000
-257   0.045000
-256  -0.045000
-255   0.040000
-254   0.045000
-253   0.005000
-252  -0.105000
-251   0.035000
-250   0.085000
-249  -0.040000
-248   0.100000
-247  -0.050000
-246  -0.085000
-245  -0.010000
-244  -0.015000
-243  -0.070000
-242  -0.045000
-241   0.020000
-240  -0.045000
-239  -0.000000
-238   0.085000
-237   0.050000
-236  -0.085000
-235  -0.070000
-234   0.055000
-233   0.065000
-232  -0.005000
-231   0.050000
-230  -0.050000
-229  -0.010000
-228   0.045000
-227  -0.060000
-226   0.045000
-225   0.000000
-224   0.100000
-223   0.025000
-222  -0.095000
-221  -0.015000
-220   0.000000
-219  -0.005000
-218   0.045000
-217  -0.090000
-216  -0.095000
-215   0.060000
-214   0.015000
-213  -0.030000
-212  -0.135000
-211  -0.005000
-210  -0.045000
-209  -0.080000
-208  -0.055000
-207  -0.035000
-206  -0.000000
-205   0.090000
-204  -0.025000
-203  -0.025000
-202   0.000000
-201   0.045000
-200   0.005000
-199   0.045000
-198  -0.040000
-197   0.070000
-196  -0.050000
-195  -0.085000
-194   0.025000
-193  -0.055000
-192   0.020000
-191  -0.010000
-190   0.040000
-189   0.030000
-188   0.035000
-187   0.005000
-186  -0.030000
-185  -0.040000
-184  -0.040000
-183  -0.050000
-182   0.075000
-181  -0.075000
-180   0.050000
-179  -0.060000
-178  -0.005000
-177  -0.075000
-176  -0.070000
-175   0.015000
-174  -0.075000
-173  -0.025000
-172   0.075000
-171  -0.035000
-170   0.045000
-169  -0.015000
-168  -0.005000
-167  -0.055000
-166  -0.045000
-165   0.040000
-164   0.050000
-163  -0.045000
-162   0.015000
-161  -0.025000
-160   0.065000
-159   0.070000
-158   0.045000
-157   0.040000
-156  -0.010000
-155   0.015000
-154  -0.005000
-153  -0.080000
-152   0.005000
-151  -0.040000
-150   0.045000
-149  -0.065000
-148   0.030000
-147  -0.040000
-146  -0.040000
-145   0.015000
-144  -0.025000
-143   0.030000
-142   0.100000
-141  -0.070000
-140  -0.005000
-139   0.020000
-138   0.025000
-137  -0.025000
-136  -0.000000
-135   0.070000
-134   0.075000
-133   0.005000
-132  -0.045000
-131   0.010000
-130  -0.000000
-129   0.030000
-128   0.010000
-127  -0.025000
-126   0.090000
-125   0.010000
-124   0.020000
-123  -0.145000
-122   0.100000
-121  -0.020000
-120   0.125000
-119   0.015000
-118  -0.035000
-117  -0.035000
-116   0.035000
-115   0.075000
-114  -0.065000
-113   0.045000
-112   0.030000
-111  -0.155000
-110  -0.065000
-109  -0.060000
-108  -0.025000
-107  -0.080000
-106  -0.035000
-105  -0.025000
-104  -0.035000
-103  -0.035000
-102   0.150000
-101   0.030000
-100  -0.055000
-99   0.015000
-98   0.040000
-97  -0.015000
-96   0.020000
-95  -0.025000
-94   0.045000
-93   0.020000
-92  -0.020000
-91   0.035000
-90   0.010000
-89   0.050000
-88   0.060000
-87  -0.005000
-86   0.030000
-85  -0.060000
-84   0.020000
-83  -0.050000
-82  -0.025000
-81  -0.030000
-80  -0.020000
-79  -0.125000
-78   0.000000
-77   0.025000
-76   0.050000
-75  -0.015000
-74   0.060000
-73  -0.020000
-72   0.065000
-71  -0.070000
-70  -0.030000
-69  -0.095000
-68   0.005000
-67  -0.075000
-66  -0.030000
-65   0.030000
-64  -0.025000
-63  -0.075000
-62  -0.095000
-61   0.045000
-60   0.030000
-59   0.005000
-58  -0.030000
-57  -0.050000
-56   0.085000
-55  -0.060000
-54   0.050000
-53   0.005000
-52  -0.015000
-51   0.015000
-50  -0.005000
-49   0.005000
-48   0.005000
-47   0.035000
-46  -0.040000
-45   0.080000
-44   0.135000
-43   0.045000
-42   0.050000
-41  -0.085000
-40  -0.065000
-39  -0.040000
-38  -0.005000
-37  -0.065000
-36   0.015000
-35   0.005000
-34  -0.010000
-33  -0.030000
-32  -0.000000
-31  -0.055000
-30  -0.015000
-29   0.035000
-28   0.040000
-27   0.080000
-26   0.045000
-25  -0.015000
-24  -0.035000
-23  -0.015000
-22  -0.015000
-21   0.020000
-20  -0.055000
-19  -0.105000
-18   0.015000
-17  -0.020000
-16  -0.030000
-15   0.005000
-14   0.015000
-13  -0.040000
-12  -0.010000
-11   0.040000
-10   0.055000
-9   0.110000
-8   0.060000
-7   0.055000
-6   0.015000
-5  -0.075000
-4   0.085000
-3   0.050000
-2  -0.020000
-1  -0.080000
