0   0.055000
1  -0.025000
2  -0.045000
3  -0.000000
4  -0.035000
5  -0.020000
6   0.110000
7  -0.045000
8   0.025000
9   0.015000
10   0.005000
11  -0.000000
12   0.105000
13  -0.010000
14  -0.030000
15   0.030000
16  -0.060000
17   0.020000
18   0.005000
19  -0.015000
20   0.015000
21   0.040000
22  -0.035000
23   0.050000
24   0.020000
25  -0.030000
26   0.140000
27   0.015000
28  -0.070000
29  -0.000000
30  -0.100000
31   0.015000
32  -0.045000
33   0.025000
34  -0.105000
35  -0.060000
36   0.055000
37  -0.090000
38   0.005000
39   0.045000
40   0.005000
41  -0.015000
42  -0.040000
43   0.025000
44  -0.015000
45  -0.010000
46   0.025000
47   0.020000
48  -0.070000
49  -0.055000
50   0.035000
51   0.050000
52   0.050000
53  -0.055000
54   0.025000
55   0.005000
56  -0.080000
57  -0.030000
58  -0.060000
59   0.030000
60  -0.060000
61   0.005000
62  -0.025000
63  -0.115000
64   0.110000
65  -0.020000
66   0.065000
67   0.000000
68  -0.075000
69   0.005000
70  -0.025000
71  -0.090000
72   0.080000
73   0.025000
74  -0.010000
75  -0.020000
76  -0.050000
77  -0.000000
78  -0.030000
79  -0.085000
80  -0.020000
81   0.030000
82   0.030000
83  -0.045000
84  -0.060000
85  -0.010000
86  -0.045000
87  -0.080000
88   0.075000
89   0.050000
90   0.005000
91   0.000000
92   0.005000
93   0.090000
94   0.085000
95   0.050000
96   0.035000
97  -0.010000
98   0.005000
99  -0.025000
100   0.100000
101   0.045000
102  -0.030000
103   0.045000
104  -0.025000
105  -0.020000
106  -0.030000
107  -0.035000
108   0.040000
109   0.045000
110  -0.050000
111   0.035000
112   0.055000
113   0.085000
114  -0.050000
115  -0.065000
116  -0.025000
117  -0.020000
118   0.005000
119   0.000000
120  -0.135000
121  -0.030000
122   0.075000
123   0.015000
124  -0.085000
125   0.075000
126  -0.025000
127   0.030000
128   0.045000
129   0.090000
130   0.015000
131  -0.105000
132   0.050000
133   0.040000
134   0.070000
135   0.060000
136  -0.005000
137   0.030000
138   0.025000
139   0.020000
140   0.005000
141  -0.070000
142   0.100000
143  -0.055000
144  -0.055000
145   0.020000
146   0.015000
147   0.020000
148  -0.070000
149  -0.080000
150   0.000000
151   0.080000
152   0.100000
153   0.010000
154   0.015000
155   0.090000
156   0.000000
157  -0.065000
158   0.040000
159   0.020000
160   0.020000
161  -0.050000
162  -0.025000
163  -0.020000
164  -0.070000
165   0.000000
166  -0.020000
167  -0.030000
168  -0.050000
169   0.080000
170   0.050000
171   0.020000
172   0.015000
173  -0.015000
174   0.015000
175  -0.100000
176   0.030000
177  -0.075000
178   0.015000
179  -0.015000
180  -0.035000
181   0.005000
182  -0.030000
183  -0.040000
184   0.035000
185  -0.025000
186  -0.045000
187   0.035000
188  -0.050000
189   0.065000
190   0.050000
191  -0.040000
192   0.080000
193  -0.110000
194   0.025000
195  -0.045000
196   0.000000
197  -0.075000
198   0.005000
199   0.025000
200   0.020000
201  -0.015000
202   0.035000
203   0.045000
204  -0.020000
205   0.010000
206   0.110000
207   0.000000
208  -0.045000
209   0.040000
210   0.010000
211  -0.075000
212  -0.030000
213  -0.040000
214  -0.005000
215  -0.130000
216  -0.085000
217   0.010000
218  -0.035000
219   0.125000
220   0.030000
221  -0.020000
222  -0.065000
223   0.030000
224   0.000000
225   0.055000
226   0.075000
227   0.010000
228   0.020000
229   0.015000
230  -0.140000
231  -0.000000
232  -0.005000
233   0.095000
234  -0.060000
235  -0.005000
236  -0.015000
237  -0.035000
238  -0.010000
239  -0.035000
240  -0.070000
241  -0.085000
242   0.050000
243  -0.115000
244   0.070000
245  -0.040000
246  -0.065000
247  -0.005000
248  -0.055000
249  -0.155000
250   0.025000
251   0.050000
252   0.000000
253   0.010000
254  -0.085000
255   0.045000
256  -0.030000
257   0.010000
258  -0.050000
259  -0.040000
260  -0.040000
261   0.000000
262   0.025000
263   0.020000
264   0.050000
265   0.050000
266  -0.010000
267  -0.090000
268  -0.090000
269  -0.040000
270   0.105000
271   0.060000
272  -0.040000
273  -0.010000
274  -0.040000
275  -0.030000
276   0.020000
277  -0.020000
278   0.020000
279  -0.010000
280  -0.020000
281   0.025000
282  -0.035000
283   0.000000
284   0.060000
285  -0.010000
286  -0.065000
287   0.015000
288  -0.025000
289   0.050000
290   0.010000
291  -0.025000
292  -0.025000
293  -0.040000
294  -0.015000
295   0.080000
296   0.000000
297  -0.050000
298   0.125000
299  -0.010000
300  -0.005000
301  -0.110000
302  -0.065000
303   0.065000
304   0.005000
305  -0.065000
306  -0.015000
307  -0.045000
308  -0.015000
309  -0.055000
310  -0.005000
311  -0.090000
312  -0.010000
313  -0.020000
314  -0.015000
315   0.070000
316  -0.025000
317   0.025000
318   0.060000
319   0.045000
320   0.075000
321  -0.075000
322  -0.005000
323  -0.055000
324   0.085000
325   0.010000
326   0.035000
327   0.010000
328   0.005000
329  -0.035000
330   0.005000
331   0.055000
332  -0.035000
333   0.040000
334  -0.035000
335  -0.010000
336   0.000000
337   0.090000
338   0.025000
339   0.000000
340  -0.010000
341   0.090000
342  -0.040000
343   0.020000
344  -0.025000
345  -0.015000
346   0.080000
347  -0.035000
348   0.085000
349   0.045000
350  -0.020000
351   0.050000
352   0.040000
353  -0.030000
354   0.010000
355   0.065000
356  -0.060000
357   0.015000
358   0.025000
359   0.020000
360  -0.045000
361   0.015000
362   0.005000
363  -0.050000
364   0.020000
365  -0.060000
366   0.020000
367   0.010000
368  -0.005000
369   0.000000
370   0.040000
371   0.035000
372   0.015000
373  -0.025000
374   0.035000
375   0.040000
376   0.080000
377  -0.045000
378  -0.020000
379  -0.080000
380  -0.050000
381  -0.010000
382  -0.020000
383   0.130000
384   0.005000
385   0.010000
386  -0.040000
387  -0.050000
388   0.025000
389   0.045000
390  -0.040000
391  -0.045000
392   0.105000
393  -0.015000
394  -0.020000
395  -0.105000
396  -0.070000
397  -0.005000
398   0.025000
399  -0.030000
400   0.035000
401   0.110000
402   0.020000
403   0.030000
404  -0.020000
405  -0.105000
406   0.050000
407   0.020000
408   0.110000
409  -0.035000
410   0.015000
411  -0.040000
412   0.065000
413   0.025000
414   0.005000
415  -0.075000
416   0.100000
417   0.085000
418   0.000000
419  -0.040000
420   0.035000
421   0.125000
422   0.050000
423   0.040000
424  -0.040000
425  -0.040000
426   0.035000
427   0.115000
428   0.050000
429   0.030000
430  -0.020000
431   0.010000
432  -0.085000
433   0.075000
434  -0.040000
435   0.030000
436   0.050000
437   0.000000
438  -0.010000
439   0.065000
440  -0.025000
441   0.025000
442   0.005000
443   0.025000
444  -0.005000
445  -0.110000
446   0.095000
447   0.090000
448  -0.020000
449   0.020000
450   0.050000
451  -0.010000
452   0.030000
453  -0.025000
454   0.095000
455  -0.030000
456   0.040000
457  -0.010000
458  -0.030000
459   0.015000
460   0.060000
461  -0.060000
462  -0.100000
463   0.045000
464   0.015000
465   0.000000
466   0.030000
467   0.055000
468   0.065000
469   0.055000
470   0.105000
471  -0.070000
472   0.000000
473  -0.000000
474  -0.025000
475   0.050000
476   0.035000
477   0.030000
478  -0.035000
479  -0.010000
480  -0.005000
481  -0.075000
482   0.025000
483   0.015000
484  -0.020000
485  -0.030000
486  -0.055000
487   0.005000
488   0.060000
489   0.020000
490  -0.010000
491  -0.020000
492   0.010000
493   0.005000
494  -0.115000
495  -0.015000
496  -0.065000
497  -0.010000
498  -0.030000
499   0.010000
500  -0.045000
-499  -0.015000
-498  -0.030000
-497  -0.005000
-496   0.075000
-495  -0.000000
-494   0.090000
-493   0.030000
-492   0.010000
-491   0.045000
-490   0.055000
-489   0.005000
-488   0.040000
-487   0.030000
-486   0.015000
-485   0.000000
-484   0.100000
-483   0.020000
-482   0.055000
-481   0.070000
-480  -0.055000
-479  -0.020000
-478   0.065000
-477  -0.035000
-476  -0.065000
-475  -0.000000
-474   0.035000
-473  -0.045000
-472  -0.025000
-471  -0.045000
-470   0.100000
-469  -0.080000
-468  -0.005000
-467  -0.070000
-466   0.070000
-465   0.055000
-464   0.025000
-463   0.045000
-462  -0.015000
-461  -0.030000
-460  -0.015000
-459   0.065000
-458   0.025000
-457  -0.035000
-456   0.080000
-455   0.020000
-454  -0.030000
-453   0.055000
-452   0.060000
-451   0.015000
-450  -0.050000
-449  -0.075000
-448  -0.025000
-447  -0.035000
-446   0.090000
-445  -0.095000
-444  -0.040000
-443  -0.070000
-442  -0.020000
-441   0.000000
-440  -0.010000
-439   0.020000
-438   0.040000
-437  -0.125000
-436  -0.010000
-435  -0.020000
-434   0.060000
-433   0.060000
-432  -0.025000
-431   0.010000
-430  -0.015000
-429   0.045000
-428  -0.005000
-427   0.005000
-426   0.035000
-425  -0.055000
-424   0.080000
-423   0.030000
-422   0.015000
-421   0.085000
-420  -0.025000
-419  -0.025000
-418  -0.010000
-417  -0.005000
-416  -0.110000
-415   0.070000
-414   0.040000
-413   0.135000
-412  -0.040000
-411   0.080000
-410   0.090000
-409   0.060000
-408  -0.090000
-407   0.035000
-406  -0.060000
-405   0.000000
-404  -0.000000
-403   0.020000
-402   0.030000
-401   0.060000
-400  -0.000000
-399   0.060000
-398   0.050000
-397  -0.020000
-396  -0.015000
-395  -0.120000
-394  -0.090000
-393  -0.005000
-392  -0.030000
-391   0.065000
-390   0.015000
-389   0.070000
-388   0.125000
-387   0.010000
-386   0.015000
-385  -0.005000
-384  -0.015000
-383   0.035000
-382  -0.015000
-381  -0.090000
-380   0.020000
-379   0.035000
-378  -0.010000
-377  -0.015000
-376   0.090000
-375  -0.090000
-374  -0.035000
-373  -0.005000
-372   0.070000
-371  -0.020000
-370   0.010000
-369   0.060000
-368  -0.025000
-367  -0.050000
-366   0.030000
-365  -0.035000
-364  -0.005000
-363  -0.005000
-362   0.015000
-361  -0.085000
-360   0.005000
-359   0.065000
-358   0.160000
-357   0.010000
-356  -0.010000
-355  -0.055000
-354  -0.030000
-353   0.105000
-352  -0.005000
-351   0.040000
-350   0.055000
-349   0.050000
-348  -0.025000
-347   0.035000
-346  -0.075000
-345  -0.015000
-344   0.045000
-343  -0.070000
-342  -0.065000
-341   0.015000
-340  -0.000000
-339   0.050000
-338  -0.005000
-337   0.045000
-336   0.075000
-335  -0.090000
-334   0.080000
-333  -0.040000
-332   0.050000
-331  -0.015000
-330   0.070000
-329  -0.005000
-328  -0.005000
-327  -0.040000
-326   0.010000
-325   0.030000
-324   0.010000
-323  -0.030000
-322   0.035000
-321  -0.120000
-320  -0.075000
-319  -0.085000
-318   0.100000
-317   0.010000
-316  -0.075000
-315  -0.060000
-314  -0.035000
-313   0.015000
-312  -0.020000
-311  -0.120000
-310   0.055000
-309  -0.065000
-308   0.045000
-307   0.015000
-306  -0.065000
-305  -0.020000
-304  -0.020000
-303   0.100000
-302  -0.065000
-301  -0.005000
-300  -0.050000
-299  -0.035000
-298   0.010000
-297  -0.005000
-296   0.030000
-295   0.025000
-294   0.050000
-293   0.060000
-292   0.085000
-291  -0.020000
-290  -0.055000
-289   0.030000
-288  -0.110000
-287   0.025000
-286  -0.105000
-285   0.025000
-284  -0.035000
-283  -0.035000
-282   0.030000
-281   0.050000
-280  -0.005000
-279   0.020000
-278   0.045000
-277   0.000000
-276   0.035000
-275  -0.010000
-274   0.100000
-273  -0.045000
-272  -0.020000
-271   0.015000
-270  -0.050000
-269   0.135000
-268   0.025000
-267  -0.010000
-266  -0.015000
-265   0.000000
-264  -0.015000
-263  -0.090000
-262   0.020000
-261   0.010000
-260   0.030000
-259  -0.065000
-258  -0.095000
-257   0.000000
-256   0.020000
-255   0.015000
-254  -0.065000
-253  -0.040000
-252  -0.040000
-251   0.070000
-250  -0.065000
-249  -0.015000
-248  -0.035000
-247   0.015000
-246   0.010000
-245  -0.050000
-244   0.065000
-243   0.065000
-242  -0.045000
-241  -0.070000
-240  -0.035000
-239   0.110000
-238   0.055000
-237  -0.065000
-236   0.010000
-235  -0.065000
-234   0.080000
-233  -0.050000
-232   0.010000
-231  -0.020000
-230   0.030000
-229  -0.150000
-228   0.045000
-227   0.065000
-226  -0.070000
-225  -0.010000
-224  -0.040000
-223   0.035000
-222   0.020000
-221  -0.010000
-220  -0.025000
-219  -0.015000
-218   0.045000
-217  -0.050000
-216  -0.065000
-215  -0.070000
-214  -0.075000
-213   0.005000
-212  -0.015000
-211  -0.070000
-210   0.050000
-209  -0.010000
-208  -0.025000
-207  -0.060000
-206  -0.035000
-205   0.050000
-204   0.000000
-203  -0.010000
-202   0.015000
-201   0.035000
-200   0.015000
-199  -0.040000
-198  -0.060000
-197   0.005000
-196  -0.020000
-195   0.025000
-194   0.050000
-193  -0.035000
-192   0.060000
-191   0.050000
-190   0.000000
-189   0.060000
-188  -0.060000
-187  -0.025000
-186  -0.035000
-185   0.035000
-184  -0.050000
-183   0.065000
-182   0.040000
-181   0.110000
-180  -0.050000
-179   0.140000
-178  -0.015000
-177  -0.090000
-176   0.015000
-175   0.005000
-174   0.005000
-173  -0.025000
-172   0.065000
-171  -0.035000
-170  -0.005000
-169   0.040000
-168  -0.045000
-167   0.050000
-166  -0.000000
-165   0.030000
-164   0.055000
-163  -0.090000
-162  -0.075000
-161  -0.015000
-160  -0.050000
-159   0.010000
-158   0.035000
-157   0.040000
-156  -0.035000
-155  -0.025000
-154  -0.005000
-153   0.025000
-152   0.045000
-151   0.015000
-150  -0.030000
-149  -0.015000
-148   0.060000
-147   0.010000
-146   0.085000
-145   0.010000
-144  -0.095000
-143   0.060000
-142   0.040000
-141  -0.035000
-140  -0.005000
-139  -0.025000
-138  -0.090000
-137  -0.050000
-136  -0.035000
-135  -0.060000
-134  -0.120000
-133  -0.025000
-132  -0.015000
-131   0.010000
-130  -0.000000
-129   0.120000
-128  -0.035000
-127   0.035000
-126   0.035000
-125  -0.060000
-124  -0.010000
-123   0.010000
-122  -0.000000
-121   0.090000
-120  -0.055000
-119   0.025000
-118   0.040000
-117   0.050000
-116  -0.020000
-115  -0.005000
-114  -0.005000
-113  -0.015000
-112  -0.005000
-111  -0.010000
-110   0.005000
-109  -0.070000
-108  -0.015000
-107  -0.040000
-106  -0.050000
-105  -0.015000
-104   0.015000
-103   0.020000
-102  -0.040000
-101   0.140000
-100  -0.010000
-99   0.080000
-98  -0.075000
-97  -0.105000
-96   0.025000
-95  -0.030000
-94  -0.055000
-93   0.020000
-92  -0.020000
-91   0.005000
-90   0.090000
-89  -0.015000
-88   0.050000
-87  -0.040000
-86  -0.020000
-85   0.150000
-84  -0.025000
-83   0.055000
-82   0.105000
-81   0.005000
-80  -0.010000
-79   0.000000
-78  -0.010000
-77  -0.040000
-76  -0.040000
-75   0.035000
-74  -0.105000
-73  -0.060000
-72   0.010000
-71   0.000000
-70  -0.015000
-69   0.000000
-68   0.020000
-67   0.015000
-66  -0.060000
-65  -0.075000
-64  -0.055000
-63   0.045000
-62   0.010000
-61   0.050000
-60   0.035000
-59   0.000000
-58  -0.055000
-57  -0.080000
-56   0.050000
-55  -0.020000
-54   0.040000
-53  -0.020000
-52  -0.050000
-51   0.030000
-50   0.060000
-49   0.040000
-48  -0.055000
-47  -0.070000
-46   0.025000
-45   0.065000
-44  -0.000000
-43   0.005000
-42   0.060000
-41   0.015000
-40   0.020000
-39  -0.000000
-38  -0.020000
-37  -0.075000
-36  -0.085000
-35  -0.035000
-34  -0.035000
-33  -0.060000
-32  -0.005000
-31   0.040000
-30   0.020000
-29   0.050000
-28  -0.025000
-27   0.020000
-26  -0.045000
-25   0.035000
-24  -0.035000
-23   0.065000
-22   0.040000
-21  -0.045000
-20  -0.065000
-19   0.020000
-18   0.010000
-17  -0.035000
-16  -0.010000
-15   0.000000
-14   0.045000
-13   0.045000
-12  -0.005000
-11  -0.035000
-10   0.010000
-9  -0.010000
-8  -0.010000
-7  -0.110000
-6   0.040000
-5   0.080000
-4   0.055000
-3   0.015000
-2  -0.030000
-1   0.015000
