0   0.090000
1   0.015000
2   0.045000
3  -0.065000
4   0.040000
5   0.015000
6   0.060000
7   0.085000
8  -0.055000
9  -0.020000
10  -0.000000
11  -0.040000
12  -0.075000
13   0.000000
14   0.010000
15   0.000000
16  -0.005000
17  -0.015000
18  -0.025000
19  -0.060000
20  -0.040000
21   0.025000
22  -0.030000
23   0.070000
24  -0.030000
25   0.120000
26   0.005000
27  -0.040000
28  -0.030000
29   0.060000
30   0.065000
31  -0.020000
32  -0.010000
33   0.055000
34  -0.015000
35  -0.040000
36   0.015000
37  -0.005000
38  -0.090000
39   0.070000
40   0.010000
41   0.005000
42   0.020000
43  -0.025000
44   0.015000
45  -0.080000
46  -0.025000
47  -0.005000
48   0.010000
49   0.030000
50  -0.085000
51   0.060000
52   0.060000
53  -0.035000
54  -0.065000
55  -0.010000
56   0.015000
57   0.035000
58  -0.000000
59  -0.120000
60   0.045000
61  -0.030000
62   0.040000
63   0.055000
64  -0.075000
65   0.030000
66  -0.060000
67   0.020000
68  -0.015000
69   0.030000
70  -0.025000
71  -0.100000
72   0.025000
73   0.055000
74  -0.050000
75   0.005000
76  -0.035000
77   0.030000
78  -0.075000
79  -0.115000
80  -0.050000
81   0.100000
82  -0.075000
83   0.030000
84   0.040000
85   0.060000
86  -0.025000
87   0.005000
88  -0.025000
89   0.010000
90   0.010000
91  -0.020000
92  -0.075000
93   0.065000
94  -0.015000
95   0.050000
96  -0.005000
97  -0.025000
98   0.030000
99   0.050000
100   0.045000
101  -0.025000
102  -0.075000
103  -0.025000
104   0.150000
105  -0.075000
106   0.060000
107  -0.005000
108  -0.030000
109   0.035000
110   0.005000
111  -0.025000
112   0.000000
113  -0.060000
114  -0.050000
115  -0.090000
116   0.030000
117   0.135000
118  -0.000000
119   0.035000
120  -0.065000
121  -0.040000
122   0.010000
123   0.055000
124   0.000000
125   0.080000
126   0.040000
127  -0.050000
128  -0.010000
129  -0.025000
130   0.030000
131  -0.045000
132  -0.050000
133  -0.040000
134   0.050000
135   0.045000
136   0.015000
137  -0.030000
138  -0.040000
139   0.005000
140  -0.025000
141  -0.010000
142  -0.005000
143   0.020000
144   0.030000
145  -0.050000
146  -0.020000
147  -0.055000
148  -0.000000
149   0.005000
150  -0.020000
151  -0.040000
152  -0.030000
153  -0.045000
154  -0.025000
155   0.050000
156   0.035000
157   0.075000
158   0.030000
159  -0.020000
160  -0.025000
161  -0.020000
162   0.035000
163   0.015000
164   0.000000
165   0.020000
166  -0.020000
167  -0.045000
168  -0.045000
169   0.000000
170   0.020000
171  -0.050000
172   0.035000
173  -0.025000
174  -0.055000
175  -0.055000
176  -0.015000
177  -0.020000
178   0.030000
179   0.025000
180   0.035000
181   0.005000
182   0.105000
183   0.030000
184  -0.025000
185   0.070000
186  -0.090000
187  -0.040000
188   0.060000
189   0.025000
190   0.005000
191  -0.010000
192  -0.010000
193   0.000000
194  -0.020000
195  -0.095000
196  -0.040000
197   0.060000
198   0.020000
199  -0.055000
200   0.015000
201   0.030000
202   0.005000
203   0.045000
204   0.060000
205  -0.015000
206  -0.080000
207   0.050000
208   0.010000
209  -0.035000
210   0.050000
211  -0.030000
212   0.020000
213  -0.015000
214  -0.055000
215  -0.075000
216   0.055000
217  -0.040000
218  -0.035000
219  -0.040000
220  -0.040000
221  -0.010000
222   0.050000
223   0.025000
224  -0.025000
225   0.035000
226   0.010000
227  -0.005000
228   0.020000
229  -0.040000
230   0.030000
231  -0.155000
232  -0.000000
233   0.075000
234   0.015000
235   0.045000
236   0.020000
237  -0.035000
238  -0.060000
239  -0.080000
240   0.025000
241   0.015000
242  -0.035000
243  -0.095000
244  -0.005000
245  -0.030000
246   0.040000
247   0.015000
248  -0.045000
249   0.065000
250  -0.025000
251  -0.020000
252   0.035000
253   0.045000
254  -0.085000
255  -0.010000
256  -0.025000
257  -0.045000
258  -0.065000
259  -0.030000
260   0.035000
261  -0.045000
262   0.010000
263  -0.060000
264  -0.065000
265   0.055000
266  -0.010000
267   0.075000
268   0.045000
269  -0.030000
270  -0.045000
271  -0.020000
272  -0.030000
273   0.025000
274  -0.015000
275  -0.120000
276  -0.010000
277  -0.045000
278   0.060000
279   0.000000
280  -0.095000
281  -0.010000
282   0.000000
283  -0.010000
284   0.035000
285  -0.045000
286  -0.000000
287   0.065000
288  -0.035000
289  -0.020000
290   0.030000
291  -0.015000
292  -0.000000
293  -0.105000
294  -0.000000
295   0.060000
296  -0.050000
297  -0.020000
298  -0.055000
299   0.085000
300  -0.025000
301   0.005000
302  -0.005000
303  -0.050000
304   0.040000
305   0.045000
306   0.060000
307  -0.025000
308   0.040000
309  -0.025000
310  -0.120000
311   0.015000
312   0.065000
313   0.025000
314  -0.060000
315   0.035000
316  -0.025000
317   0.015000
318  -0.000000
319   0.015000
320  -0.005000
321   0.035000
322   0.040000
323  -0.100000
324  -0.025000
325  -0.020000
326  -0.005000
327  -0.015000
328  -0.055000
329  -0.035000
330  -0.030000
331  -0.060000
332  -0.090000
333   0.020000
334   0.030000
335  -0.010000
336   0.005000
337  -0.085000
338  -0.040000
339  -0.005000
340   0.070000
341   0.080000
342   0.000000
343   0.020000
344   0.010000
345  -0.080000
346   0.005000
347   0.025000
348   0.035000
349  -0.060000
350   0.090000
351   0.000000
352   0.005000
353   0.025000
354  -0.085000
355  -0.025000
356  -0.025000
357  -0.025000
358   0.045000
359   0.005000
360   0.000000
361   0.010000
362   0.090000
363   0.150000
364  -0.055000
365   0.050000
366  -0.030000
367  -0.025000
368   0.050000
369  -0.080000
370   0.050000
371  -0.015000
372  -0.085000
373  -0.035000
374   0.000000
375   0.005000
376   0.035000
377  -0.075000
378   0.010000
379   0.030000
380   0.035000
381  -0.045000
382  -0.025000
383   0.035000
384  -0.015000
385   0.030000
386  -0.050000
387   0.100000
388  -0.055000
389   0.025000
390   0.070000
391  -0.030000
392   0.015000
393  -0.040000
394   0.020000
395  -0.030000
396   0.030000
397  -0.055000
398  -0.040000
399   0.060000
400   0.065000
401   0.020000
402  -0.025000
403  -0.050000
404  -0.040000
405   0.105000
406  -0.050000
407   0.005000
408  -0.005000
409   0.020000
410   0.065000
411  -0.085000
412   0.035000
413   0.005000
414  -0.005000
415   0.035000
416  -0.065000
417   0.030000
418  -0.060000
419  -0.010000
420  -0.005000
421  -0.070000
422   0.040000
423  -0.025000
424   0.010000
425   0.075000
426  -0.050000
427  -0.070000
428   0.005000
429   0.085000
430   0.050000
431  -0.005000
432  -0.030000
433   0.020000
434  -0.005000
435  -0.090000
436   0.035000
437   0.055000
438  -0.030000
439  -0.015000
440  -0.005000
441   0.095000
442  -0.005000
443  -0.025000
444   0.015000
445  -0.025000
446  -0.040000
447  -0.060000
448  -0.075000
449   0.045000
450  -0.040000
451   0.100000
452   0.025000
453   0.000000
454  -0.010000
455  -0.015000
456  -0.005000
457   0.030000
458  -0.015000
459  -0.040000
460   0.050000
461   0.040000
462   0.030000
463   0.025000
464  -0.040000
465  -0.045000
466   0.040000
467  -0.020000
468   0.000000
469   0.110000
470  -0.010000
471  -0.035000
472  -0.000000
473  -0.020000
474   0.070000
475   0.040000
476  -0.030000
477   0.080000
478  -0.035000
479   0.015000
480  -0.050000
481  -0.035000
482  -0.070000
483   0.025000
484  -0.050000
485  -0.040000
486  -0.095000
487   0.030000
488   0.045000
489  -0.015000
490   0.045000
491  -0.050000
492   0.045000
493   0.010000
494   0.040000
495   0.030000
496   0.050000
497  -0.010000
498  -0.080000
499  -0.070000
500  -0.060000
-499   0.020000
-498   0.025000
-497   0.015000
-496  -0.080000
-495  -0.025000
-494   0.060000
-493   0.040000
-492  -0.040000
-491   0.045000
-490   0.005000
-489  -0.040000
-488  -0.035000
-487  -0.010000
-486   0.040000
-485  -0.055000
-484   0.015000
-483   0.000000
-482  -0.065000
-481  -0.020000
-480   0.100000
-479   0.035000
-478   0.060000
-477   0.045000
-476   0.010000
-475  -0.055000
-474   0.015000
-473  -0.060000
-472   0.095000
-471  -0.015000
-470   0.070000
-469   0.060000
-468  -0.025000
-467   0.030000
-466   0.120000
-465  -0.060000
-464   0.025000
-463   0.070000
-462   0.065000
-461   0.030000
-460   0.070000
-459   0.075000
-458  -0.035000
-457   0.010000
-456  -0.030000
-455  -0.050000
-454  -0.075000
-453   0.035000
-452  -0.095000
-451   0.025000
-450   0.025000
-449   0.105000
-448   0.005000
-447  -0.100000
-446  -0.085000
-445   0.115000
-444  -0.010000
-443  -0.020000
-442  -0.070000
-441  -0.070000
-440  -0.070000
-439   0.060000
-438   0.010000
-437   0.035000
-436   0.015000
-435  -0.020000
-434  -0.085000
-433   0.060000
-432  -0.100000
-431  -0.065000
-430   0.020000
-429  -0.075000
-428  -0.010000
-427  -0.005000
-426   0.000000
-425  -0.010000
-424  -0.070000
-423   0.115000
-422  -0.015000
-421  -0.050000
-420   0.035000
-419  -0.025000
-418  -0.010000
-417   0.050000
-416  -0.095000
-415  -0.040000
-414  -0.045000
-413   0.060000
-412  -0.105000
-411   0.020000
-410   0.025000
-409  -0.050000
-408   0.070000
-407  -0.070000
-406  -0.005000
-405   0.080000
-404  -0.000000
-403   0.015000
-402   0.130000
-401  -0.005000
-400   0.025000
-399   0.050000
-398  -0.070000
-397   0.100000
-396   0.010000
-395  -0.015000
-394   0.035000
-393  -0.015000
-392  -0.030000
-391  -0.035000
-390  -0.060000
-389  -0.035000
-388   0.060000
-387   0.030000
-386  -0.045000
-385   0.010000
-384   0.070000
-383  -0.020000
-382   0.120000
-381  -0.015000
-380  -0.050000
-379   0.075000
-378  -0.030000
-377   0.060000
-376  -0.010000
-375   0.000000
-374  -0.025000
-373  -0.030000
-372   0.085000
-371   0.040000
-370  -0.015000
-369   0.030000
-368  -0.005000
-367   0.065000
-366   0.020000
-365  -0.015000
-364   0.020000
-363   0.005000
-362   0.070000
-361  -0.040000
-360  -0.085000
-359  -0.005000
-358  -0.010000
-357   0.020000
-356  -0.070000
-355  -0.050000
-354  -0.045000
-353  -0.080000
-352  -0.020000
-351   0.005000
-350   0.025000
-349  -0.015000
-348   0.030000
-347  -0.015000
-346   0.030000
-345  -0.055000
-344   0.005000
-343  -0.035000
-342  -0.055000
-341  -0.045000
-340  -0.025000
-339   0.000000
-338   0.070000
-337  -0.040000
-336   0.025000
-335  -0.070000
-334  -0.025000
-333   0.035000
-332  -0.070000
-331   0.020000
-330   0.020000
-329   0.030000
-328   0.005000
-327   0.045000
-326   0.000000
-325   0.040000
-324   0.005000
-323  -0.020000
-322   0.045000
-321   0.015000
-320   0.020000
-319  -0.045000
-318   0.030000
-317  -0.085000
-316   0.015000
-315  -0.020000
-314  -0.015000
-313  -0.015000
-312   0.045000
-311   0.025000
-310  -0.010000
-309  -0.035000
-308  -0.045000
-307  -0.085000
-306  -0.000000
-305   0.015000
-304  -0.020000
-303  -0.020000
-302  -0.020000
-301   0.025000
-300   0.015000
-299   0.010000
-298   0.025000
-297   0.080000
-296  -0.005000
-295  -0.040000
-294  -0.020000
-293   0.075000
-292   0.045000
-291   0.095000
-290  -0.000000
-289  -0.005000
-288  -0.085000
-287   0.045000
-286   0.060000
-285   0.035000
-284  -0.005000
-283   0.055000
-282   0.065000
-281  -0.000000
-280  -0.040000
-279  -0.015000
-278   0.065000
-277  -0.015000
-276   0.015000
-275  -0.010000
-274  -0.000000
-273   0.110000
-272  -0.060000
-271  -0.155000
-270   0.025000
-269  -0.020000
-268   0.010000
-267  -0.000000
-266   0.010000
-265  -0.030000
-264  -0.055000
-263   0.030000
-262  -0.000000
-261   0.045000
-260  -0.030000
-259  -0.045000
-258  -0.005000
-257   0.025000
-256  -0.080000
-255  -0.085000
-254   0.015000
-253  -0.000000
-252  -0.020000
-251  -0.020000
-250  -0.010000
-249   0.065000
-248   0.075000
-247  -0.115000
-246  -0.050000
-245   0.050000
-244   0.025000
-243  -0.065000
-242   0.005000
-241   0.035000
-240  -0.020000
-239   0.045000
-238   0.080000
-237   0.040000
-236  -0.030000
-235   0.005000
-234  -0.020000
-233   0.040000
-232   0.025000
-231   0.055000
-230  -0.025000
-229  -0.005000
-228   0.015000
-227   0.030000
-226   0.010000
-225  -0.015000
-224  -0.010000
-223   0.020000
-222   0.080000
-221   0.025000
-220   0.020000
-219   0.070000
-218   0.025000
-217  -0.040000
-216  -0.060000
-215  -0.015000
-214  -0.055000
-213   0.065000
-212   0.035000
-211  -0.015000
-210   0.005000
-209   0.035000
-208   0.060000
-207  -0.015000
-206  -0.070000
-205   0.025000
-204   0.015000
-203   0.050000
-202  -0.010000
-201  -0.030000
-200   0.040000
-199  -0.000000
-198  -0.025000
-197   0.040000
-196  -0.050000
-195  -0.055000
-194  -0.060000
-193  -0.055000
-192   0.060000
-191  -0.035000
-190   0.015000
-189  -0.120000
-188   0.020000
-187   0.040000
-186  -0.050000
-185  -0.030000
-184   0.060000
-183   0.005000
-182   0.025000
-181  -0.005000
-180  -0.005000
-179  -0.030000
-178   0.015000
-177   0.020000
-176   0.035000
-175   0.005000
-174  -0.055000
-173   0.050000
-172   0.000000
-171   0.045000
-170  -0.020000
-169  -0.055000
-168  -0.035000
-167  -0.025000
-166   0.075000
-165  -0.020000
-164  -0.010000
-163   0.100000
-162   0.045000
-161  -0.025000
-160   0.075000
-159   0.085000
-158  -0.040000
-157   0.085000
-156   0.005000
-155  -0.115000
-154  -0.020000
-153  -0.050000
-152  -0.015000
-151   0.025000
-150  -0.035000
-149  -0.010000
-148   0.000000
-147   0.045000
-146  -0.020000
-145   0.115000
-144   0.015000
-143   0.030000
-142  -0.085000
-141   0.020000
-140   0.015000
-139   0.055000
-138   0.065000
-137   0.010000
-136   0.040000
-135   0.010000
-134  -0.060000
-133   0.080000
-132  -0.070000
-131   0.020000
-130  -0.015000
-129   0.065000
-128   0.085000
-127   0.070000
-126   0.050000
-125  -0.060000
-124  -0.035000
-123  -0.005000
-122  -0.025000
-121  -0.005000
-120  -0.070000
-119   0.065000
-118   0.005000
-117   0.015000
-116   0.010000
-115   0.065000
-114   0.025000
-113   0.080000
-112  -0.035000
-111   0.080000
-110  -0.015000
-109  -0.000000
-108  -0.030000
-107  -0.090000
-106   0.085000
-105   0.025000
-104  -0.020000
-103  -0.035000
-102  -0.070000
-101  -0.030000
-100   0.015000
-99   0.000000
-98   0.005000
-97   0.030000
-96  -0.035000
-95  -0.020000
-94  -0.070000
-93  -0.085000
-92   0.100000
-91   0.065000
-90  -0.015000
-89  -0.005000
-88   0.000000
-87   0.020000
-86  -0.065000
-85  -0.025000
-84   0.040000
-83   0.000000
-82   0.075000
-81   0.040000
-80  -0.030000
-79  -0.000000
-78  -0.005000
-77  -0.030000
-76   0.010000
-75  -0.005000
-74   0.020000
-73  -0.110000
-72  -0.020000
-71  -0.015000
-70   0.125000
-69   0.025000
-68  -0.105000
-67   0.005000
-66  -0.010000
-65  -0.040000
-64  -0.085000
-63   0.020000
-62  -0.050000
-61   0.000000
-60   0.020000
-59   0.025000
-58  -0.060000
-57  -0.090000
-56  -0.005000
-55  -0.030000
-54   0.085000
-53  -0.015000
-52   0.025000
-51  -0.035000
-50  -0.080000
-49   0.005000
-48   0.005000
-47  -0.035000
-46  -0.070000
-45   0.065000
-44   0.025000
-43  -0.015000
-42  -0.020000
-41   0.010000
-40   0.040000
-39   0.035000
-38  -0.015000
-37   0.065000
-36  -0.010000
-35  -0.065000
-34  -0.015000
-33  -0.050000
-32  -0.050000
-31  -0.030000
-30   0.020000
-29  -0.025000
-28   0.080000
-27  -0.005000
-26  -0.025000
-25   0.040000
-24  -0.030000
-23   0.070000
-22   0.005000
-21  -0.035000
-20  -0.030000
-19   0.075000
-18  -0.015000
-17   0.000000
-16  -0.000000
-15  -0.070000
-14   0.050000
-13   0.070000
-12   0.045000
-11   0.060000
-10   0.045000
-9   0.035000
-8   0.000000
-7   0.010000
-6  -0.010000
-5  -0.035000
-4  -0.045000
-3   0.035000
-2   0.040000
-1   0.050000
