0   0.050000
1  -0.020000
2  -0.065000
3   0.080000
4   0.030000
5  -0.010000
6  -0.010000
7  -0.125000
8   0.070000
9   0.075000
10   0.050000
11  -0.040000
12  -0.065000
13   0.025000
14   0.040000
15   0.005000
16   0.065000
17   0.010000
18  -0.015000
19   0.080000
20  -0.010000
21  -0.015000
22   0.050000
23  -0.000000
24   0.025000
25   0.025000
26  -0.055000
27   0.065000
28   0.000000
29  -0.000000
30   0.035000
31   0.000000
32  -0.085000
33   0.030000
34   0.055000
35  -0.030000
36  -0.090000
37  -0.020000
38   0.105000
39  -0.010000
40  -0.045000
41  -0.015000
42  -0.040000
43   0.045000
44  -0.035000
45   0.035000
46  -0.060000
47   0.010000
48  -0.010000
49   0.130000
50   0.070000
51   0.055000
52  -0.045000
53  -0.030000
54  -0.060000
55  -0.045000
56  -0.030000
57   0.025000
58  -0.080000
59  -0.040000
60  -0.015000
61  -0.005000
62   0.025000
63  -0.095000
64   0.005000
65   0.015000
66   0.040000
67  -0.045000
68  -0.080000
69  -0.055000
70   0.030000
71   0.085000
72  -0.045000
73   0.015000
74  -0.005000
75   0.015000
76   0.020000
77   0.045000
78  -0.055000
79  -0.040000
80  -0.055000
81   0.010000
82   0.105000
83  -0.045000
84   0.020000
85  -0.045000
86  -0.015000
87   0.050000
88   0.005000
89  -0.020000
90  -0.015000
91   0.010000
92  -0.005000
93   0.045000
94  -0.050000
95   0.035000
96   0.010000
97  -0.030000
98   0.075000
99  -0.015000
100  -0.005000
101   0.015000
102   0.010000
103   0.005000
104   0.010000
105   0.060000
106  -0.010000
107   0.035000
108  -0.015000
109  -0.040000
110   0.065000
111   0.045000
112   0.020000
113   0.030000
114  -0.045000
115   0.070000
116  -0.070000
117   0.080000
118   0.045000
119  -0.040000
120  -0.090000
121  -0.020000
122   0.040000
123   0.015000
124   0.025000
125   0.045000
126   0.005000
127  -0.020000
128   0.085000
129  -0.005000
130  -0.005000
131  -0.095000
132  -0.015000
133   0.010000
134   0.065000
135   0.080000
136  -0.020000
137   0.035000
138   0.095000
139   0.070000
140   0.040000
141   0.040000
142  -0.020000
143   0.000000
144   0.035000
145  -0.025000
146   0.010000
147  -0.045000
148   0.045000
149   0.015000
150   0.080000
151  -0.060000
152   0.070000
153  -0.025000
154   0.010000
155   0.095000
156  -0.085000
157   0.035000
158  -0.040000
159   0.025000
160   0.050000
161   0.100000
162  -0.030000
163   0.105000
164   0.070000
165   0.025000
166   0.025000
167   0.035000
168   0.020000
169   0.095000
170   0.025000
171  -0.050000
172   0.000000
173   0.025000
174  -0.095000
175  -0.065000
176  -0.010000
177  -0.045000
178  -0.025000
179  -0.045000
180   0.025000
181  -0.050000
182   0.045000
183   0.015000
184   0.070000
185   0.020000
186   0.015000
187  -0.070000
188  -0.055000
189   0.000000
190  -0.015000
191   0.055000
192  -0.055000
193   0.055000
194  -0.020000
195   0.035000
196   0.035000
197  -0.050000
198  -0.010000
199  -0.020000
200   0.020000
201  -0.050000
202   0.090000
203   0.045000
204  -0.005000
205  -0.010000
206   0.010000
207  -0.010000
208  -0.015000
209  -0.010000
210  -0.050000
211  -0.045000
212  -0.050000
213   0.010000
214   0.115000
215  -0.035000
216  -0.040000
217  -0.030000
218  -0.050000
219  -0.030000
220   0.020000
221   0.010000
222   0.040000
223   0.015000
224   0.010000
225  -0.065000
226   0.020000
227   0.000000
228   0.045000
229   0.030000
230  -0.065000
231   0.010000
232   0.035000
233   0.060000
234   0.020000
235  -0.005000
236   0.025000
237  -0.020000
238  -0.025000
239  -0.005000
240   0.015000
241  -0.040000
242   0.020000
243   0.035000
244   0.040000
245  -0.060000
246  -0.075000
247  -0.030000
248   0.100000
249   0.015000
250   0.025000
251   0.095000
252   0.000000
253   0.070000
254  -0.020000
255   0.060000
256   0.000000
257  -0.015000
258   0.075000
259  -0.035000
260   0.025000
261  -0.010000
262  -0.010000
263  -0.095000
264  -0.010000
265  -0.040000
266   0.015000
267   0.050000
268   0.100000
269  -0.045000
270   0.055000
271   0.000000
272  -0.010000
273   0.050000
274  -0.010000
275  -0.025000
276  -0.035000
277  -0.035000
278   0.080000
279  -0.010000
280  -0.025000
281  -0.045000
282   0.035000
283  -0.060000
284  -0.040000
285   0.065000
286   0.055000
287  -0.030000
288   0.045000
289  -0.080000
290  -0.040000
291   0.055000
292   0.010000
293  -0.020000
294  -0.005000
295  -0.030000
296  -0.095000
297  -0.010000
298  -0.030000
299  -0.040000
300   0.005000
301   0.030000
302   0.025000
303   0.005000
304  -0.020000
305   0.000000
306   0.020000
307   0.030000
308   0.040000
309   0.015000
310  -0.010000
311   0.045000
312  -0.055000
313   0.040000
314  -0.000000
315  -0.080000
316   0.010000
317  -0.085000
318   0.035000
319  -0.020000
320  -0.015000
321  -0.020000
322   0.105000
323  -0.015000
324   0.020000
325  -0.065000
326   0.050000
327  -0.015000
328   0.045000
329   0.035000
330  -0.060000
331   0.055000
332  -0.030000
333   0.070000
334  -0.005000
335  -0.060000
336  -0.055000
337  -0.035000
338  -0.005000
339  -0.015000
340  -0.050000
341  -0.060000
342   0.080000
343   0.065000
344  -0.050000
345   0.040000
346   0.000000
347  -0.065000
348   0.100000
349   0.005000
350  -0.035000
351   0.035000
352   0.015000
353   0.135000
354   0.065000
355   0.080000
356   0.020000
357   0.010000
358  -0.020000
359   0.055000
360  -0.040000
361   0.060000
362   0.015000
363   0.145000
364  -0.000000
365  -0.005000
366  -0.080000
367   0.045000
368   0.060000
369   0.040000
370   0.030000
371  -0.105000
372  -0.005000
373   0.045000
374  -0.110000
375   0.005000
376  -0.075000
377   0.020000
378  -0.030000
379  -0.030000
380   0.115000
381  -0.110000
382   0.000000
383   0.030000
384  -0.005000
385   0.050000
386  -0.140000
387   0.010000
388  -0.085000
389   0.005000
390   0.005000
391   0.035000
392  -0.065000
393   0.170000
394   0.025000
395  -0.095000
396   0.080000
397   0.040000
398  -0.075000
399  -0.060000
400   0.025000
401   0.015000
402  -0.035000
403   0.015000
404  -0.050000
405   0.085000
406   0.070000
407   0.035000
408  -0.030000
409   0.110000
410   0.020000
411  -0.080000
412   0.070000
413   0.020000
414   0.030000
415  -0.055000
416  -0.040000
417   0.000000
418   0.010000
419   0.025000
420   0.080000
421  -0.020000
422   0.020000
423   0.060000
424  -0.015000
425  -0.020000
426  -0.005000
427   0.085000
428  -0.090000
429  -0.005000
430  -0.050000
431   0.065000
432   0.025000
433   0.040000
434   0.105000
435   0.065000
436   0.045000
437   0.005000
438   0.035000
439  -0.040000
440   0.030000
441   0.060000
442  -0.000000
443   0.035000
444  -0.020000
445   0.060000
446  -0.005000
447   0.070000
448  -0.070000
449  -0.025000
450  -0.005000
451  -0.025000
452  -0.020000
453  -0.020000
454   0.000000
455  -0.065000
456  -0.015000
457  -0.090000
458   0.055000
459   0.040000
460   0.020000
461   0.030000
462   0.010000
463  -0.020000
464   0.015000
465   0.115000
466   0.040000
467  -0.045000
468   0.015000
469  -0.040000
470  -0.035000
471   0.050000
472   0.055000
473   0.040000
474  -0.065000
475  -0.025000
476   0.075000
477   0.035000
478  -0.045000
479  -0.035000
480   0.005000
481   0.020000
482  -0.085000
483  -0.010000
484  -0.000000
485  -0.005000
486  -0.030000
487   0.015000
488   0.035000
489   0.015000
490  -0.105000
491  -0.050000
492  -0.130000
493  -0.065000
494   0.020000
495   0.040000
496  -0.100000
497  -0.035000
498   0.030000
499   0.040000
500  -0.030000
-499  -0.090000
-498   0.045000
-497   0.055000
-496  -0.090000
-495  -0.000000
-494  -0.060000
-493  -0.070000
-492   0.055000
-491   0.085000
-490   0.050000
-489   0.010000
-488  -0.015000
-487  -0.015000
-486  -0.045000
-485   0.070000
-484   0.030000
-483  -0.030000
-482   0.020000
-481  -0.005000
-480  -0.030000
-479  -0.005000
-478  -0.030000
-477  -0.035000
-476  -0.030000
-475  -0.065000
-474  -0.070000
-473   0.060000
-472  -0.035000
-471  -0.010000
-470   0.045000
-469  -0.035000
-468  -0.025000
-467   0.080000
-466   0.005000
-465  -0.075000
-464  -0.065000
-463   0.030000
-462  -0.005000
-461  -0.055000
-460  -0.020000
-459  -0.010000
-458   0.005000
-457   0.055000
-456   0.000000
-455   0.025000
-454   0.000000
-453   0.055000
-452  -0.020000
-451   0.055000
-450   0.025000
-449  -0.045000
-448  -0.060000
-447   0.100000
-446   0.025000
-445  -0.010000
-444  -0.000000
-443   0.045000
-442  -0.015000
-441   0.045000
-440   0.025000
-439  -0.045000
-438   0.010000
-437   0.095000
-436  -0.070000
-435  -0.040000
-434   0.045000
-433   0.005000
-432  -0.020000
-431   0.030000
-430  -0.015000
-429  -0.020000
-428  -0.030000
-427  -0.030000
-426   0.030000
-425   0.035000
-424  -0.015000
-423  -0.105000
-422   0.030000
-421   0.025000
-420  -0.035000
-419   0.040000
-418  -0.035000
-417   0.060000
-416   0.080000
-415  -0.025000
-414  -0.020000
-413  -0.025000
-412   0.070000
-411  -0.115000
-410   0.020000
-409   0.030000
-408  -0.040000
-407  -0.010000
-406  -0.085000
-405   0.015000
-404   0.010000
-403   0.055000
-402   0.065000
-401  -0.010000
-400  -0.000000
-399   0.025000
-398   0.015000
-397  -0.020000
-396  -0.005000
-395  -0.035000
-394   0.055000
-393   0.135000
-392  -0.035000
-391  -0.070000
-390   0.030000
-389   0.095000
-388  -0.060000
-387  -0.040000
-386   0.065000
-385  -0.065000
-384   0.010000
-383   0.085000
-382   0.050000
-381  -0.100000
-380   0.005000
-379  -0.035000
-378  -0.005000
-377  -0.025000
-376  -0.015000
-375   0.030000
-374   0.005000
-373  -0.075000
-372   0.000000
-371  -0.025000
-370   0.000000
-369   0.045000
-368  -0.095000
-367   0.020000
-366   0.020000
-365  -0.010000
-364   0.050000
-363  -0.025000
-362   0.050000
-361   0.030000
-360   0.035000
-359   0.035000
-358  -0.080000
-357   0.005000
-356   0.035000
-355   0.050000
-354   0.065000
-353  -0.015000
-352  -0.005000
-351   0.010000
-350   0.030000
-349   0.020000
-348  -0.070000
-347   0.105000
-346   0.055000
-345  -0.000000
-344   0.050000
-343  -0.010000
-342   0.050000
-341   0.030000
-340  -0.045000
-339   0.130000
-338  -0.015000
-337   0.015000
-336  -0.045000
-335   0.015000
-334   0.000000
-333   0.030000
-332   0.020000
-331  -0.060000
-330   0.050000
-329  -0.025000
-328  -0.055000
-327   0.055000
-326   0.015000
-325   0.060000
-324   0.020000
-323   0.040000
-322  -0.050000
-321   0.085000
-320   0.075000
-319   0.070000
-318   0.125000
-317  -0.010000
-316   0.075000
-315   0.035000
-314  -0.015000
-313   0.020000
-312  -0.055000
-311  -0.020000
-310   0.020000
-309  -0.005000
-308   0.075000
-307   0.030000
-306   0.070000
-305  -0.015000
-304  -0.005000
-303   0.135000
-302   0.020000
-301  -0.055000
-300  -0.005000
-299   0.035000
-298   0.025000
-297  -0.005000
-296  -0.005000
-295   0.045000
-294   0.005000
-293  -0.055000
-292   0.090000
-291   0.020000
-290  -0.080000
-289  -0.050000
-288  -0.035000
-287  -0.030000
-286  -0.030000
-285   0.020000
-284   0.035000
-283   0.025000
-282  -0.055000
-281   0.010000
-280  -0.060000
-279  -0.020000
-278  -0.040000
-277  -0.025000
-276  -0.015000
-275  -0.000000
-274  -0.040000
-273  -0.020000
-272  -0.090000
-271  -0.005000
-270  -0.085000
-269  -0.030000
-268   0.060000
-267  -0.040000
-266  -0.100000
-265  -0.015000
-264  -0.100000
-263  -0.040000
-262   0.015000
-261   0.025000
-260   0.085000
-259   0.055000
-258   0.035000
-257  -0.040000
-256   0.000000
-255   0.055000
-254   0.015000
-253  -0.050000
-252  -0.005000
-251  -0.005000
-250  -0.100000
-249   0.015000
-248   0.040000
-247  -0.040000
-246   0.040000
-245  -0.010000
-244   0.060000
-243  -0.075000
-242  -0.040000
-241   0.000000
-240   0.005000
-239   0.015000
-238   0.120000
-237   0.030000
-236   0.015000
-235  -0.030000
-234  -0.055000
-233  -0.015000
-232  -0.030000
-231  -0.030000
-230   0.065000
-229  -0.075000
-228  -0.005000
-227  -0.035000
-226   0.030000
-225  -0.105000
-224  -0.070000
-223   0.045000
-222   0.065000
-221  -0.085000
-220   0.020000
-219  -0.020000
-218  -0.065000
-217   0.010000
-216  -0.045000
-215  -0.020000
-214  -0.060000
-213  -0.015000
-212  -0.055000
-211   0.025000
-210   0.055000
-209  -0.040000
-208   0.070000
-207   0.065000
-206   0.015000
-205   0.015000
-204   0.055000
-203  -0.015000
-202  -0.050000
-201   0.075000
-200  -0.075000
-199   0.020000
-198  -0.050000
-197   0.005000
-196  -0.045000
-195   0.035000
-194  -0.020000
-193   0.065000
-192   0.040000
-191   0.065000
-190  -0.035000
-189   0.015000
-188   0.060000
-187  -0.035000
-186  -0.010000
-185  -0.070000
-184  -0.000000
-183   0.010000
-182   0.030000
-181  -0.080000
-180   0.035000
-179   0.125000
-178  -0.010000
-177   0.025000
-176  -0.035000
-175  -0.015000
-174   0.005000
-173   0.025000
-172  -0.020000
-171   0.015000
-170  -0.075000
-169  -0.005000
-168   0.090000
-167  -0.015000
-166  -0.085000
-165  -0.050000
-164   0.065000
-163   0.020000
-162  -0.090000
-161   0.045000
-160   0.050000
-159   0.070000
-158   0.000000
-157   0.040000
-156  -0.030000
-155   0.050000
-154  -0.035000
-153  -0.035000
-152  -0.110000
-151  -0.000000
-150  -0.005000
-149  -0.095000
-148  -0.050000
-147   0.055000
-146   0.090000
-145   0.005000
-144  -0.065000
-143  -0.070000
-142   0.080000
-141   0.020000
-140   0.025000
-139   0.025000
-138  -0.035000
-137   0.030000
-136  -0.005000
-135  -0.030000
-134   0.030000
-133  -0.015000
-132  -0.015000
-131   0.005000
-130   0.060000
-129   0.050000
-128   0.045000
-127  -0.010000
-126   0.015000
-125  -0.025000
-124   0.065000
-123   0.075000
-122  -0.020000
-121  -0.115000
-120   0.050000
-119   0.035000
-118  -0.065000
-117  -0.085000
-116  -0.015000
-115  -0.060000
-114   0.110000
-113  -0.035000
-112   0.015000
-111   0.070000
-110  -0.010000
-109   0.050000
-108   0.030000
-107   0.025000
-106   0.030000
-105  -0.075000
-104   0.015000
-103  -0.045000
-102  -0.005000
-101   0.065000
-100   0.120000
-99  -0.040000
-98   0.060000
-97  -0.020000
-96  -0.015000
-95   0.040000
-94  -0.055000
-93   0.025000
-92   0.075000
-91  -0.045000
-90  -0.025000
-89   0.010000
-88  -0.035000
-87  -0.085000
-86   0.015000
-85  -0.055000
-84  -0.070000
-83   0.010000
-82   0.105000
-81  -0.005000
-80  -0.045000
-79  -0.025000
-78  -0.065000
-77   0.010000
-76  -0.050000
-75   0.040000
-74   0.090000
-73  -0.030000
-72  -0.025000
-71  -0.040000
-70  -0.015000
-69  -0.015000
-68   0.030000
-67   0.055000
-66  -0.025000
-65  -0.010000
-64   0.045000
-63  -0.030000
-62  -0.070000
-61   0.020000
-60   0.000000
-59  -0.035000
-58   0.010000
-57  -0.060000
-56  -0.040000
-55  -0.025000
-54   0.080000
-53   0.025000
-52  -0.050000
-51  -0.035000
-50  -0.025000
-49  -0.100000
-48   0.090000
-47   0.035000
-46  -0.005000
-45   0.055000
-44  -0.035000
-43   0.035000
-42   0.110000
-41   0.045000
-40   0.000000
-39  -0.145000
-38  -0.080000
-37  -0.060000
-36  -0.025000
-35  -0.005000
-34   0.005000
-33  -0.020000
-32   0.050000
-31  -0.005000
-30  -0.050000
-29   0.050000
-28  -0.025000
-27  -0.025000
-26   0.085000
-25   0.015000
-24   0.060000
-23  -0.020000
-22  -0.080000
-21  -0.120000
-20   0.010000
-19  -0.040000
-18  -0.010000
-17   0.055000
-16   0.050000
-15  -0.050000
-14  -0.020000
-13  -0.035000
-12   0.045000
-11   0.090000
-10   0.040000
-9  -0.020000
-8   0.115000
-7   0.015000
-6  -0.035000
-5   0.085000
-4   0.040000
-3  -0.030000
-2   0.030000
-1   0.005000
