0   0.020000
1   0.050000
2   0.000000
3  -0.010000
4   0.035000
5  -0.030000
6  -0.045000
7  -0.065000
8  -0.095000
9   0.030000
10   0.025000
11  -0.015000
12  -0.080000
13   0.035000
14  -0.025000
15   0.055000
16   0.060000
17   0.035000
18   0.015000
19   0.005000
20  -0.025000
21  -0.080000
22   0.010000
23  -0.065000
24   0.010000
25   0.100000
26   0.010000
27  -0.115000
28  -0.035000
29  -0.040000
30   0.065000
31   0.010000
32   0.045000
33   0.035000
34  -0.130000
35  -0.030000
36   0.020000
37   0.030000
38   0.125000
39  -0.005000
40  -0.020000
41   0.065000
42  -0.010000
43   0.000000
44   0.000000
45  -0.035000
46  -0.010000
47   0.005000
48  -0.110000
49  -0.040000
50  -0.035000
51  -0.140000
52   0.045000
53   0.025000
54  -0.040000
55  -0.040000
56  -0.010000
57   0.065000
58  -0.045000
59   0.070000
60   0.050000
61   0.025000
62  -0.060000
63  -0.045000
64  -0.010000
65   0.090000
66   0.090000
67  -0.090000
68  -0.040000
69   0.015000
70   0.035000
71   0.000000
72   0.020000
73  -0.075000
74   0.045000
75  -0.100000
76   0.030000
77   0.015000
78   0.020000
79   0.060000
80   0.010000
81   0.035000
82  -0.005000
83  -0.045000
84  -0.130000
85   0.025000
86   0.055000
87   0.040000
88  -0.080000
89   0.065000
90  -0.040000
91  -0.040000
92  -0.005000
93   0.025000
94   0.065000
95  -0.010000
96  -0.085000
97  -0.070000
98   0.005000
99  -0.050000
100  -0.025000
101   0.010000
102  -0.055000
103  -0.030000
104   0.020000
105  -0.035000
106   0.035000
107  -0.080000
108   0.060000
109  -0.025000
110   0.015000
111  -0.040000
112   0.055000
113  -0.085000
114   0.020000
115  -0.050000
116  -0.015000
117  -0.035000
118  -0.060000
119  -0.005000
120  -0.045000
121   0.005000
122  -0.050000
123  -0.040000
124  -0.035000
125  -0.045000
126  -0.065000
127   0.135000
128   0.065000
129  -0.065000
130   0.080000
131  -0.120000
132   0.010000
133  -0.065000
134   0.005000
135  -0.010000
136  -0.025000
137   0.015000
138   0.045000
139   0.085000
140  -0.075000
141  -0.000000
142  -0.100000
143   0.035000
144   0.020000
145  -0.005000
146  -0.015000
147  -0.045000
148  -0.015000
149   0.015000
150   0.015000
151   0.075000
152   0.055000
153   0.025000
154  -0.015000
155  -0.030000
156   0.020000
157  -0.135000
158   0.020000
159   0.025000
160   0.025000
161  -0.080000
162   0.000000
163   0.020000
164  -0.015000
165   0.065000
166   0.060000
167  -0.000000
168  -0.045000
169   0.035000
170   0.055000
171   0.035000
172  -0.070000
173  -0.025000
174   0.045000
175  -0.035000
176  -0.025000
177  -0.025000
178  -0.070000
179   0.075000
180   0.030000
181  -0.055000
182   0.005000
183  -0.005000
184  -0.010000
185  -0.005000
186  -0.035000
187   0.010000
188   0.060000
189  -0.050000
190  -0.090000
191   0.030000
192   0.085000
193   0.000000
194  -0.100000
195  -0.025000
196  -0.045000
197  -0.035000
198  -0.035000
199  -0.020000
200  -0.025000
201  -0.030000
202   0.035000
203   0.015000
204  -0.005000
205   0.010000
206   0.090000
207   0.045000
208   0.030000
209  -0.030000
210   0.020000
211   0.080000
212  -0.005000
213   0.045000
214   0.040000
215  -0.040000
216  -0.055000
217   0.025000
218  -0.005000
219   0.045000
220   0.000000
221   0.005000
222   0.005000
223  -0.005000
224  -0.020000
225  -0.005000
226  -0.040000
227   0.125000
228   0.020000
229   0.065000
230   0.005000
231  -0.030000
232  -0.055000
233   0.045000
234   0.030000
235  -0.000000
236   0.135000
237   0.065000
238   0.020000
239   0.015000
240  -0.005000
241   0.025000
242   0.080000
243  -0.005000
244  -0.010000
245  -0.130000
246   0.020000
247  -0.030000
248   0.065000
249  -0.065000
250  -0.070000
251  -0.060000
252   0.045000
253   0.085000
254   0.085000
255  -0.040000
256   0.035000
257   0.015000
258  -0.070000
259   0.035000
260   0.070000
261   0.040000
262  -0.045000
263   0.025000
264  -0.015000
265   0.015000
266  -0.040000
267   0.035000
268   0.030000
269   0.020000
270  -0.020000
271   0.025000
272   0.005000
273   0.065000
274   0.005000
275  -0.000000
276  -0.075000
277   0.020000
278   0.040000
279   0.020000
280   0.035000
281   0.040000
282  -0.000000
283  -0.025000
284  -0.005000
285   0.040000
286   0.115000
287   0.030000
288   0.070000
289  -0.055000
290   0.020000
291  -0.040000
292   0.050000
293  -0.015000
294  -0.005000
295  -0.020000
296  -0.095000
297  -0.005000
298  -0.110000
299   0.025000
300   0.005000
301   0.020000
302  -0.075000
303   0.020000
304   0.005000
305   0.005000
306  -0.010000
307   0.020000
308   0.060000
309  -0.080000
310  -0.080000
311   0.060000
312   0.070000
313  -0.055000
314  -0.020000
315  -0.005000
316  -0.025000
317   0.025000
318   0.065000
319   0.020000
320  -0.060000
321   0.045000
322   0.015000
323   0.055000
324  -0.040000
325   0.035000
326  -0.070000
327   0.050000
328   0.050000
329   0.005000
330  -0.035000
331  -0.020000
332  -0.010000
333   0.035000
334   0.055000
335  -0.020000
336   0.065000
337   0.010000
338  -0.040000
339   0.035000
340  -0.025000
341  -0.060000
342  -0.000000
343   0.035000
344  -0.060000
345  -0.050000
346   0.025000
347   0.020000
348   0.065000
349  -0.070000
350   0.070000
351   0.085000
352  -0.065000
353  -0.045000
354  -0.045000
355  -0.010000
356   0.015000
357  -0.025000
358  -0.115000
359  -0.060000
360  -0.005000
361  -0.065000
362   0.060000
363   0.015000
364  -0.005000
365  -0.030000
366  -0.030000
367   0.090000
368  -0.030000
369  -0.050000
370  -0.035000
371  -0.055000
372  -0.045000
373   0.015000
374   0.010000
375  -0.040000
376  -0.075000
377   0.010000
378  -0.100000
379   0.065000
380  -0.010000
381  -0.050000
382  -0.005000
383  -0.025000
384   0.000000
385  -0.005000
386  -0.040000
387   0.005000
388   0.005000
389   0.005000
390   0.080000
391  -0.045000
392  -0.080000
393  -0.070000
394  -0.045000
395  -0.045000
396  -0.025000
397   0.005000
398  -0.045000
399   0.045000
400  -0.055000
401  -0.065000
402   0.040000
403   0.045000
404  -0.045000
405   0.030000
406   0.005000
407  -0.100000
408   0.025000
409   0.065000
410  -0.040000
411   0.020000
412  -0.080000
413   0.010000
414   0.060000
415  -0.050000
416  -0.040000
417   0.015000
418   0.110000
419   0.015000
420   0.110000
421   0.010000
422  -0.070000
423  -0.025000
424   0.130000
425   0.060000
426   0.095000
427  -0.040000
428  -0.035000
429  -0.060000
430  -0.015000
431   0.030000
432  -0.000000
433   0.015000
434  -0.040000
435   0.060000
436  -0.035000
437   0.060000
438  -0.055000
439  -0.075000
440  -0.060000
441  -0.090000
442  -0.065000
443   0.035000
444  -0.020000
445  -0.055000
446   0.005000
447   0.060000
448  -0.020000
449  -0.000000
450   0.045000
451   0.035000
452   0.055000
453   0.050000
454   0.030000
455  -0.095000
456   0.045000
457   0.030000
458   0.025000
459   0.025000
460   0.065000
461  -0.020000
462   0.000000
463   0.030000
464  -0.040000
465   0.030000
466  -0.010000
467   0.000000
468   0.055000
469   0.050000
470   0.025000
471  -0.005000
472  -0.080000
473   0.065000
474   0.030000
475   0.040000
476  -0.050000
477  -0.005000
478   0.015000
479   0.045000
480   0.040000
481  -0.010000
482  -0.010000
483  -0.065000
484  -0.040000
485   0.035000
486  -0.010000
487   0.075000
488   0.005000
489  -0.035000
490   0.000000
491  -0.015000
492  -0.070000
493  -0.040000
494   0.000000
495  -0.010000
496   0.020000
497   0.070000
498   0.015000
499  -0.050000
500   0.000000
-499  -0.010000
-498   0.035000
-497  -0.035000
-496   0.005000
-495  -0.015000
-494   0.100000
-493  -0.090000
-492   0.070000
-491  -0.075000
-490   0.015000
-489   0.025000
-488   0.055000
-487   0.085000
-486  -0.050000
-485  -0.065000
-484   0.010000
-483   0.040000
-482  -0.020000
-481  -0.005000
-480  -0.055000
-479  -0.010000
-478  -0.035000
-477   0.075000
-476  -0.035000
-475   0.015000
-474   0.060000
-473   0.015000
-472   0.075000
-471   0.005000
-470   0.070000
-469   0.030000
-468   0.085000
-467   0.110000
-466  -0.100000
-465  -0.035000
-464  -0.015000
-463   0.035000
-462  -0.000000
-461  -0.055000
-460   0.010000
-459   0.015000
-458  -0.025000
-457   0.035000
-456   0.005000
-455  -0.025000
-454   0.015000
-453   0.005000
-452   0.095000
-451  -0.015000
-450  -0.005000
-449   0.010000
-448  -0.005000
-447  -0.050000
-446   0.055000
-445   0.020000
-444  -0.040000
-443   0.100000
-442   0.050000
-441  -0.055000
-440  -0.000000
-439   0.065000
-438   0.010000
-437  -0.060000
-436   0.015000
-435   0.005000
-434  -0.055000
-433   0.025000
-432   0.035000
-431   0.010000
-430  -0.110000
-429   0.005000
-428  -0.040000
-427  -0.005000
-426   0.020000
-425   0.065000
-424   0.035000
-423  -0.050000
-422  -0.030000
-421  -0.025000
-420   0.010000
-419  -0.025000
-418   0.010000
-417   0.015000
-416   0.010000
-415   0.085000
-414  -0.025000
-413  -0.065000
-412   0.040000
-411  -0.070000
-410   0.005000
-409   0.005000
-408  -0.080000
-407   0.015000
-406  -0.035000
-405  -0.085000
-404  -0.005000
-403   0.000000
-402   0.085000
-401   0.050000
-400  -0.030000
-399  -0.065000
-398   0.020000
-397  -0.020000
-396  -0.005000
-395   0.020000
-394   0.015000
-393   0.030000
-392   0.070000
-391  -0.020000
-390  -0.005000
-389   0.065000
-388   0.010000
-387   0.030000
-386  -0.030000
-385  -0.010000
-384  -0.040000
-383  -0.015000
-382   0.075000
-381  -0.005000
-380   0.010000
-379  -0.025000
-378  -0.050000
-377   0.060000
-376  -0.045000
-375   0.005000
-374  -0.035000
-373  -0.025000
-372  -0.070000
-371  -0.030000
-370   0.025000
-369   0.040000
-368   0.020000
-367  -0.000000
-366   0.065000
-365  -0.050000
-364   0.085000
-363  -0.025000
-362   0.040000
-361   0.000000
-360   0.010000
-359   0.065000
-358   0.035000
-357   0.075000
-356  -0.005000
-355   0.065000
-354  -0.040000
-353   0.020000
-352   0.070000
-351  -0.050000
-350  -0.030000
-349   0.080000
-348   0.005000
-347  -0.010000
-346   0.080000
-345  -0.070000
-344   0.055000
-343   0.015000
-342  -0.050000
-341  -0.070000
-340   0.020000
-339   0.060000
-338   0.025000
-337  -0.055000
-336  -0.025000
-335   0.000000
-334   0.010000
-333  -0.090000
-332  -0.115000
-331  -0.015000
-330  -0.025000
-329   0.045000
-328   0.005000
-327   0.075000
-326  -0.040000
-325  -0.015000
-324  -0.020000
-323   0.050000
-322   0.055000
-321  -0.010000
-320   0.005000
-319   0.010000
-318   0.055000
-317   0.060000
-316   0.060000
-315   0.015000
-314  -0.025000
-313  -0.085000
-312   0.020000
-311  -0.020000
-310   0.005000
-309   0.105000
-308  -0.005000
-307  -0.075000
-306   0.065000
-305   0.020000
-304  -0.030000
-303   0.055000
-302   0.025000
-301   0.045000
-300   0.005000
-299   0.030000
-298   0.115000
-297   0.120000
-296   0.005000
-295  -0.020000
-294  -0.020000
-293   0.080000
-292  -0.035000
-291  -0.040000
-290  -0.015000
-289  -0.090000
-288  -0.070000
-287  -0.025000
-286   0.080000
-285   0.030000
-284  -0.010000
-283   0.035000
-282   0.005000
-281   0.070000
-280  -0.000000
-279  -0.050000
-278  -0.000000
-277  -0.065000
-276   0.055000
-275   0.100000
-274  -0.035000
-273  -0.010000
-272  -0.070000
-271   0.090000
-270  -0.030000
-269   0.000000
-268   0.040000
-267   0.030000
-266  -0.025000
-265   0.000000
-264   0.005000
-263   0.035000
-262   0.070000
-261   0.040000
-260   0.080000
-259   0.045000
-258   0.000000
-257   0.050000
-256   0.125000
-255   0.045000
-254  -0.015000
-253   0.025000
-252   0.065000
-251   0.055000
-250  -0.015000
-249  -0.045000
-248  -0.080000
-247  -0.060000
-246  -0.105000
-245   0.075000
-244  -0.005000
-243  -0.035000
-242   0.005000
-241  -0.010000
-240  -0.045000
-239  -0.030000
-238   0.085000
-237  -0.000000
-236   0.035000
-235   0.035000
-234  -0.050000
-233   0.025000
-232   0.045000
-231   0.030000
-230  -0.035000
-229  -0.080000
-228   0.035000
-227  -0.055000
-226  -0.020000
-225   0.015000
-224  -0.050000
-223  -0.050000
-222   0.060000
-221   0.050000
-220   0.040000
-219   0.050000
-218   0.020000
-217   0.020000
-216  -0.025000
-215   0.010000
-214   0.035000
-213  -0.030000
-212   0.025000
-211   0.080000
-210   0.095000
-209  -0.065000
-208  -0.035000
-207   0.020000
-206  -0.030000
-205  -0.060000
-204  -0.025000
-203   0.075000
-202   0.070000
-201   0.040000
-200   0.040000
-199   0.020000
-198   0.085000
-197  -0.035000
-196  -0.100000
-195   0.000000
-194  -0.040000
-193   0.005000
-192   0.115000
-191   0.050000
-190  -0.015000
-189  -0.020000
-188  -0.060000
-187  -0.050000
-186   0.060000
-185   0.080000
-184   0.050000
-183   0.060000
-182   0.050000
-181  -0.065000
-180  -0.010000
-179  -0.005000
-178   0.035000
-177   0.035000
-176   0.045000
-175   0.085000
-174   0.015000
-173  -0.015000
-172  -0.010000
-171  -0.040000
-170  -0.035000
-169   0.080000
-168   0.005000
-167   0.020000
-166  -0.085000
-165   0.100000
-164   0.040000
-163  -0.060000
-162  -0.045000
-161   0.075000
-160   0.070000
-159  -0.015000
-158   0.040000
-157  -0.040000
-156   0.010000
-155  -0.100000
-154  -0.030000
-153   0.045000
-152  -0.025000
-151  -0.070000
-150  -0.015000
-149  -0.040000
-148  -0.055000
-147   0.015000
-146   0.010000
-145   0.025000
-144  -0.085000
-143  -0.005000
-142   0.045000
-141  -0.035000
-140  -0.005000
-139  -0.045000
-138   0.025000
-137  -0.065000
-136  -0.025000
-135   0.155000
-134  -0.020000
-133  -0.040000
-132   0.075000
-131   0.060000
-130   0.105000
-129  -0.020000
-128   0.035000
-127  -0.015000
-126  -0.075000
-125   0.040000
-124  -0.030000
-123  -0.145000
-122   0.085000
-121  -0.105000
-120  -0.010000
-119  -0.040000
-118   0.015000
-117   0.070000
-116   0.070000
-115   0.055000
-114   0.055000
-113  -0.000000
-112  -0.100000
-111   0.045000
-110   0.035000
-109  -0.050000
-108   0.025000
-107   0.075000
-106  -0.005000
-105   0.030000
-104   0.070000
-103   0.030000
-102  -0.065000
-101  -0.035000
-100  -0.045000
-99  -0.035000
-98  -0.035000
-97  -0.020000
-96  -0.040000
-95  -0.030000
-94  -0.025000
-93  -0.020000
-92   0.010000
-91   0.010000
-90   0.020000
-89   0.070000
-88   0.075000
-87   0.040000
-86  -0.005000
-85  -0.020000
-84   0.055000
-83  -0.100000
-82   0.000000
-81   0.065000
-80  -0.010000
-79   0.075000
-78   0.025000
-77  -0.055000
-76   0.075000
-75   0.035000
-74   0.045000
-73   0.010000
-72  -0.005000
-71   0.055000
-70   0.010000
-69  -0.005000
-68  -0.000000
-67   0.065000
-66   0.020000
-65   0.030000
-64  -0.080000
-63  -0.055000
-62  -0.030000
-61  -0.065000
-60  -0.090000
-59   0.005000
-58  -0.015000
-57  -0.030000
-56   0.050000
-55  -0.055000
-54  -0.010000
-53   0.070000
-52  -0.035000
-51  -0.040000
-50  -0.015000
-49   0.010000
-48  -0.035000
-47   0.040000
-46  -0.005000
-45  -0.005000
-44  -0.110000
-43   0.015000
-42  -0.040000
-41  -0.030000
-40  -0.155000
-39  -0.020000
-38   0.035000
-37   0.010000
-36  -0.070000
-35   0.050000
-34   0.095000
-33  -0.005000
-32  -0.050000
-31   0.015000
-30  -0.020000
-29   0.020000
-28   0.020000
-27  -0.020000
-26   0.090000
-25  -0.030000
-24   0.025000
-23  -0.015000
-22  -0.015000
-21  -0.085000
-20  -0.030000
-19   0.035000
-18  -0.040000
-17   0.040000
-16   0.000000
-15  -0.065000
-14   0.015000
-13   0.080000
-12   0.040000
-11  -0.005000
-10   0.015000
-9  -0.010000
-8  -0.035000
-7   0.085000
-6  -0.070000
-5   0.025000
-4   0.085000
-3   0.010000
-2  -0.035000
-1  -0.055000
