0  -0.055000
1   0.090000
2   0.060000
3  -0.030000
4  -0.010000
5   0.025000
6  -0.050000
7  -0.055000
8   0.020000
9  -0.030000
10  -0.045000
11   0.025000
12   0.020000
13  -0.020000
14  -0.090000
15  -0.005000
16   0.075000
17   0.090000
18  -0.025000
19   0.070000
20   0.025000
21  -0.040000
22   0.035000
23  -0.020000
24  -0.015000
25   0.040000
26   0.005000
27   0.020000
28   0.090000
29   0.005000
30  -0.005000
31   0.020000
32  -0.055000
33   0.035000
34   0.075000
35  -0.020000
36  -0.070000
37   0.035000
38   0.060000
39   0.030000
40  -0.005000
41  -0.150000
42   0.020000
43  -0.060000
44  -0.100000
45  -0.025000
46   0.020000
47   0.010000
48  -0.010000
49  -0.010000
50   0.050000
51  -0.040000
52  -0.030000
53  -0.035000
54   0.075000
55  -0.040000
56  -0.110000
57   0.055000
58   0.025000
59  -0.065000
60  -0.105000
61  -0.025000
62  -0.070000
63  -0.050000
64   0.005000
65  -0.025000
66   0.010000
67  -0.035000
68   0.075000
69   0.065000
70   0.085000
71  -0.055000
72   0.005000
73  -0.015000
74   0.000000
75  -0.010000
76   0.060000
77  -0.000000
78  -0.000000
79   0.030000
80   0.010000
81  -0.040000
82  -0.010000
83  -0.085000
84  -0.040000
85  -0.080000
86   0.005000
87   0.000000
88  -0.015000
89   0.055000
90  -0.080000
91  -0.110000
92   0.055000
93  -0.060000
94  -0.030000
95  -0.035000
96  -0.050000
97  -0.040000
98  -0.005000
99   0.015000
100   0.030000
101   0.075000
102   0.085000
103  -0.065000
104   0.000000
105  -0.010000
106  -0.075000
107  -0.075000
108   0.010000
109   0.020000
110  -0.055000
111   0.025000
112  -0.020000
113   0.025000
114  -0.020000
115  -0.080000
116   0.055000
117  -0.005000
118  -0.050000
119   0.040000
120   0.115000
121  -0.040000
122  -0.020000
123  -0.085000
124   0.105000
125  -0.050000
126   0.000000
127   0.020000
128   0.050000
129   0.085000
130   0.080000
131  -0.035000
132  -0.010000
133   0.085000
134   0.095000
135  -0.020000
136  -0.070000
137   0.010000
138   0.035000
139   0.020000
140   0.080000
141   0.025000
142   0.100000
143   0.015000
144   0.025000
145  -0.050000
146   0.010000
147   0.005000
148  -0.030000
149   0.015000
150  -0.040000
151  -0.090000
152   0.060000
153   0.035000
154   0.030000
155   0.035000
156  -0.015000
157  -0.070000
158  -0.025000
159   0.040000
160  -0.005000
161  -0.015000
162   0.060000
163   0.115000
164   0.020000
165   0.010000
166  -0.015000
167  -0.005000
168  -0.040000
169   0.020000
170  -0.025000
171  -0.075000
172  -0.020000
173   0.110000
174  -0.030000
175  -0.025000
176  -0.020000
177  -0.060000
178   0.045000
179  -0.020000
180  -0.010000
181  -0.100000
182   0.000000
183   0.035000
184  -0.045000
185  -0.070000
186  -0.010000
187   0.050000
188   0.110000
189  -0.045000
190  -0.045000
191  -0.055000
192   0.055000
193  -0.050000
194  -0.030000
195  -0.025000
196   0.025000
197  -0.065000
198  -0.010000
199   0.000000
200  -0.005000
201  -0.055000
202  -0.045000
203   0.045000
204   0.015000
205   0.045000
206  -0.045000
207  -0.045000
208   0.050000
209   0.020000
210   0.000000
211  -0.090000
212  -0.025000
213   0.060000
214   0.025000
215   0.060000
216   0.100000
217   0.015000
218   0.115000
219   0.015000
220   0.075000
221  -0.015000
222   0.025000
223   0.020000
224   0.030000
225  -0.000000
226   0.105000
227   0.055000
228  -0.005000
229   0.015000
230   0.005000
231   0.000000
232  -0.040000
233  -0.070000
234  -0.025000
235  -0.055000
236  -0.050000
237  -0.005000
238  -0.055000
239   0.095000
240  -0.030000
241  -0.085000
242   0.075000
243  -0.110000
244  -0.005000
245   0.040000
246   0.030000
247  -0.015000
248   0.030000
249   0.030000
250  -0.010000
251  -0.085000
252   0.075000
253  -0.025000
254   0.020000
255  -0.045000
256   0.070000
257   0.030000
258  -0.085000
259   0.020000
260   0.105000
261   0.085000
262  -0.025000
263  -0.085000
264  -0.055000
265  -0.005000
266   0.010000
267  -0.100000
268  -0.080000
269   0.065000
270  -0.020000
271   0.010000
272   0.055000
273   0.090000
274  -0.010000
275  -0.065000
276  -0.040000
277   0.050000
278  -0.010000
279   0.055000
280  -0.000000
281  -0.035000
282   0.130000
283  -0.070000
284   0.040000
285  -0.085000
286  -0.025000
287   0.020000
288  -0.100000
289   0.010000
290   0.015000
291   0.140000
292  -0.005000
293  -0.010000
294  -0.015000
295  -0.020000
296   0.065000
297  -0.090000
298   0.030000
299   0.075000
300  -0.040000
301   0.045000
302   0.030000
303   0.080000
304   0.005000
305   0.090000
306  -0.015000
307   0.025000
308  -0.010000
309  -0.050000
310   0.025000
311   0.050000
312  -0.005000
313   0.070000
314  -0.040000
315   0.005000
316  -0.100000
317  -0.000000
318  -0.060000
319  -0.020000
320  -0.020000
321  -0.060000
322   0.020000
323   0.010000
324  -0.035000
325  -0.065000
326   0.070000
327  -0.060000
328   0.010000
329   0.035000
330  -0.030000
331   0.040000
332  -0.035000
333  -0.135000
334  -0.015000
335  -0.010000
336  -0.005000
337  -0.080000
338  -0.105000
339   0.000000
340  -0.030000
341   0.075000
342  -0.035000
343  -0.005000
344  -0.020000
345  -0.065000
346  -0.015000
347   0.005000
348  -0.010000
349  -0.095000
350   0.005000
351  -0.000000
352   0.125000
353   0.140000
354   0.060000
355   0.015000
356   0.040000
357   0.055000
358  -0.000000
359   0.055000
360   0.025000
361  -0.050000
362   0.035000
363   0.060000
364   0.030000
365   0.045000
366  -0.035000
367   0.000000
368  -0.055000
369  -0.010000
370  -0.015000
371   0.065000
372   0.065000
373  -0.030000
374  -0.035000
375   0.020000
376   0.060000
377  -0.025000
378  -0.090000
379   0.020000
380   0.055000
381   0.050000
382   0.070000
383   0.005000
384   0.020000
385   0.035000
386  -0.030000
387   0.045000
388  -0.095000
389   0.125000
390  -0.015000
391   0.115000
392   0.015000
393  -0.040000
394   0.040000
395   0.025000
396   0.060000
397   0.045000
398   0.015000
399   0.025000
400  -0.005000
401  -0.045000
402   0.045000
403  -0.060000
404   0.065000
405  -0.030000
406   0.040000
407  -0.060000
408  -0.005000
409  -0.005000
410   0.000000
411   0.035000
412   0.005000
413  -0.085000
414  -0.035000
415  -0.020000
416  -0.005000
417   0.025000
418  -0.010000
419  -0.020000
420  -0.075000
421   0.005000
422   0.050000
423  -0.040000
424   0.010000
425   0.020000
426   0.030000
427  -0.025000
428   0.050000
429  -0.025000
430  -0.045000
431   0.000000
432   0.040000
433   0.020000
434  -0.030000
435  -0.070000
436  -0.015000
437   0.065000
438   0.030000
439   0.090000
440  -0.055000
441  -0.085000
442   0.035000
443  -0.025000
444  -0.035000
445  -0.075000
446   0.055000
447  -0.105000
448   0.025000
449  -0.020000
450  -0.010000
451  -0.030000
452  -0.060000
453   0.000000
454  -0.040000
455  -0.075000
456   0.020000
457   0.025000
458   0.020000
459  -0.020000
460   0.060000
461  -0.010000
462   0.010000
463   0.095000
464  -0.080000
465  -0.020000
466   0.065000
467  -0.125000
468   0.010000
469  -0.055000
470   0.015000
471  -0.010000
472  -0.100000
473   0.045000
474   0.020000
475   0.055000
476  -0.000000
477   0.105000
478  -0.085000
479   0.005000
480  -0.030000
481   0.035000
482  -0.055000
483   0.070000
484  -0.015000
485   0.030000
486   0.065000
487   0.000000
488  -0.015000
489   0.010000
490  -0.010000
491   0.030000
492   0.070000
493   0.015000
494  -0.080000
495  -0.030000
496  -0.070000
497   0.050000
498   0.105000
499   0.020000
500  -0.075000
-499  -0.000000
-498  -0.065000
-497  -0.030000
-496   0.025000
-495   0.025000
-494  -0.130000
-493   0.095000
-492  -0.060000
-491  -0.040000
-490   0.005000
-489   0.050000
-488  -0.005000
-487  -0.015000
-486   0.050000
-485  -0.030000
-484  -0.060000
-483  -0.065000
-482  -0.060000
-481  -0.000000
-480  -0.035000
-479   0.000000
-478   0.035000
-477  -0.075000
-476  -0.030000
-475  -0.020000
-474  -0.050000
-473  -0.000000
-472   0.060000
-471  -0.065000
-470   0.050000
-469  -0.035000
-468  -0.080000
-467   0.090000
-466   0.025000
-465  -0.040000
-464  -0.015000
-463  -0.020000
-462   0.020000
-461   0.020000
-460   0.020000
-459   0.065000
-458   0.000000
-457   0.075000
-456  -0.045000
-455   0.020000
-454  -0.025000
-453   0.060000
-452   0.030000
-451  -0.095000
-450   0.080000
-449   0.030000
-448   0.025000
-447  -0.000000
-446  -0.030000
-445   0.025000
-444  -0.105000
-443   0.020000
-442   0.010000
-441   0.060000
-440  -0.040000
-439  -0.050000
-438  -0.030000
-437  -0.025000
-436   0.080000
-435  -0.025000
-434   0.055000
-433   0.000000
-432   0.015000
-431  -0.045000
-430   0.005000
-429   0.025000
-428  -0.140000
-427  -0.035000
-426  -0.065000
-425  -0.005000
-424   0.070000
-423  -0.000000
-422  -0.015000
-421  -0.035000
-420  -0.075000
-419  -0.105000
-418  -0.015000
-417   0.020000
-416   0.035000
-415  -0.025000
-414   0.015000
-413  -0.045000
-412  -0.070000
-411  -0.005000
-410  -0.005000
-409  -0.010000
-408  -0.015000
-407  -0.040000
-406  -0.010000
-405  -0.070000
-404  -0.085000
-403   0.025000
-402   0.015000
-401   0.070000
-400   0.020000
-399  -0.040000
-398   0.030000
-397  -0.030000
-396   0.025000
-395   0.085000
-394   0.070000
-393   0.095000
-392  -0.010000
-391  -0.040000
-390  -0.000000
-389  -0.015000
-388  -0.070000
-387  -0.075000
-386  -0.025000
-385  -0.005000
-384  -0.000000
-383   0.010000
-382   0.005000
-381   0.035000
-380   0.040000
-379   0.035000
-378   0.030000
-377   0.000000
-376  -0.065000
-375  -0.035000
-374   0.025000
-373   0.060000
-372  -0.070000
-371   0.060000
-370   0.090000
-369  -0.025000
-368  -0.110000
-367   0.005000
-366   0.070000
-365  -0.010000
-364  -0.020000
-363   0.000000
-362  -0.005000
-361   0.025000
-360  -0.065000
-359  -0.040000
-358  -0.065000
-357  -0.050000
-356  -0.080000
-355  -0.000000
-354   0.025000
-353  -0.025000
-352   0.040000
-351   0.060000
-350  -0.040000
-349  -0.020000
-348  -0.060000
-347   0.015000
-346  -0.020000
-345   0.025000
-344   0.040000
-343  -0.070000
-342  -0.015000
-341  -0.015000
-340  -0.075000
-339  -0.050000
-338   0.000000
-337  -0.045000
-336  -0.025000
-335   0.035000
-334  -0.025000
-333   0.065000
-332   0.025000
-331   0.005000
-330  -0.020000
-329   0.045000
-328  -0.045000
-327   0.040000
-326   0.005000
-325  -0.030000
-324  -0.035000
-323  -0.030000
-322   0.060000
-321  -0.025000
-320  -0.035000
-319   0.025000
-318   0.015000
-317  -0.035000
-316  -0.035000
-315  -0.015000
-314   0.010000
-313  -0.015000
-312   0.020000
-311   0.000000
-310   0.030000
-309  -0.010000
-308  -0.010000
-307  -0.060000
-306   0.010000
-305  -0.020000
-304  -0.060000
-303   0.050000
-302   0.090000
-301  -0.075000
-300   0.150000
-299   0.005000
-298   0.080000
-297   0.030000
-296  -0.080000
-295  -0.010000
-294   0.030000
-293   0.035000
-292   0.005000
-291   0.055000
-290   0.005000
-289   0.060000
-288   0.015000
-287  -0.075000
-286   0.015000
-285  -0.050000
-284   0.030000
-283  -0.015000
-282   0.020000
-281  -0.000000
-280   0.020000
-279   0.000000
-278   0.010000
-277  -0.020000
-276  -0.010000
-275  -0.025000
-274  -0.090000
-273   0.085000
-272  -0.010000
-271   0.005000
-270  -0.045000
-269  -0.060000
-268  -0.045000
-267  -0.020000
-266   0.025000
-265  -0.015000
-264  -0.000000
-263   0.005000
-262  -0.030000
-261   0.055000
-260   0.025000
-259   0.010000
-258   0.015000
-257  -0.025000
-256  -0.015000
-255   0.035000
-254  -0.005000
-253   0.015000
-252   0.015000
-251   0.080000
-250  -0.005000
-249   0.005000
-248   0.020000
-247  -0.040000
-246  -0.055000
-245   0.080000
-244  -0.020000
-243  -0.025000
-242   0.120000
-241  -0.010000
-240  -0.005000
-239  -0.105000
-238   0.055000
-237   0.080000
-236  -0.060000
-235  -0.005000
-234   0.020000
-233  -0.180000
-232  -0.090000
-231  -0.005000
-230   0.030000
-229  -0.060000
-228  -0.050000
-227   0.040000
-226   0.020000
-225   0.040000
-224  -0.025000
-223   0.110000
-222  -0.030000
-221  -0.050000
-220   0.055000
-219  -0.080000
-218   0.070000
-217   0.020000
-216   0.020000
-215  -0.060000
-214   0.100000
-213   0.080000
-212  -0.055000
-211   0.045000
-210   0.035000
-209   0.020000
-208   0.025000
-207  -0.070000
-206  -0.045000
-205  -0.030000
-204   0.015000
-203  -0.055000
-202  -0.060000
-201  -0.105000
-200   0.000000
-199   0.055000
-198   0.055000
-197   0.065000
-196  -0.010000
-195   0.020000
-194   0.100000
-193  -0.040000
-192  -0.055000
-191  -0.025000
-190  -0.045000
-189   0.085000
-188  -0.005000
-187  -0.075000
-186  -0.055000
-185  -0.010000
-184   0.010000
-183  -0.030000
-182  -0.105000
-181   0.020000
-180   0.045000
-179  -0.010000
-178   0.035000
-177  -0.065000
-176   0.085000
-175   0.010000
-174  -0.015000
-173  -0.030000
-172  -0.025000
-171  -0.050000
-170   0.015000
-169   0.040000
-168  -0.055000
-167   0.040000
-166   0.060000
-165  -0.050000
-164   0.015000
-163  -0.010000
-162  -0.065000
-161  -0.035000
-160  -0.045000
-159  -0.045000
-158  -0.085000
-157  -0.040000
-156   0.015000
-155   0.015000
-154   0.000000
-153  -0.015000
-152   0.105000
-151   0.000000
-150   0.015000
-149  -0.005000
-148  -0.125000
-147  -0.005000
-146  -0.020000
-145   0.015000
-144   0.020000
-143  -0.025000
-142  -0.005000
-141   0.005000
-140   0.005000
-139   0.015000
-138   0.025000
-137   0.030000
-136   0.005000
-135  -0.015000
-134   0.015000
-133  -0.010000
-132  -0.065000
-131   0.020000
-130  -0.020000
-129   0.045000
-128  -0.000000
-127   0.005000
-126   0.005000
-125  -0.050000
-124  -0.030000
-123  -0.035000
-122  -0.040000
-121  -0.045000
-120   0.055000
-119  -0.015000
-118  -0.050000
-117  -0.010000
-116   0.065000
-115   0.050000
-114   0.095000
-113  -0.005000
-112  -0.020000
-111  -0.055000
-110  -0.025000
-109  -0.030000
-108  -0.075000
-107  -0.030000
-106  -0.030000
-105  -0.025000
-104  -0.125000
-103   0.045000
-102  -0.020000
-101   0.010000
-100   0.050000
-99   0.000000
-98  -0.110000
-97  -0.015000
-96   0.005000
-95  -0.020000
-94  -0.000000
-93   0.030000
-92  -0.080000
-91   0.000000
-90   0.110000
-89   0.010000
-88   0.065000
-87  -0.045000
-86  -0.055000
-85  -0.045000
-84   0.045000
-83  -0.050000
-82  -0.005000
-81  -0.050000
-80   0.085000
-79   0.070000
-78  -0.090000
-77   0.010000
-76   0.020000
-75   0.035000
-74   0.145000
-73   0.025000
-72  -0.010000
-71   0.035000
-70  -0.040000
-69   0.025000
-68  -0.020000
-67   0.050000
-66   0.095000
-65   0.050000
-64   0.040000
-63  -0.065000
-62  -0.030000
-61   0.095000
-60  -0.045000
-59  -0.015000
-58  -0.035000
-57   0.050000
-56  -0.030000
-55  -0.035000
-54  -0.045000
-53   0.030000
-52   0.050000
-51   0.050000
-50  -0.055000
-49  -0.055000
-48   0.010000
-47  -0.040000
-46   0.030000
-45   0.030000
-44   0.080000
-43   0.010000
-42   0.035000
-41   0.020000
-40  -0.045000
-39   0.040000
-38  -0.010000
-37  -0.015000
-36  -0.060000
-35  -0.010000
-34  -0.100000
-33   0.040000
-32   0.070000
-31  -0.060000
-30  -0.010000
-29  -0.130000
-28  -0.045000
-27   0.125000
-26  -0.040000
-25  -0.035000
-24  -0.010000
-23   0.020000
-22   0.015000
-21   0.065000
-20   0.040000
-19  -0.050000
-18  -0.040000
-17   0.010000
-16   0.045000
-15  -0.175000
-14   0.095000
-13   0.025000
-12   0.035000
-11   0.145000
-10  -0.050000
-9   0.000000
-8   0.025000
-7  -0.000000
-6  -0.005000
-5  -0.080000
-4   0.050000
-3   0.040000
-2  -0.065000
-1  -0.035000
