0   0.050000
1  -0.040000
2   0.010000
3  -0.040000
4   0.055000
5  -0.030000
6  -0.090000
7  -0.030000
8  -0.090000
9   0.010000
10   0.065000
11  -0.065000
12  -0.020000
13  -0.025000
14   0.140000
15  -0.065000
16  -0.075000
17   0.045000
18  -0.040000
19  -0.015000
20  -0.035000
21   0.025000
22  -0.050000
23   0.005000
24  -0.015000
25   0.015000
26   0.035000
27  -0.155000
28  -0.055000
29  -0.030000
30   0.015000
31   0.065000
32   0.010000
33  -0.045000
34  -0.080000
35   0.075000
36   0.015000
37  -0.065000
38  -0.005000
39   0.040000
40   0.120000
41   0.110000
42   0.025000
43   0.015000
44  -0.015000
45   0.060000
46  -0.105000
47   0.095000
48   0.015000
49   0.040000
50   0.050000
51  -0.035000
52   0.030000
53   0.035000
54   0.010000
55  -0.055000
56  -0.050000
57   0.060000
58  -0.045000
59  -0.025000
60   0.035000
61   0.040000
62  -0.040000
63   0.040000
64   0.040000
65   0.025000
66  -0.130000
67   0.055000
68   0.025000
69   0.015000
70   0.015000
71  -0.045000
72  -0.035000
73   0.005000
74  -0.025000
75   0.075000
76  -0.035000
77   0.065000
78   0.005000
79   0.010000
80   0.085000
81  -0.075000
82  -0.005000
83  -0.015000
84   0.025000
85  -0.030000
86  -0.050000
87   0.025000
88   0.070000
89   0.015000
90  -0.025000
91   0.000000
92  -0.045000
93   0.005000
94  -0.005000
95  -0.055000
96  -0.000000
97  -0.025000
98  -0.020000
99   0.000000
100   0.050000
101  -0.000000
102   0.020000
103  -0.075000
104  -0.050000
105   0.050000
106  -0.010000
107   0.070000
108   0.105000
109   0.055000
110   0.070000
111  -0.060000
112   0.090000
113   0.005000
114  -0.035000
115  -0.025000
116  -0.005000
117  -0.020000
118  -0.020000
119   0.090000
120   0.055000
121   0.115000
122   0.010000
123  -0.025000
124  -0.025000
125   0.090000
126   0.015000
127   0.010000
128  -0.075000
129   0.055000
130  -0.005000
131   0.005000
132  -0.010000
133   0.015000
134  -0.095000
135   0.100000
136   0.020000
137   0.030000
138   0.065000
139  -0.040000
140   0.030000
141   0.000000
142   0.030000
143   0.005000
144   0.025000
145  -0.055000
146   0.050000
147   0.045000
148  -0.025000
149  -0.035000
150  -0.055000
151   0.005000
152  -0.010000
153   0.090000
154   0.090000
155   0.005000
156  -0.085000
157   0.000000
158  -0.030000
159  -0.070000
160   0.025000
161   0.025000
162   0.075000
163  -0.150000
164   0.015000
165   0.080000
166   0.005000
167  -0.005000
168  -0.005000
169  -0.105000
170  -0.035000
171   0.000000
172  -0.025000
173  -0.030000
174   0.030000
175  -0.085000
176  -0.070000
177   0.075000
178   0.010000
179   0.025000
180   0.070000
181   0.015000
182  -0.095000
183  -0.015000
184   0.005000
185  -0.000000
186  -0.015000
187  -0.000000
188   0.000000
189  -0.020000
190  -0.085000
191   0.010000
192   0.035000
193   0.050000
194   0.045000
195  -0.025000
196   0.040000
197   0.010000
198  -0.045000
199   0.000000
200  -0.030000
201   0.040000
202  -0.025000
203  -0.070000
204  -0.020000
205   0.080000
206  -0.005000
207  -0.025000
208  -0.010000
209  -0.070000
210   0.060000
211  -0.060000
212  -0.000000
213   0.040000
214   0.050000
215   0.025000
216  -0.050000
217  -0.035000
218  -0.050000
219   0.070000
220   0.135000
221  -0.065000
222  -0.055000
223  -0.075000
224   0.030000
225  -0.010000
226   0.070000
227  -0.020000
228   0.030000
229  -0.025000
230  -0.100000
231  -0.015000
232  -0.165000
233   0.125000
234   0.030000
235  -0.035000
236   0.030000
237   0.040000
238  -0.045000
239   0.080000
240  -0.025000
241  -0.015000
242  -0.020000
243   0.010000
244   0.020000
245  -0.115000
246   0.070000
247  -0.055000
248  -0.100000
249  -0.030000
250  -0.060000
251   0.030000
252  -0.005000
253  -0.080000
254   0.050000
255  -0.010000
256  -0.135000
257  -0.165000
258   0.035000
259   0.010000
260   0.070000
261   0.045000
262   0.100000
263   0.035000
264   0.095000
265   0.045000
266   0.030000
267   0.015000
268  -0.060000
269   0.020000
270   0.045000
271   0.015000
272  -0.055000
273   0.015000
274   0.065000
275  -0.045000
276  -0.015000
277  -0.040000
278   0.020000
279  -0.050000
280   0.045000
281  -0.035000
282  -0.075000
283  -0.045000
284  -0.085000
285  -0.030000
286  -0.045000
287  -0.005000
288   0.100000
289   0.065000
290   0.060000
291  -0.075000
292  -0.055000
293  -0.040000
294  -0.030000
295  -0.005000
296   0.015000
297  -0.040000
298  -0.035000
299   0.050000
300   0.075000
301   0.025000
302  -0.025000
303  -0.050000
304  -0.015000
305   0.020000
306   0.035000
307  -0.015000
308   0.005000
309   0.045000
310  -0.010000
311  -0.075000
312  -0.030000
313   0.080000
314  -0.030000
315  -0.070000
316  -0.025000
317  -0.025000
318  -0.045000
319  -0.030000
320   0.020000
321  -0.055000
322   0.035000
323   0.040000
324   0.015000
325  -0.055000
326   0.070000
327  -0.020000
328   0.040000
329   0.000000
330  -0.005000
331   0.065000
332  -0.020000
333  -0.105000
334  -0.000000
335  -0.050000
336   0.080000
337   0.030000
338  -0.025000
339   0.055000
340   0.080000
341   0.065000
342  -0.040000
343  -0.035000
344  -0.065000
345  -0.010000
346  -0.095000
347  -0.050000
348   0.035000
349  -0.010000
350  -0.000000
351  -0.035000
352   0.035000
353   0.085000
354  -0.000000
355  -0.075000
356   0.060000
357   0.015000
358   0.095000
359   0.060000
360  -0.055000
361   0.080000
362  -0.030000
363   0.000000
364  -0.020000
365  -0.055000
366   0.060000
367   0.025000
368  -0.060000
369   0.005000
370  -0.035000
371   0.085000
372   0.035000
373  -0.020000
374   0.020000
375   0.055000
376  -0.055000
377   0.035000
378  -0.025000
379  -0.075000
380   0.100000
381  -0.025000
382  -0.000000
383   0.090000
384  -0.055000
385   0.030000
386   0.060000
387  -0.025000
388   0.085000
389   0.050000
390  -0.075000
391  -0.035000
392   0.025000
393   0.050000
394  -0.065000
395  -0.005000
396   0.000000
397   0.000000
398  -0.015000
399  -0.030000
400  -0.095000
401  -0.015000
402   0.005000
403   0.050000
404  -0.045000
405   0.050000
406   0.035000
407   0.065000
408   0.060000
409  -0.035000
410   0.015000
411  -0.030000
412  -0.015000
413  -0.040000
414  -0.030000
415   0.040000
416   0.045000
417   0.025000
418   0.055000
419   0.030000
420  -0.035000
421  -0.040000
422   0.085000
423   0.005000
424  -0.055000
425  -0.010000
426   0.055000
427  -0.055000
428   0.095000
429  -0.065000
430   0.000000
431  -0.035000
432  -0.045000
433   0.110000
434  -0.025000
435  -0.030000
436  -0.055000
437  -0.020000
438  -0.055000
439  -0.045000
440   0.050000
441  -0.040000
442   0.045000
443   0.060000
444   0.065000
445  -0.055000
446  -0.005000
447  -0.025000
448  -0.055000
449   0.030000
450   0.060000
451  -0.135000
452   0.030000
453  -0.055000
454  -0.050000
455   0.035000
456  -0.040000
457   0.025000
458   0.095000
459   0.035000
460  -0.050000
461   0.085000
462   0.020000
463  -0.055000
464  -0.120000
465   0.045000
466  -0.080000
467   0.050000
468   0.000000
469   0.055000
470  -0.070000
471   0.030000
472  -0.030000
473   0.040000
474  -0.000000
475   0.005000
476  -0.020000
477   0.010000
478  -0.050000
479   0.030000
480   0.055000
481  -0.040000
482  -0.010000
483   0.015000
484   0.045000
485  -0.000000
486  -0.005000
487   0.050000
488   0.025000
489   0.065000
490   0.065000
491  -0.005000
492  -0.000000
493   0.005000
494  -0.050000
495  -0.010000
496   0.015000
497  -0.030000
498  -0.060000
499   0.010000
500  -0.050000
-499   0.015000
-498   0.055000
-497  -0.060000
-496   0.010000
-495   0.050000
-494   0.090000
-493  -0.005000
-492   0.055000
-491  -0.030000
-490  -0.020000
-489  -0.030000
-488   0.020000
-487   0.050000
-486  -0.035000
-485   0.050000
-484   0.030000
-483   0.020000
-482  -0.010000
-481  -0.040000
-480   0.075000
-479  -0.025000
-478   0.010000
-477   0.020000
-476   0.160000
-475  -0.040000
-474   0.055000
-473  -0.060000
-472  -0.015000
-471  -0.005000
-470   0.015000
-469   0.080000
-468   0.030000
-467  -0.025000
-466  -0.130000
-465   0.035000
-464  -0.015000
-463  -0.005000
-462   0.020000
-461  -0.030000
-460   0.085000
-459   0.025000
-458   0.055000
-457   0.070000
-456   0.020000
-455  -0.010000
-454  -0.080000
-453  -0.040000
-452  -0.040000
-451  -0.015000
-450   0.010000
-449   0.050000
-448  -0.025000
-447  -0.005000
-446   0.065000
-445   0.135000
-444  -0.005000
-443   0.095000
-442  -0.005000
-441  -0.000000
-440   0.025000
-439  -0.020000
-438   0.105000
-437  -0.015000
-436   0.025000
-435  -0.030000
-434   0.005000
-433  -0.015000
-432   0.085000
-431  -0.050000
-430   0.055000
-429  -0.025000
-428  -0.015000
-427   0.005000
-426   0.030000
-425   0.025000
-424  -0.030000
-423   0.085000
-422   0.020000
-421  -0.030000
-420   0.045000
-419   0.055000
-418   0.000000
-417   0.000000
-416   0.065000
-415   0.025000
-414   0.040000
-413  -0.010000
-412  -0.005000
-411  -0.010000
-410  -0.045000
-409   0.005000
-408   0.025000
-407  -0.010000
-406   0.030000
-405   0.010000
-404   0.005000
-403   0.020000
-402  -0.015000
-401  -0.000000
-400   0.065000
-399   0.010000
-398   0.010000
-397  -0.015000
-396  -0.005000
-395  -0.060000
-394   0.040000
-393  -0.025000
-392   0.035000
-391   0.030000
-390   0.030000
-389  -0.040000
-388   0.055000
-387   0.120000
-386  -0.040000
-385   0.005000
-384   0.040000
-383  -0.035000
-382   0.060000
-381   0.015000
-380   0.030000
-379   0.080000
-378   0.055000
-377   0.035000
-376   0.065000
-375   0.025000
-374  -0.085000
-373   0.035000
-372  -0.105000
-371   0.025000
-370   0.010000
-369   0.010000
-368   0.040000
-367   0.075000
-366   0.020000
-365   0.000000
-364   0.090000
-363   0.055000
-362  -0.050000
-361   0.065000
-360   0.040000
-359   0.050000
-358  -0.090000
-357  -0.025000
-356   0.095000
-355   0.045000
-354   0.015000
-353   0.050000
-352  -0.005000
-351   0.005000
-350  -0.100000
-349   0.015000
-348   0.070000
-347  -0.065000
-346  -0.015000
-345   0.010000
-344   0.005000
-343  -0.075000
-342  -0.050000
-341  -0.040000
-340  -0.060000
-339   0.045000
-338  -0.040000
-337   0.020000
-336  -0.020000
-335  -0.070000
-334  -0.065000
-333  -0.010000
-332   0.035000
-331  -0.040000
-330   0.010000
-329  -0.010000
-328  -0.020000
-327  -0.065000
-326   0.040000
-325  -0.010000
-324   0.030000
-323   0.035000
-322  -0.020000
-321  -0.055000
-320  -0.075000
-319  -0.040000
-318   0.005000
-317  -0.055000
-316   0.125000
-315  -0.025000
-314   0.040000
-313  -0.020000
-312   0.045000
-311   0.030000
-310  -0.085000
-309  -0.100000
-308  -0.050000
-307  -0.120000
-306   0.030000
-305  -0.005000
-304  -0.050000
-303  -0.075000
-302  -0.005000
-301  -0.010000
-300  -0.020000
-299   0.010000
-298  -0.050000
-297   0.050000
-296   0.030000
-295  -0.035000
-294   0.065000
-293  -0.075000
-292   0.110000
-291  -0.010000
-290  -0.025000
-289  -0.010000
-288   0.050000
-287  -0.045000
-286   0.035000
-285   0.010000
-284  -0.010000
-283  -0.085000
-282   0.025000
-281   0.065000
-280  -0.025000
-279  -0.035000
-278   0.130000
-277  -0.095000
-276   0.085000
-275  -0.075000
-274  -0.115000
-273   0.060000
-272   0.065000
-271   0.025000
-270   0.000000
-269  -0.000000
-268  -0.060000
-267  -0.020000
-266  -0.015000
-265  -0.010000
-264   0.000000
-263   0.010000
-262   0.030000
-261   0.010000
-260  -0.010000
-259  -0.030000
-258  -0.085000
-257  -0.065000
-256   0.000000
-255   0.040000
-254  -0.050000
-253   0.040000
-252   0.035000
-251  -0.025000
-250   0.035000
-249  -0.035000
-248  -0.085000
-247  -0.025000
-246  -0.065000
-245  -0.030000
-244   0.055000
-243  -0.015000
-242   0.000000
-241  -0.075000
-240  -0.055000
-239  -0.040000
-238   0.120000
-237   0.025000
-236  -0.075000
-235   0.045000
-234   0.035000
-233  -0.060000
-232  -0.050000
-231   0.070000
-230   0.025000
-229   0.010000
-228   0.125000
-227  -0.030000
-226  -0.020000
-225   0.050000
-224  -0.125000
-223  -0.035000
-222  -0.050000
-221   0.085000
-220   0.020000
-219  -0.015000
-218   0.055000
-217   0.045000
-216   0.000000
-215  -0.030000
-214  -0.010000
-213   0.035000
-212  -0.075000
-211  -0.025000
-210   0.060000
-209   0.030000
-208   0.005000
-207  -0.055000
-206   0.065000
-205  -0.020000
-204  -0.035000
-203  -0.075000
-202  -0.060000
-201   0.055000
-200   0.085000
-199  -0.025000
-198   0.030000
-197  -0.055000
-196   0.020000
-195   0.125000
-194   0.070000
-193  -0.025000
-192  -0.030000
-191  -0.020000
-190  -0.085000
-189  -0.020000
-188  -0.055000
-187  -0.030000
-186  -0.010000
-185  -0.060000
-184  -0.020000
-183  -0.020000
-182   0.075000
-181   0.030000
-180  -0.010000
-179  -0.035000
-178  -0.080000
-177  -0.065000
-176   0.125000
-175  -0.025000
-174   0.045000
-173   0.040000
-172   0.050000
-171   0.015000
-170  -0.020000
-169   0.010000
-168  -0.030000
-167  -0.090000
-166   0.020000
-165  -0.080000
-164   0.010000
-163  -0.045000
-162  -0.075000
-161  -0.025000
-160   0.005000
-159   0.080000
-158  -0.000000
-157  -0.020000
-156  -0.020000
-155   0.050000
-154   0.020000
-153   0.040000
-152  -0.065000
-151   0.100000
-150  -0.030000
-149  -0.050000
-148  -0.035000
-147   0.065000
-146   0.020000
-145  -0.035000
-144   0.125000
-143   0.035000
-142  -0.095000
-141   0.030000
-140  -0.010000
-139   0.050000
-138  -0.005000
-137  -0.025000
-136   0.080000
-135   0.030000
-134  -0.050000
-133   0.010000
-132  -0.000000
-131   0.040000
-130  -0.000000
-129   0.020000
-128   0.105000
-127   0.030000
-126   0.010000
-125   0.055000
-124  -0.035000
-123  -0.055000
-122   0.070000
-121   0.015000
-120  -0.100000
-119   0.055000
-118   0.060000
-117  -0.030000
-116   0.060000
-115  -0.035000
-114   0.000000
-113   0.045000
-112   0.060000
-111  -0.025000
-110  -0.025000
-109  -0.055000
-108  -0.025000
-107  -0.020000
-106  -0.020000
-105  -0.030000
-104   0.080000
-103  -0.010000
-102  -0.005000
-101  -0.060000
-100  -0.010000
-99   0.045000
-98   0.005000
-97  -0.065000
-96   0.000000
-95  -0.005000
-94   0.035000
-93  -0.055000
-92   0.030000
-91   0.035000
-90  -0.035000
-89  -0.020000
-88   0.005000
-87  -0.020000
-86  -0.100000
-85  -0.040000
-84   0.060000
-83  -0.030000
-82   0.045000
-81   0.050000
-80  -0.040000
-79   0.090000
-78  -0.010000
-77   0.025000
-76   0.005000
-75   0.025000
-74  -0.000000
-73   0.005000
-72  -0.010000
-71   0.005000
-70  -0.035000
-69  -0.010000
-68   0.075000
-67   0.030000
-66  -0.020000
-65   0.065000
-64  -0.035000
-63   0.050000
-62  -0.035000
-61   0.045000
-60   0.045000
-59  -0.025000
-58  -0.090000
-57  -0.075000
-56   0.020000
-55   0.065000
-54  -0.010000
-53   0.020000
-52   0.025000
-51  -0.060000
-50  -0.035000
-49  -0.005000
-48   0.005000
-47   0.015000
-46  -0.060000
-45  -0.060000
-44  -0.075000
-43   0.030000
-42   0.080000
-41   0.035000
-40  -0.040000
-39   0.020000
-38   0.080000
-37   0.020000
-36   0.015000
-35  -0.080000
-34  -0.060000
-33   0.015000
-32   0.005000
-31  -0.060000
-30   0.045000
-29   0.050000
-28   0.005000
-27   0.020000
-26  -0.000000
-25   0.020000
-24   0.050000
-23   0.015000
-22   0.040000
-21   0.075000
-20  -0.080000
-19  -0.020000
-18   0.120000
-17   0.085000
-16   0.055000
-15   0.075000
-14  -0.025000
-13  -0.065000
-12  -0.010000
-11  -0.045000
-10   0.020000
-9  -0.095000
-8   0.055000
-7  -0.010000
-6  -0.010000
-5  -0.020000
-4   0.030000
-3  -0.045000
-2   0.055000
-1   0.105000
