0   0.010000
1   0.010000
2   0.025000
3   0.015000
4   0.010000
5   0.005000
6   0.025000
7  -0.085000
8  -0.030000
9  -0.005000
10  -0.040000
11  -0.010000
12  -0.030000
13   0.110000
14  -0.010000
15   0.050000
16   0.025000
17  -0.040000
18  -0.015000
19  -0.035000
20   0.030000
21  -0.115000
22   0.000000
23  -0.030000
24   0.065000
25   0.050000
26  -0.015000
27  -0.030000
28  -0.050000
29  -0.035000
30  -0.030000
31   0.020000
32  -0.020000
33  -0.090000
34  -0.055000
35   0.040000
36  -0.050000
37   0.030000
38  -0.035000
39  -0.035000
40  -0.040000
41   0.040000
42   0.050000
43  -0.015000
44   0.005000
45  -0.080000
46  -0.005000
47   0.060000
48  -0.045000
49  -0.005000
50  -0.035000
51   0.020000
52  -0.045000
53  -0.065000
54  -0.055000
55  -0.010000
56   0.055000
57  -0.105000
58   0.050000
59  -0.050000
60  -0.145000
61   0.050000
62   0.020000
63   0.030000
64  -0.060000
65   0.055000
66  -0.025000
67   0.050000
68  -0.005000
69   0.005000
70   0.025000
71   0.040000
72  -0.040000
73  -0.030000
74   0.030000
75   0.045000
76  -0.040000
77   0.070000
78   0.030000
79   0.060000
80   0.035000
81  -0.040000
82   0.015000
83  -0.065000
84  -0.025000
85  -0.045000
86   0.035000
87   0.030000
88   0.040000
89  -0.120000
90   0.020000
91  -0.005000
92  -0.025000
93  -0.075000
94   0.010000
95  -0.090000
96  -0.015000
97   0.005000
98  -0.075000
99   0.030000
100  -0.080000
101   0.000000
102  -0.000000
103   0.025000
104   0.025000
105   0.040000
106  -0.010000
107  -0.115000
108  -0.025000
109   0.090000
110   0.025000
111  -0.030000
112  -0.085000
113   0.000000
114   0.100000
115   0.085000
116  -0.085000
117  -0.030000
118   0.025000
119   0.080000
120  -0.055000
121  -0.005000
122   0.030000
123  -0.080000
124   0.030000
125   0.005000
126  -0.025000
127   0.025000
128   0.015000
129   0.040000
130   0.060000
131  -0.010000
132  -0.105000
133   0.020000
134   0.055000
135  -0.040000
136  -0.080000
137  -0.040000
138   0.010000
139  -0.000000
140   0.050000
141   0.025000
142   0.010000
143   0.100000
144  -0.035000
145  -0.015000
146  -0.035000
147   0.045000
148   0.115000
149   0.055000
150  -0.045000
151   0.030000
152  -0.010000
153  -0.005000
154  -0.070000
155  -0.090000
156   0.035000
157  -0.060000
158   0.040000
159   0.045000
160  -0.070000
161   0.080000
162  -0.030000
163  -0.045000
164  -0.040000
165   0.060000
166   0.025000
167   0.045000
168  -0.105000
169   0.055000
170   0.050000
171  -0.050000
172  -0.005000
173   0.040000
174  -0.035000
175   0.005000
176   0.035000
177  -0.090000
178  -0.045000
179  -0.055000
180  -0.010000
181  -0.040000
182   0.030000
183  -0.060000
184  -0.105000
185  -0.005000
186   0.020000
187  -0.020000
188   0.055000
189   0.040000
190   0.060000
191  -0.005000
192  -0.015000
193  -0.060000
194   0.005000
195  -0.000000
196  -0.025000
197   0.015000
198   0.010000
199   0.070000
200  -0.030000
201   0.055000
202  -0.020000
203   0.035000
204   0.015000
205   0.040000
206  -0.025000
207   0.055000
208   0.005000
209   0.050000
210  -0.040000
211  -0.010000
212   0.100000
213   0.050000
214  -0.055000
215  -0.040000
216   0.070000
217   0.020000
218   0.020000
219   0.100000
220   0.005000
221   0.000000
222   0.035000
223  -0.060000
224   0.040000
225  -0.010000
226  -0.025000
227  -0.040000
228  -0.030000
229  -0.075000
230  -0.015000
231   0.070000
232   0.055000
233   0.025000
234  -0.045000
235   0.080000
236   0.015000
237   0.010000
238  -0.010000
239   0.020000
240  -0.080000
241   0.005000
242  -0.075000
243  -0.005000
244   0.020000
245  -0.045000
246  -0.090000
247   0.085000
248   0.045000
249  -0.035000
250  -0.020000
251   0.020000
252   0.105000
253  -0.085000
254  -0.010000
255   0.050000
256  -0.045000
257   0.080000
258  -0.020000
259  -0.050000
260  -0.030000
261  -0.085000
262  -0.010000
263   0.045000
264  -0.070000
265  -0.080000
266   0.020000
267  -0.085000
268   0.045000
269   0.025000
270  -0.095000
271   0.035000
272   0.015000
273   0.045000
274  -0.010000
275   0.055000
276  -0.040000
277  -0.080000
278   0.010000
279  -0.075000
280   0.015000
281   0.040000
282   0.060000
283   0.020000
284   0.045000
285   0.020000
286  -0.065000
287  -0.080000
288  -0.080000
289   0.065000
290  -0.025000
291   0.020000
292  -0.145000
293   0.035000
294   0.015000
295   0.040000
296   0.090000
297  -0.070000
298   0.065000
299  -0.060000
300  -0.040000
301   0.055000
302   0.015000
303  -0.020000
304  -0.020000
305  -0.085000
306  -0.040000
307   0.025000
308   0.030000
309  -0.085000
310  -0.045000
311  -0.065000
312  -0.055000
313  -0.130000
314   0.025000
315  -0.025000
316   0.025000
317  -0.030000
318   0.005000
319  -0.055000
320  -0.055000
321   0.035000
322   0.035000
323  -0.050000
324   0.055000
325   0.000000
326  -0.095000
327  -0.050000
328  -0.040000
329  -0.040000
330  -0.080000
331  -0.075000
332   0.010000
333  -0.020000
334   0.055000
335   0.080000
336  -0.045000
337  -0.000000
338  -0.010000
339  -0.005000
340  -0.040000
341  -0.055000
342   0.000000
343   0.025000
344   0.055000
345  -0.095000
346  -0.020000
347   0.030000
348  -0.005000
349   0.020000
350   0.045000
351   0.010000
352   0.015000
353   0.010000
354   0.050000
355   0.035000
356   0.090000
357   0.080000
358   0.000000
359  -0.025000
360   0.030000
361  -0.005000
362   0.050000
363  -0.015000
364   0.005000
365  -0.045000
366   0.015000
367   0.015000
368  -0.095000
369  -0.115000
370  -0.005000
371   0.000000
372  -0.015000
373  -0.030000
374  -0.010000
375  -0.005000
376  -0.035000
377  -0.010000
378  -0.005000
379  -0.040000
380   0.040000
381   0.015000
382  -0.005000
383  -0.015000
384   0.015000
385   0.065000
386  -0.030000
387   0.005000
388   0.085000
389   0.055000
390  -0.005000
391  -0.045000
392  -0.065000
393  -0.025000
394  -0.040000
395  -0.060000
396   0.000000
397   0.035000
398   0.105000
399  -0.065000
400  -0.050000
401   0.080000
402  -0.035000
403  -0.015000
404   0.065000
405  -0.045000
406   0.035000
407   0.000000
408   0.035000
409   0.040000
410  -0.050000
411  -0.055000
412  -0.025000
413  -0.000000
414   0.045000
415  -0.035000
416  -0.090000
417  -0.045000
418   0.060000
419  -0.015000
420  -0.005000
421  -0.085000
422  -0.010000
423  -0.110000
424  -0.050000
425   0.000000
426  -0.045000
427   0.045000
428   0.070000
429   0.005000
430   0.025000
431  -0.055000
432   0.070000
433  -0.005000
434  -0.025000
435   0.005000
436  -0.030000
437   0.075000
438   0.065000
439  -0.050000
440   0.010000
441  -0.015000
442   0.020000
443  -0.070000
444  -0.020000
445   0.090000
446   0.110000
447  -0.070000
448   0.010000
449  -0.050000
450  -0.005000
451   0.080000
452  -0.085000
453   0.000000
454   0.055000
455  -0.030000
456  -0.020000
457   0.025000
458   0.035000
459   0.000000
460  -0.075000
461   0.045000
462  -0.025000
463  -0.085000
464   0.030000
465  -0.015000
466   0.045000
467   0.060000
468   0.050000
469   0.035000
470  -0.045000
471  -0.010000
472   0.025000
473   0.065000
474   0.070000
475  -0.035000
476   0.020000
477  -0.035000
478  -0.000000
479  -0.060000
480   0.010000
481  -0.040000
482   0.030000
483  -0.040000
484  -0.060000
485  -0.005000
486   0.010000
487  -0.035000
488  -0.085000
489   0.045000
490   0.025000
491   0.005000
492   0.040000
493  -0.015000
494  -0.050000
495  -0.015000
496  -0.010000
497   0.030000
498  -0.105000
499  -0.035000
500   0.070000
-499  -0.005000
-498  -0.085000
-497  -0.030000
-496   0.040000
-495   0.040000
-494   0.100000
-493  -0.015000
-492   0.030000
-491  -0.045000
-490   0.020000
-489  -0.010000
-488  -0.025000
-487   0.020000
-486   0.010000
-485   0.045000
-484  -0.065000
-483   0.015000
-482  -0.010000
-481   0.050000
-480   0.045000
-479  -0.000000
-478  -0.105000
-477  -0.065000
-476  -0.005000
-475  -0.035000
-474  -0.035000
-473   0.045000
-472  -0.080000
-471  -0.040000
-470  -0.050000
-469   0.005000
-468  -0.050000
-467  -0.035000
-466  -0.055000
-465  -0.025000
-464   0.085000
-463   0.030000
-462   0.060000
-461   0.095000
-460   0.080000
-459   0.005000
-458   0.040000
-457   0.010000
-456  -0.000000
-455   0.010000
-454   0.015000
-453  -0.035000
-452   0.050000
-451   0.040000
-450   0.015000
-449  -0.010000
-448   0.010000
-447   0.015000
-446  -0.035000
-445  -0.035000
-444   0.120000
-443   0.020000
-442   0.045000
-441  -0.025000
-440   0.025000
-439   0.020000
-438  -0.020000
-437   0.050000
-436  -0.065000
-435   0.095000
-434   0.015000
-433  -0.080000
-432  -0.085000
-431   0.065000
-430  -0.030000
-429   0.000000
-428  -0.160000
-427   0.090000
-426   0.015000
-425  -0.045000
-424   0.065000
-423   0.035000
-422  -0.045000
-421   0.080000
-420  -0.025000
-419  -0.035000
-418   0.010000
-417   0.020000
-416  -0.085000
-415   0.045000
-414  -0.015000
-413  -0.025000
-412   0.060000
-411   0.010000
-410  -0.010000
-409   0.055000
-408   0.035000
-407  -0.095000
-406   0.060000
-405  -0.000000
-404   0.015000
-403   0.080000
-402   0.085000
-401  -0.005000
-400  -0.085000
-399   0.030000
-398  -0.140000
-397   0.035000
-396  -0.120000
-395  -0.020000
-394   0.065000
-393   0.030000
-392  -0.145000
-391  -0.080000
-390  -0.090000
-389   0.020000
-388   0.025000
-387   0.015000
-386  -0.020000
-385  -0.005000
-384   0.015000
-383   0.030000
-382   0.005000
-381   0.075000
-380   0.090000
-379  -0.000000
-378   0.090000
-377   0.000000
-376   0.040000
-375   0.035000
-374   0.020000
-373   0.100000
-372  -0.045000
-371  -0.045000
-370   0.015000
-369  -0.000000
-368  -0.025000
-367   0.080000
-366  -0.070000
-365   0.005000
-364   0.015000
-363  -0.015000
-362  -0.035000
-361   0.010000
-360   0.060000
-359   0.015000
-358  -0.060000
-357  -0.075000
-356  -0.035000
-355  -0.125000
-354  -0.010000
-353  -0.050000
-352   0.115000
-351  -0.040000
-350   0.000000
-349  -0.065000
-348   0.020000
-347   0.060000
-346   0.010000
-345  -0.010000
-344   0.160000
-343  -0.060000
-342   0.000000
-341   0.140000
-340   0.090000
-339   0.045000
-338   0.000000
-337   0.030000
-336  -0.010000
-335   0.030000
-334  -0.035000
-333  -0.055000
-332  -0.030000
-331  -0.030000
-330  -0.025000
-329  -0.025000
-328  -0.025000
-327   0.035000
-326  -0.070000
-325   0.070000
-324   0.065000
-323  -0.010000
-322   0.055000
-321  -0.025000
-320  -0.025000
-319   0.005000
-318  -0.060000
-317  -0.035000
-316   0.035000
-315   0.010000
-314   0.020000
-313   0.025000
-312  -0.025000
-311   0.055000
-310  -0.015000
-309   0.050000
-308   0.085000
-307  -0.085000
-306  -0.010000
-305  -0.000000
-304   0.085000
-303   0.005000
-302   0.030000
-301  -0.065000
-300   0.030000
-299   0.015000
-298   0.040000
-297  -0.060000
-296   0.065000
-295   0.060000
-294   0.030000
-293  -0.005000
-292  -0.070000
-291   0.020000
-290  -0.020000
-289   0.010000
-288  -0.065000
-287  -0.050000
-286  -0.050000
-285   0.015000
-284   0.050000
-283  -0.035000
-282  -0.045000
-281   0.055000
-280   0.030000
-279  -0.010000
-278  -0.085000
-277  -0.045000
-276  -0.020000
-275  -0.005000
-274  -0.020000
-273   0.045000
-272  -0.045000
-271   0.045000
-270  -0.030000
-269   0.000000
-268   0.010000
-267   0.125000
-266   0.010000
-265  -0.065000
-264  -0.055000
-263   0.020000
-262  -0.020000
-261  -0.015000
-260  -0.015000
-259   0.005000
-258  -0.040000
-257   0.010000
-256   0.000000
-255   0.065000
-254   0.065000
-253   0.020000
-252   0.085000
-251  -0.020000
-250   0.045000
-249  -0.015000
-248  -0.005000
-247   0.075000
-246  -0.020000
-245   0.005000
-244   0.070000
-243  -0.025000
-242   0.020000
-241  -0.005000
-240  -0.065000
-239   0.010000
-238  -0.025000
-237  -0.110000
-236   0.065000
-235  -0.035000
-234   0.015000
-233  -0.030000
-232  -0.000000
-231  -0.020000
-230  -0.025000
-229   0.010000
-228  -0.095000
-227  -0.005000
-226  -0.050000
-225  -0.025000
-224   0.000000
-223  -0.040000
-222  -0.090000
-221   0.025000
-220   0.035000
-219   0.050000
-218  -0.050000
-217  -0.010000
-216  -0.050000
-215   0.030000
-214   0.020000
-213   0.015000
-212  -0.010000
-211  -0.065000
-210  -0.055000
-209   0.015000
-208  -0.045000
-207  -0.045000
-206   0.040000
-205  -0.125000
-204   0.010000
-203   0.005000
-202   0.010000
-201  -0.075000
-200   0.030000
-199  -0.030000
-198   0.010000
-197  -0.025000
-196   0.005000
-195   0.030000
-194   0.010000
-193   0.070000
-192  -0.020000
-191  -0.060000
-190   0.000000
-189   0.055000
-188  -0.035000
-187  -0.020000
-186  -0.015000
-185   0.035000
-184  -0.035000
-183   0.015000
-182  -0.075000
-181   0.060000
-180  -0.080000
-179   0.015000
-178   0.090000
-177  -0.010000
-176   0.085000
-175  -0.060000
-174   0.005000
-173  -0.040000
-172  -0.080000
-171  -0.030000
-170  -0.065000
-169   0.085000
-168   0.000000
-167   0.085000
-166   0.000000
-165  -0.020000
-164   0.060000
-163   0.090000
-162   0.030000
-161  -0.085000
-160   0.130000
-159  -0.035000
-158  -0.030000
-157  -0.070000
-156  -0.015000
-155  -0.010000
-154  -0.005000
-153   0.045000
-152  -0.020000
-151   0.025000
-150  -0.055000
-149  -0.065000
-148  -0.055000
-147   0.020000
-146  -0.015000
-145  -0.075000
-144  -0.030000
-143  -0.035000
-142   0.045000
-141   0.020000
-140   0.060000
-139  -0.005000
-138   0.020000
-137   0.000000
-136  -0.015000
-135   0.065000
-134  -0.045000
-133  -0.030000
-132  -0.020000
-131  -0.000000
-130  -0.075000
-129   0.010000
-128  -0.045000
-127  -0.040000
-126   0.025000
-125   0.030000
-124  -0.045000
-123   0.020000
-122  -0.010000
-121  -0.010000
-120   0.060000
-119   0.040000
-118   0.015000
-117  -0.030000
-116   0.070000
-115   0.105000
-114  -0.035000
-113  -0.005000
-112   0.040000
-111  -0.060000
-110   0.010000
-109   0.020000
-108   0.020000
-107   0.035000
-106   0.050000
-105  -0.005000
-104  -0.030000
-103  -0.075000
-102  -0.000000
-101   0.045000
-100  -0.025000
-99   0.070000
-98   0.135000
-97   0.010000
-96  -0.030000
-95  -0.050000
-94  -0.095000
-93   0.030000
-92  -0.160000
-91  -0.005000
-90   0.050000
-89   0.055000
-88   0.065000
-87   0.120000
-86  -0.055000
-85   0.040000
-84  -0.015000
-83  -0.055000
-82   0.035000
-81   0.005000
-80   0.035000
-79  -0.060000
-78   0.025000
-77  -0.035000
-76   0.060000
-75   0.025000
-74  -0.045000
-73   0.010000
-72  -0.020000
-71   0.030000
-70  -0.040000
-69  -0.010000
-68  -0.050000
-67   0.035000
-66  -0.045000
-65   0.110000
-64  -0.010000
-63  -0.035000
-62   0.090000
-61  -0.060000
-60  -0.095000
-59   0.045000
-58  -0.020000
-57   0.025000
-56  -0.080000
-55  -0.020000
-54   0.040000
-53   0.000000
-52  -0.070000
-51  -0.025000
-50  -0.035000
-49   0.025000
-48  -0.005000
-47   0.015000
-46  -0.015000
-45  -0.150000
-44   0.030000
-43   0.055000
-42  -0.055000
-41   0.005000
-40  -0.045000
-39  -0.020000
-38  -0.025000
-37  -0.060000
-36   0.010000
-35   0.015000
-34   0.010000
-33   0.005000
-32   0.005000
-31  -0.025000
-30  -0.075000
-29   0.000000
-28   0.095000
-27  -0.060000
-26   0.050000
-25  -0.085000
-24  -0.030000
-23  -0.035000
-22   0.035000
-21   0.025000
-20  -0.010000
-19   0.080000
-18  -0.010000
-17  -0.035000
-16   0.070000
-15  -0.100000
-14   0.045000
-13   0.040000
-12  -0.050000
-11   0.060000
-10  -0.015000
-9   0.065000
-8   0.020000
-7   0.080000
-6  -0.035000
-5   0.070000
-4   0.045000
-3  -0.095000
-2   0.050000
-1   0.060000
