0  -0.005000
1   0.030000
2  -0.005000
3   0.060000
4  -0.005000
5  -0.015000
6  -0.035000
7   0.035000
8  -0.020000
9   0.030000
10  -0.020000
11   0.035000
12  -0.035000
13  -0.035000
14  -0.085000
15  -0.015000
16  -0.045000
17   0.075000
18   0.025000
19  -0.025000
20   0.030000
21   0.005000
22  -0.050000
23   0.010000
24  -0.030000
25   0.035000
26  -0.005000
27  -0.100000
28   0.035000
29  -0.070000
30  -0.085000
31   0.015000
32  -0.010000
33  -0.005000
34   0.045000
35  -0.050000
36   0.010000
37   0.090000
38   0.020000
39   0.030000
40   0.000000
41  -0.115000
42  -0.040000
43  -0.100000
44   0.090000
45  -0.020000
46   0.040000
47   0.000000
48  -0.060000
49  -0.045000
50   0.010000
51   0.040000
52   0.010000
53   0.020000
54  -0.035000
55  -0.065000
56   0.060000
57   0.035000
58  -0.025000
59  -0.020000
60   0.025000
61   0.065000
62   0.050000
63   0.010000
64  -0.035000
65  -0.015000
66  -0.075000
67   0.010000
68   0.045000
69   0.020000
70   0.100000
71  -0.075000
72   0.055000
73  -0.050000
74  -0.030000
75   0.020000
76  -0.015000
77   0.025000
78  -0.080000
79   0.005000
80   0.005000
81   0.045000
82  -0.055000
83   0.040000
84   0.115000
85   0.055000
86   0.035000
87   0.005000
88   0.045000
89   0.010000
90  -0.015000
91   0.035000
92  -0.005000
93  -0.070000
94  -0.025000
95  -0.020000
96  -0.085000
97  -0.030000
98   0.025000
99  -0.045000
100   0.030000
101  -0.140000
102  -0.090000
103  -0.070000
104  -0.005000
105   0.100000
106  -0.100000
107   0.020000
108   0.035000
109   0.030000
110   0.015000
111  -0.025000
112  -0.015000
113  -0.035000
114  -0.080000
115  -0.025000
116   0.005000
117   0.020000
118   0.000000
119  -0.055000
120   0.045000
121   0.045000
122   0.025000
123  -0.075000
124   0.040000
125   0.070000
126  -0.035000
127   0.035000
128   0.030000
129   0.020000
130  -0.005000
131  -0.050000
132   0.045000
133   0.015000
134  -0.015000
135   0.130000
136  -0.025000
137  -0.020000
138  -0.055000
139   0.015000
140  -0.015000
141  -0.015000
142   0.045000
143  -0.030000
144   0.025000
145   0.000000
146  -0.065000
147   0.040000
148   0.030000
149  -0.000000
150  -0.050000
151  -0.065000
152  -0.030000
153   0.030000
154   0.050000
155  -0.020000
156   0.030000
157   0.010000
158  -0.015000
159  -0.015000
160  -0.005000
161  -0.090000
162   0.030000
163   0.000000
164   0.005000
165   0.100000
166  -0.010000
167   0.035000
168  -0.070000
169  -0.000000
170   0.010000
171   0.000000
172  -0.030000
173  -0.020000
174   0.015000
175   0.090000
176   0.035000
177   0.020000
178  -0.005000
179  -0.050000
180   0.015000
181  -0.110000
182   0.035000
183   0.060000
184   0.020000
185   0.000000
186  -0.100000
187  -0.015000
188  -0.075000
189   0.000000
190  -0.040000
191   0.030000
192  -0.040000
193  -0.065000
194  -0.060000
195  -0.045000
196   0.000000
197   0.035000
198   0.080000
199   0.030000
200   0.040000
201   0.055000
202   0.090000
203  -0.045000
204  -0.030000
205  -0.005000
206   0.040000
207   0.085000
208  -0.030000
209   0.005000
210   0.100000
211  -0.045000
212  -0.080000
213   0.030000
214   0.065000
215  -0.025000
216  -0.080000
217  -0.030000
218  -0.070000
219  -0.015000
220   0.040000
221  -0.090000
222   0.020000
223   0.010000
224   0.015000
225  -0.010000
226   0.035000
227   0.020000
228  -0.035000
229  -0.025000
230  -0.040000
231  -0.005000
232  -0.020000
233   0.030000
234   0.090000
235  -0.015000
236  -0.005000
237  -0.065000
238  -0.000000
239   0.060000
240   0.065000
241   0.005000
242  -0.055000
243  -0.030000
244   0.015000
245   0.030000
246   0.045000
247   0.050000
248  -0.015000
249   0.085000
250  -0.040000
251   0.035000
252  -0.030000
253  -0.040000
254  -0.035000
255  -0.040000
256   0.015000
257   0.035000
258  -0.015000
259   0.025000
260  -0.005000
261  -0.015000
262  -0.010000
263   0.035000
264  -0.035000
265   0.055000
266  -0.045000
267   0.070000
268  -0.015000
269  -0.025000
270   0.080000
271  -0.035000
272   0.020000
273   0.090000
274  -0.005000
275  -0.025000
276  -0.020000
277  -0.015000
278  -0.040000
279  -0.035000
280  -0.015000
281  -0.045000
282   0.110000
283  -0.020000
284   0.115000
285   0.095000
286   0.005000
287  -0.005000
288  -0.020000
289   0.010000
290   0.000000
291   0.050000
292  -0.030000
293  -0.035000
294  -0.085000
295  -0.050000
296   0.055000
297   0.000000
298   0.015000
299   0.110000
300   0.015000
301  -0.015000
302  -0.010000
303  -0.010000
304  -0.015000
305   0.130000
306  -0.010000
307   0.005000
308   0.015000
309   0.040000
310   0.030000
311  -0.080000
312   0.020000
313  -0.010000
314  -0.025000
315   0.000000
316  -0.025000
317  -0.040000
318  -0.050000
319  -0.080000
320  -0.010000
321  -0.020000
322   0.010000
323  -0.115000
324  -0.010000
325   0.040000
326   0.010000
327   0.005000
328  -0.065000
329  -0.015000
330  -0.085000
331  -0.070000
332  -0.055000
333   0.040000
334   0.090000
335   0.005000
336  -0.065000
337   0.020000
338  -0.050000
339   0.055000
340   0.000000
341  -0.100000
342   0.110000
343   0.025000
344  -0.095000
345  -0.005000
346  -0.010000
347   0.015000
348  -0.055000
349  -0.020000
350   0.030000
351   0.015000
352   0.035000
353   0.055000
354  -0.085000
355   0.040000
356  -0.050000
357   0.045000
358  -0.105000
359  -0.060000
360  -0.035000
361   0.110000
362   0.000000
363  -0.040000
364  -0.055000
365   0.070000
366  -0.040000
367   0.040000
368   0.035000
369  -0.005000
370  -0.035000
371  -0.000000
372   0.010000
373   0.055000
374   0.000000
375  -0.015000
376   0.005000
377   0.050000
378  -0.020000
379  -0.020000
380   0.045000
381   0.035000
382   0.055000
383  -0.020000
384  -0.045000
385   0.030000
386   0.030000
387   0.105000
388  -0.035000
389  -0.015000
390   0.035000
391   0.050000
392  -0.015000
393   0.000000
394   0.110000
395  -0.030000
396   0.055000
397  -0.010000
398   0.030000
399  -0.045000
400   0.095000
401   0.050000
402  -0.005000
403  -0.055000
404   0.005000
405   0.050000
406  -0.040000
407  -0.000000
408   0.005000
409  -0.060000
410  -0.070000
411   0.020000
412  -0.120000
413  -0.085000
414   0.065000
415   0.000000
416  -0.045000
417  -0.080000
418  -0.010000
419   0.020000
420   0.030000
421   0.005000
422   0.005000
423  -0.020000
424  -0.050000
425  -0.010000
426   0.030000
427  -0.055000
428  -0.015000
429   0.000000
430   0.065000
431  -0.020000
432   0.020000
433   0.060000
434   0.020000
435   0.005000
436   0.035000
437   0.035000
438   0.100000
439   0.030000
440  -0.085000
441  -0.050000
442  -0.015000
443  -0.035000
444   0.040000
445  -0.005000
446   0.015000
447  -0.140000
448  -0.025000
449   0.025000
450   0.020000
451  -0.045000
452   0.015000
453  -0.025000
454   0.090000
455  -0.005000
456   0.035000
457  -0.075000
458   0.020000
459  -0.035000
460  -0.025000
461   0.035000
462  -0.020000
463   0.085000
464  -0.065000
465   0.030000
466  -0.070000
467   0.075000
468   0.000000
469   0.015000
470   0.065000
471  -0.005000
472  -0.095000
473   0.010000
474  -0.025000
475  -0.045000
476  -0.040000
477   0.025000
478   0.050000
479  -0.020000
480   0.045000
481   0.070000
482   0.025000
483  -0.080000
484  -0.050000
485  -0.050000
486  -0.065000
487  -0.055000
488   0.045000
489   0.045000
490  -0.055000
491   0.050000
492  -0.040000
493  -0.015000
494   0.005000
495   0.080000
496   0.030000
497  -0.105000
498  -0.045000
499  -0.010000
500   0.040000
-499   0.075000
-498  -0.015000
-497   0.000000
-496  -0.050000
-495   0.020000
-494  -0.005000
-493   0.000000
-492  -0.020000
-491   0.065000
-490   0.005000
-489  -0.035000
-488  -0.025000
-487   0.005000
-486   0.020000
-485   0.030000
-484   0.005000
-483  -0.060000
-482   0.030000
-481  -0.030000
-480   0.085000
-479   0.010000
-478   0.075000
-477  -0.025000
-476   0.050000
-475  -0.005000
-474  -0.065000
-473   0.020000
-472   0.025000
-471  -0.075000
-470   0.075000
-469  -0.090000
-468  -0.015000
-467  -0.085000
-466   0.035000
-465  -0.045000
-464  -0.015000
-463  -0.040000
-462   0.105000
-461  -0.085000
-460   0.080000
-459   0.045000
-458   0.025000
-457   0.070000
-456   0.015000
-455  -0.045000
-454   0.045000
-453   0.000000
-452   0.035000
-451  -0.065000
-450   0.080000
-449   0.030000
-448   0.010000
-447   0.105000
-446  -0.020000
-445  -0.015000
-444   0.070000
-443  -0.075000
-442  -0.020000
-441  -0.010000
-440   0.015000
-439   0.010000
-438   0.035000
-437   0.055000
-436   0.030000
-435   0.055000
-434  -0.005000
-433  -0.015000
-432  -0.020000
-431  -0.060000
-430  -0.025000
-429   0.005000
-428   0.090000
-427  -0.005000
-426   0.105000
-425   0.040000
-424  -0.070000
-423   0.040000
-422   0.025000
-421   0.055000
-420  -0.010000
-419   0.000000
-418   0.070000
-417  -0.035000
-416   0.060000
-415   0.035000
-414   0.050000
-413   0.025000
-412   0.045000
-411  -0.065000
-410   0.025000
-409   0.040000
-408   0.040000
-407   0.010000
-406   0.055000
-405   0.030000
-404  -0.055000
-403   0.035000
-402   0.000000
-401   0.030000
-400   0.080000
-399  -0.060000
-398   0.025000
-397  -0.050000
-396   0.025000
-395   0.025000
-394   0.005000
-393   0.020000
-392  -0.040000
-391   0.000000
-390  -0.055000
-389  -0.035000
-388  -0.030000
-387   0.095000
-386  -0.005000
-385   0.050000
-384   0.045000
-383  -0.060000
-382   0.010000
-381   0.070000
-380   0.040000
-379   0.075000
-378   0.000000
-377   0.000000
-376  -0.040000
-375   0.005000
-374  -0.020000
-373  -0.090000
-372   0.055000
-371   0.035000
-370  -0.035000
-369   0.035000
-368   0.080000
-367  -0.025000
-366   0.020000
-365  -0.030000
-364  -0.010000
-363  -0.015000
-362   0.075000
-361   0.085000
-360   0.025000
-359   0.020000
-358  -0.075000
-357   0.005000
-356  -0.080000
-355   0.070000
-354  -0.075000
-353   0.055000
-352  -0.010000
-351   0.030000
-350   0.020000
-349  -0.045000
-348  -0.035000
-347  -0.050000
-346  -0.015000
-345  -0.025000
-344   0.060000
-343  -0.090000
-342   0.015000
-341   0.110000
-340   0.080000
-339  -0.015000
-338   0.015000
-337   0.055000
-336  -0.020000
-335  -0.025000
-334   0.055000
-333   0.040000
-332  -0.100000
-331   0.040000
-330   0.040000
-329   0.125000
-328   0.015000
-327  -0.035000
-326  -0.070000
-325  -0.050000
-324   0.040000
-323  -0.055000
-322   0.050000
-321  -0.035000
-320   0.025000
-319   0.040000
-318  -0.010000
-317  -0.095000
-316   0.100000
-315  -0.010000
-314  -0.050000
-313  -0.040000
-312   0.030000
-311   0.025000
-310  -0.020000
-309   0.005000
-308  -0.010000
-307   0.025000
-306  -0.125000
-305   0.055000
-304   0.050000
-303   0.065000
-302  -0.120000
-301  -0.050000
-300   0.020000
-299  -0.035000
-298  -0.060000
-297   0.085000
-296  -0.050000
-295   0.010000
-294  -0.035000
-293   0.065000
-292   0.075000
-291   0.050000
-290   0.065000
-289   0.030000
-288   0.025000
-287  -0.010000
-286  -0.015000
-285   0.025000
-284  -0.035000
-283   0.070000
-282   0.040000
-281  -0.035000
-280   0.025000
-279   0.085000
-278  -0.035000
-277  -0.030000
-276  -0.070000
-275   0.035000
-274  -0.075000
-273  -0.040000
-272  -0.045000
-271   0.005000
-270  -0.060000
-269   0.015000
-268   0.050000
-267   0.075000
-266   0.040000
-265  -0.015000
-264   0.015000
-263  -0.075000
-262   0.015000
-261  -0.055000
-260  -0.070000
-259   0.045000
-258   0.030000
-257  -0.060000
-256  -0.035000
-255   0.000000
-254  -0.005000
-253  -0.060000
-252  -0.040000
-251   0.030000
-250  -0.055000
-249  -0.050000
-248  -0.015000
-247   0.000000
-246   0.090000
-245   0.005000
-244  -0.070000
-243   0.050000
-242  -0.010000
-241   0.025000
-240  -0.035000
-239   0.005000
-238   0.000000
-237  -0.030000
-236  -0.060000
-235  -0.090000
-234  -0.075000
-233  -0.085000
-232   0.005000
-231   0.005000
-230   0.005000
-229  -0.065000
-228  -0.075000
-227   0.075000
-226   0.035000
-225   0.005000
-224   0.050000
-223  -0.005000
-222   0.010000
-221  -0.025000
-220  -0.050000
-219   0.060000
-218  -0.040000
-217  -0.030000
-216  -0.020000
-215  -0.040000
-214  -0.020000
-213  -0.040000
-212   0.025000
-211  -0.080000
-210  -0.055000
-209   0.115000
-208  -0.020000
-207   0.065000
-206  -0.030000
-205  -0.010000
-204  -0.100000
-203  -0.020000
-202   0.095000
-201  -0.085000
-200   0.015000
-199   0.040000
-198  -0.005000
-197   0.085000
-196   0.025000
-195   0.015000
-194  -0.005000
-193   0.060000
-192  -0.000000
-191  -0.055000
-190   0.000000
-189  -0.030000
-188  -0.070000
-187   0.050000
-186  -0.060000
-185  -0.025000
-184   0.095000
-183  -0.045000
-182  -0.020000
-181   0.020000
-180   0.025000
-179  -0.020000
-178   0.005000
-177  -0.040000
-176   0.015000
-175  -0.080000
-174   0.020000
-173   0.025000
-172  -0.015000
-171   0.010000
-170  -0.025000
-169   0.050000
-168  -0.080000
-167  -0.045000
-166   0.030000
-165   0.010000
-164  -0.025000
-163  -0.065000
-162  -0.015000
-161  -0.045000
-160  -0.005000
-159   0.005000
-158  -0.025000
-157   0.035000
-156  -0.020000
-155   0.000000
-154  -0.095000
-153  -0.005000
-152  -0.110000
-151   0.150000
-150  -0.025000
-149  -0.020000
-148   0.030000
-147   0.020000
-146   0.050000
-145  -0.020000
-144   0.085000
-143  -0.040000
-142  -0.000000
-141   0.010000
-140  -0.010000
-139  -0.025000
-138   0.055000
-137  -0.040000
-136  -0.060000
-135   0.065000
-134   0.005000
-133   0.045000
-132  -0.025000
-131  -0.040000
-130   0.005000
-129  -0.035000
-128  -0.000000
-127  -0.005000
-126  -0.055000
-125  -0.000000
-124  -0.040000
-123   0.015000
-122   0.005000
-121  -0.055000
-120  -0.045000
-119   0.015000
-118  -0.005000
-117   0.070000
-116   0.025000
-115   0.005000
-114   0.020000
-113   0.075000
-112  -0.010000
-111   0.015000
-110  -0.010000
-109   0.030000
-108   0.020000
-107   0.025000
-106   0.095000
-105   0.010000
-104   0.040000
-103   0.075000
-102  -0.085000
-101   0.075000
-100   0.085000
-99   0.005000
-98  -0.090000
-97  -0.010000
-96   0.020000
-95   0.060000
-94   0.015000
-93   0.030000
-92  -0.030000
-91  -0.035000
-90  -0.065000
-89  -0.030000
-88  -0.035000
-87  -0.015000
-86   0.030000
-85   0.035000
-84   0.055000
-83   0.030000
-82  -0.015000
-81  -0.005000
-80   0.065000
-79   0.030000
-78  -0.110000
-77   0.035000
-76   0.030000
-75  -0.030000
-74   0.035000
-73  -0.005000
-72  -0.040000
-71   0.075000
-70  -0.025000
-69  -0.050000
-68  -0.055000
-67  -0.010000
-66   0.065000
-65  -0.010000
-64   0.010000
-63  -0.050000
-62  -0.025000
-61   0.000000
-60  -0.055000
-59  -0.085000
-58  -0.075000
-57  -0.015000
-56  -0.110000
-55   0.005000
-54   0.040000
-53  -0.025000
-52  -0.040000
-51  -0.085000
-50   0.025000
-49   0.020000
-48   0.045000
-47   0.035000
-46  -0.030000
-45  -0.015000
-44   0.020000
-43  -0.010000
-42   0.115000
-41   0.050000
-40  -0.015000
-39  -0.055000
-38   0.030000
-37   0.010000
-36   0.085000
-35   0.040000
-34   0.010000
-33  -0.085000
-32  -0.020000
-31   0.045000
-30  -0.035000
-29  -0.055000
-28  -0.015000
-27   0.050000
-26  -0.050000
-25  -0.020000
-24   0.015000
-23  -0.010000
-22  -0.020000
-21   0.015000
-20   0.070000
-19  -0.095000
-18   0.020000
-17  -0.020000
-16  -0.065000
-15  -0.015000
-14  -0.070000
-13   0.035000
-12  -0.085000
-11   0.025000
-10  -0.025000
-9  -0.000000
-8  -0.030000
-7   0.115000
-6   0.035000
-5   0.030000
-4  -0.100000
-3  -0.020000
-2   0.050000
-1   0.045000
