0  -0.015000
1  -0.050000
2   0.065000
3   0.005000
4   0.055000
5   0.050000
6  -0.095000
7  -0.045000
8   0.010000
9  -0.075000
10   0.075000
11   0.015000
12   0.150000
13   0.040000
14  -0.040000
15   0.055000
16  -0.085000
17  -0.005000
18   0.025000
19  -0.045000
20   0.105000
21   0.005000
22   0.085000
23   0.005000
24   0.140000
25  -0.065000
26   0.000000
27   0.005000
28  -0.065000
29   0.045000
30  -0.005000
31   0.015000
32  -0.085000
33   0.040000
34   0.015000
35  -0.055000
36   0.050000
37  -0.005000
38  -0.070000
39   0.000000
40   0.040000
41   0.015000
42  -0.020000
43   0.020000
44   0.040000
45  -0.055000
46  -0.095000
47   0.060000
48   0.045000
49  -0.020000
50  -0.020000
51   0.010000
52   0.100000
53  -0.040000
54  -0.065000
55   0.010000
56  -0.115000
57  -0.050000
58   0.020000
59   0.050000
60   0.130000
61  -0.040000
62   0.090000
63  -0.035000
64   0.035000
65   0.025000
66  -0.070000
67  -0.025000
68  -0.030000
69  -0.025000
70  -0.065000
71   0.000000
72   0.015000
73   0.005000
74   0.035000
75   0.025000
76  -0.015000
77   0.045000
78  -0.015000
79   0.015000
80  -0.050000
81  -0.035000
82   0.030000
83  -0.015000
84  -0.090000
85  -0.005000
86   0.005000
87  -0.090000
88  -0.015000
89   0.080000
90   0.005000
91   0.150000
92   0.050000
93  -0.010000
94   0.020000
95  -0.030000
96  -0.005000
97   0.020000
98   0.030000
99  -0.045000
100   0.020000
101  -0.000000
102   0.020000
103   0.005000
104  -0.005000
105  -0.080000
106   0.015000
107  -0.055000
108  -0.070000
109   0.040000
110   0.030000
111   0.035000
112  -0.085000
113  -0.005000
114   0.025000
115  -0.040000
116   0.040000
117   0.025000
118  -0.000000
119  -0.055000
120   0.050000
121   0.170000
122   0.030000
123   0.020000
124   0.060000
125  -0.015000
126   0.005000
127   0.015000
128  -0.005000
129  -0.010000
130   0.055000
131  -0.030000
132   0.015000
133  -0.030000
134   0.025000
135  -0.060000
136  -0.105000
137   0.065000
138  -0.030000
139   0.035000
140  -0.055000
141  -0.045000
142   0.015000
143   0.045000
144   0.045000
145  -0.055000
146  -0.030000
147  -0.005000
148   0.065000
149  -0.020000
150   0.035000
151   0.050000
152  -0.050000
153  -0.025000
154  -0.030000
155  -0.055000
156  -0.005000
157  -0.045000
158   0.040000
159  -0.005000
160  -0.035000
161  -0.025000
162   0.030000
163  -0.025000
164   0.005000
165   0.025000
166  -0.055000
167  -0.005000
168   0.015000
169  -0.040000
170   0.050000
171   0.015000
172  -0.060000
173  -0.070000
174   0.040000
175   0.085000
176   0.025000
177   0.075000
178   0.030000
179  -0.045000
180  -0.015000
181   0.010000
182  -0.060000
183  -0.015000
184  -0.015000
185   0.045000
186   0.020000
187   0.080000
188  -0.005000
189  -0.005000
190  -0.030000
191  -0.040000
192  -0.005000
193  -0.045000
194   0.020000
195  -0.025000
196  -0.030000
197  -0.055000
198  -0.045000
199   0.020000
200   0.015000
201  -0.065000
202  -0.020000
203   0.070000
204  -0.025000
205  -0.005000
206   0.085000
207  -0.005000
208  -0.035000
209  -0.025000
210   0.045000
211  -0.035000
212   0.015000
213  -0.115000
214   0.070000
215  -0.085000
216  -0.020000
217   0.010000
218   0.005000
219   0.005000
220   0.010000
221   0.020000
222   0.040000
223   0.100000
224   0.035000
225  -0.050000
226  -0.050000
227  -0.060000
228  -0.000000
229  -0.035000
230   0.010000
231   0.020000
232   0.035000
233  -0.000000
234   0.060000
235  -0.030000
236   0.020000
237   0.050000
238   0.090000
239   0.080000
240  -0.030000
241  -0.030000
242  -0.055000
243   0.005000
244   0.025000
245   0.005000
246  -0.065000
247   0.060000
248   0.045000
249  -0.035000
250   0.035000
251  -0.095000
252  -0.055000
253   0.025000
254   0.005000
255  -0.020000
256   0.005000
257   0.020000
258  -0.025000
259  -0.000000
260   0.005000
261   0.025000
262   0.010000
263   0.000000
264  -0.065000
265  -0.085000
266  -0.075000
267   0.005000
268  -0.050000
269   0.020000
270  -0.025000
271   0.010000
272  -0.000000
273  -0.020000
274  -0.030000
275   0.025000
276  -0.075000
277  -0.065000
278   0.060000
279   0.035000
280   0.025000
281  -0.020000
282   0.090000
283  -0.040000
284  -0.070000
285   0.085000
286   0.025000
287  -0.110000
288  -0.020000
289   0.030000
290   0.010000
291  -0.005000
292   0.025000
293  -0.045000
294  -0.010000
295   0.015000
296   0.020000
297   0.035000
298   0.065000
299   0.095000
300  -0.100000
301   0.025000
302   0.010000
303   0.025000
304   0.060000
305   0.005000
306  -0.050000
307   0.020000
308  -0.095000
309   0.020000
310   0.010000
311   0.035000
312  -0.120000
313  -0.045000
314   0.010000
315   0.040000
316   0.050000
317   0.000000
318  -0.020000
319  -0.010000
320  -0.025000
321   0.015000
322   0.020000
323   0.005000
324  -0.055000
325  -0.030000
326  -0.025000
327  -0.015000
328   0.000000
329   0.050000
330   0.015000
331   0.010000
332   0.020000
333   0.020000
334  -0.010000
335   0.030000
336   0.060000
337  -0.015000
338  -0.100000
339   0.060000
340   0.090000
341   0.030000
342  -0.025000
343   0.010000
344   0.030000
345  -0.060000
346  -0.000000
347   0.025000
348   0.090000
349  -0.095000
350  -0.035000
351   0.005000
352  -0.050000
353   0.080000
354  -0.105000
355  -0.010000
356  -0.140000
357   0.115000
358   0.010000
359  -0.015000
360   0.070000
361  -0.070000
362   0.000000
363   0.040000
364  -0.055000
365   0.125000
366   0.085000
367   0.005000
368  -0.010000
369  -0.010000
370   0.050000
371  -0.050000
372   0.020000
373  -0.120000
374  -0.045000
375  -0.050000
376   0.045000
377  -0.020000
378  -0.080000
379   0.025000
380  -0.005000
381   0.030000
382   0.055000
383   0.110000
384   0.105000
385   0.040000
386   0.005000
387  -0.050000
388  -0.045000
389   0.080000
390   0.110000
391   0.080000
392   0.055000
393  -0.040000
394   0.015000
395   0.000000
396   0.100000
397  -0.015000
398   0.070000
399  -0.045000
400  -0.115000
401  -0.030000
402   0.035000
403  -0.040000
404   0.130000
405   0.020000
406  -0.075000
407   0.060000
408   0.095000
409   0.055000
410   0.070000
411  -0.120000
412   0.010000
413  -0.045000
414   0.075000
415  -0.060000
416   0.070000
417   0.045000
418  -0.010000
419   0.035000
420   0.045000
421   0.000000
422  -0.060000
423   0.015000
424  -0.005000
425   0.010000
426   0.010000
427  -0.050000
428  -0.055000
429   0.015000
430   0.055000
431   0.010000
432  -0.030000
433   0.080000
434   0.040000
435   0.045000
436   0.035000
437  -0.085000
438   0.070000
439  -0.050000
440  -0.095000
441   0.020000
442   0.040000
443  -0.030000
444   0.070000
445  -0.045000
446  -0.005000
447   0.025000
448  -0.045000
449   0.025000
450   0.050000
451  -0.045000
452   0.010000
453   0.040000
454  -0.030000
455   0.030000
456  -0.045000
457  -0.105000
458   0.025000
459  -0.015000
460  -0.055000
461   0.030000
462   0.005000
463   0.045000
464  -0.070000
465   0.020000
466  -0.090000
467   0.045000
468  -0.045000
469  -0.075000
470  -0.065000
471  -0.095000
472  -0.010000
473   0.040000
474  -0.025000
475   0.055000
476   0.055000
477  -0.055000
478  -0.050000
479   0.060000
480   0.045000
481  -0.010000
482  -0.025000
483   0.010000
484  -0.035000
485   0.025000
486   0.025000
487  -0.030000
488  -0.010000
489   0.025000
490  -0.050000
491   0.060000
492  -0.035000
493   0.000000
494   0.000000
495  -0.005000
496  -0.010000
497   0.080000
498  -0.005000
499  -0.025000
500   0.035000
-499   0.105000
-498   0.035000
-497   0.030000
-496   0.015000
-495  -0.060000
-494  -0.050000
-493   0.020000
-492  -0.030000
-491  -0.070000
-490   0.010000
-489   0.030000
-488  -0.010000
-487  -0.095000
-486   0.005000
-485  -0.020000
-484   0.040000
-483   0.035000
-482   0.085000
-481   0.060000
-480  -0.010000
-479  -0.040000
-478   0.025000
-477  -0.000000
-476  -0.010000
-475   0.025000
-474   0.090000
-473  -0.040000
-472  -0.090000
-471  -0.030000
-470   0.065000
-469  -0.020000
-468  -0.040000
-467  -0.030000
-466   0.035000
-465   0.030000
-464   0.010000
-463  -0.105000
-462   0.010000
-461  -0.090000
-460  -0.065000
-459   0.025000
-458   0.015000
-457  -0.060000
-456   0.000000
-455  -0.065000
-454   0.005000
-453  -0.025000
-452   0.080000
-451  -0.005000
-450   0.030000
-449  -0.035000
-448   0.025000
-447   0.030000
-446  -0.075000
-445   0.035000
-444   0.035000
-443   0.065000
-442  -0.015000
-441   0.015000
-440   0.070000
-439   0.065000
-438  -0.005000
-437  -0.050000
-436   0.045000
-435  -0.010000
-434  -0.005000
-433   0.030000
-432  -0.005000
-431  -0.035000
-430  -0.050000
-429  -0.100000
-428  -0.020000
-427  -0.105000
-426   0.005000
-425   0.030000
-424   0.000000
-423  -0.045000
-422   0.065000
-421   0.005000
-420  -0.120000
-419  -0.015000
-418  -0.005000
-417   0.015000
-416  -0.075000
-415   0.060000
-414   0.015000
-413   0.030000
-412  -0.095000
-411  -0.005000
-410  -0.150000
-409   0.055000
-408  -0.050000
-407   0.060000
-406   0.030000
-405  -0.015000
-404   0.005000
-403  -0.050000
-402  -0.005000
-401  -0.015000
-400  -0.095000
-399   0.030000
-398  -0.010000
-397  -0.010000
-396  -0.125000
-395  -0.030000
-394  -0.080000
-393   0.060000
-392   0.050000
-391  -0.035000
-390  -0.085000
-389   0.010000
-388  -0.045000
-387   0.005000
-386  -0.000000
-385   0.020000
-384  -0.055000
-383  -0.035000
-382   0.005000
-381   0.030000
-380   0.045000
-379   0.010000
-378   0.060000
-377  -0.025000
-376  -0.000000
-375  -0.030000
-374   0.035000
-373   0.030000
-372  -0.040000
-371  -0.060000
-370   0.005000
-369   0.030000
-368   0.055000
-367   0.100000
-366   0.005000
-365   0.005000
-364  -0.040000
-363  -0.125000
-362   0.005000
-361  -0.060000
-360   0.045000
-359   0.020000
-358  -0.000000
-357   0.105000
-356  -0.020000
-355  -0.025000
-354  -0.050000
-353  -0.010000
-352  -0.060000
-351   0.005000
-350   0.085000
-349   0.020000
-348   0.000000
-347   0.055000
-346  -0.030000
-345  -0.015000
-344  -0.030000
-343   0.035000
-342  -0.030000
-341   0.020000
-340  -0.060000
-339   0.075000
-338  -0.025000
-337   0.015000
-336   0.045000
-335  -0.005000
-334  -0.040000
-333  -0.020000
-332  -0.005000
-331   0.020000
-330   0.005000
-329   0.000000
-328  -0.045000
-327   0.060000
-326   0.040000
-325  -0.025000
-324   0.025000
-323   0.030000
-322   0.050000
-321   0.040000
-320  -0.020000
-319   0.045000
-318  -0.005000
-317   0.000000
-316  -0.090000
-315  -0.090000
-314  -0.030000
-313   0.015000
-312  -0.030000
-311   0.000000
-310   0.025000
-309   0.060000
-308  -0.050000
-307  -0.015000
-306  -0.015000
-305   0.035000
-304  -0.010000
-303   0.025000
-302  -0.065000
-301   0.000000
-300  -0.095000
-299  -0.090000
-298   0.010000
-297   0.020000
-296  -0.040000
-295   0.075000
-294   0.085000
-293  -0.015000
-292  -0.000000
-291  -0.065000
-290   0.075000
-289   0.025000
-288   0.020000
-287  -0.100000
-286  -0.035000
-285   0.070000
-284  -0.030000
-283   0.015000
-282   0.135000
-281  -0.050000
-280   0.020000
-279   0.030000
-278  -0.005000
-277  -0.030000
-276  -0.005000
-275   0.020000
-274  -0.010000
-273  -0.020000
-272   0.010000
-271   0.010000
-270   0.020000
-269  -0.040000
-268  -0.055000
-267   0.130000
-266   0.060000
-265   0.030000
-264  -0.080000
-263  -0.025000
-262  -0.025000
-261  -0.020000
-260   0.015000
-259  -0.115000
-258  -0.010000
-257   0.065000
-256  -0.040000
-255   0.045000
-254  -0.050000
-253   0.035000
-252   0.000000
-251  -0.060000
-250   0.035000
-249  -0.010000
-248  -0.010000
-247  -0.035000
-246  -0.055000
-245  -0.005000
-244  -0.025000
-243   0.045000
-242   0.040000
-241  -0.015000
-240  -0.025000
-239   0.050000
-238  -0.090000
-237   0.055000
-236   0.070000
-235   0.025000
-234  -0.065000
-233  -0.005000
-232  -0.040000
-231  -0.025000
-230  -0.045000
-229  -0.055000
-228  -0.060000
-227  -0.095000
-226   0.015000
-225  -0.025000
-224  -0.005000
-223  -0.060000
-222   0.040000
-221  -0.015000
-220  -0.055000
-219   0.035000
-218   0.025000
-217   0.085000
-216   0.025000
-215  -0.090000
-214   0.000000
-213   0.095000
-212   0.000000
-211  -0.075000
-210  -0.025000
-209   0.020000
-208   0.080000
-207   0.010000
-206  -0.040000
-205   0.025000
-204   0.065000
-203   0.035000
-202   0.025000
-201   0.120000
-200   0.050000
-199   0.025000
-198   0.035000
-197   0.030000
-196  -0.010000
-195   0.065000
-194  -0.125000
-193   0.010000
-192   0.070000
-191  -0.070000
-190   0.025000
-189   0.020000
-188  -0.035000
-187   0.095000
-186   0.010000
-185   0.095000
-184  -0.010000
-183  -0.030000
-182  -0.015000
-181  -0.025000
-180   0.055000
-179   0.025000
-178  -0.040000
-177   0.020000
-176   0.035000
-175  -0.065000
-174   0.005000
-173   0.000000
-172  -0.040000
-171   0.065000
-170  -0.025000
-169   0.060000
-168  -0.060000
-167  -0.120000
-166   0.095000
-165   0.035000
-164  -0.015000
-163  -0.010000
-162  -0.020000
-161  -0.005000
-160  -0.010000
-159  -0.020000
-158   0.065000
-157  -0.005000
-156   0.045000
-155   0.010000
-154  -0.060000
-153   0.030000
-152  -0.030000
-151  -0.020000
-150  -0.050000
-149  -0.000000
-148  -0.005000
-147  -0.065000
-146  -0.085000
-145  -0.015000
-144   0.000000
-143   0.035000
-142   0.030000
-141   0.065000
-140   0.125000
-139  -0.050000
-138   0.030000
-137  -0.045000
-136   0.020000
-135  -0.040000
-134   0.025000
-133  -0.000000
-132   0.065000
-131  -0.015000
-130   0.010000
-129  -0.005000
-128  -0.075000
-127   0.000000
-126   0.075000
-125   0.100000
-124   0.080000
-123   0.040000
-122   0.000000
-121  -0.030000
-120   0.060000
-119   0.040000
-118  -0.030000
-117  -0.075000
-116  -0.000000
-115  -0.005000
-114   0.045000
-113   0.025000
-112   0.005000
-111  -0.045000
-110  -0.075000
-109   0.080000
-108   0.010000
-107  -0.060000
-106   0.040000
-105  -0.065000
-104   0.065000
-103  -0.040000
-102   0.035000
-101  -0.040000
-100   0.025000
-99  -0.030000
-98   0.025000
-97   0.040000
-96   0.025000
-95   0.105000
-94   0.020000
-93   0.055000
-92   0.070000
-91  -0.065000
-90  -0.030000
-89   0.010000
-88   0.020000
-87  -0.060000
-86   0.005000
-85   0.065000
-84  -0.050000
-83   0.030000
-82  -0.010000
-81  -0.020000
-80   0.040000
-79  -0.000000
-78   0.010000
-77  -0.005000
-76  -0.005000
-75   0.060000
-74   0.025000
-73  -0.035000
-72   0.010000
-71  -0.040000
-70   0.020000
-69  -0.010000
-68  -0.035000
-67   0.000000
-66  -0.030000
-65  -0.040000
-64  -0.040000
-63   0.010000
-62  -0.010000
-61  -0.010000
-60   0.055000
-59  -0.040000
-58  -0.040000
-57  -0.020000
-56   0.005000
-55  -0.080000
-54  -0.055000
-53   0.120000
-52  -0.055000
-51  -0.025000
-50  -0.035000
-49   0.095000
-48  -0.015000
-47  -0.055000
-46   0.010000
-45  -0.040000
-44   0.020000
-43   0.070000
-42   0.010000
-41  -0.010000
-40   0.030000
-39  -0.030000
-38  -0.045000
-37   0.000000
-36  -0.020000
-35   0.095000
-34  -0.040000
-33  -0.030000
-32  -0.090000
-31  -0.070000
-30  -0.060000
-29   0.010000
-28  -0.025000
-27  -0.035000
-26   0.015000
-25  -0.000000
-24   0.020000
-23   0.005000
-22  -0.085000
-21  -0.010000
-20  -0.060000
-19  -0.055000
-18  -0.030000
-17  -0.005000
-16  -0.075000
-15  -0.020000
-14   0.050000
-13   0.035000
-12   0.010000
-11   0.000000
-10  -0.045000
-9  -0.010000
-8  -0.015000
-7  -0.040000
-6  -0.020000
-5   0.060000
-4   0.095000
-3  -0.035000
-2   0.005000
-1   0.020000
