0  -0.120000
1  -0.015000
2   0.020000
3  -0.045000
4  -0.010000
5   0.025000
6  -0.100000
7   0.000000
8  -0.015000
9   0.015000
10   0.105000
11   0.025000
12   0.030000
13   0.040000
14   0.025000
15   0.005000
16  -0.015000
17   0.035000
18   0.050000
19   0.030000
20   0.005000
21  -0.005000
22  -0.050000
23  -0.065000
24  -0.030000
25  -0.005000
26  -0.040000
27  -0.005000
28  -0.055000
29   0.035000
30   0.000000
31  -0.035000
32  -0.015000
33  -0.105000
34   0.055000
35   0.045000
36   0.015000
37   0.045000
38  -0.065000
39  -0.010000
40   0.060000
41   0.010000
42   0.040000
43  -0.045000
44  -0.055000
45  -0.010000
46  -0.010000
47  -0.020000
48  -0.005000
49  -0.005000
50  -0.055000
51  -0.025000
52   0.000000
53   0.060000
54   0.070000
55  -0.015000
56   0.045000
57  -0.025000
58   0.125000
59   0.035000
60   0.080000
61   0.030000
62  -0.005000
63   0.010000
64   0.010000
65   0.005000
66  -0.010000
67  -0.040000
68   0.015000
69   0.000000
70   0.060000
71  -0.015000
72  -0.085000
73   0.050000
74  -0.020000
75   0.060000
76  -0.070000
77  -0.035000
78  -0.080000
79  -0.035000
80  -0.065000
81   0.020000
82  -0.055000
83   0.120000
84   0.015000
85  -0.005000
86   0.040000
87  -0.035000
88   0.020000
89  -0.085000
90   0.010000
91   0.050000
92  -0.000000
93   0.070000
94  -0.040000
95  -0.015000
96  -0.035000
97  -0.065000
98  -0.015000
99   0.105000
100   0.005000
101  -0.015000
102  -0.030000
103   0.055000
104   0.045000
105  -0.040000
106   0.045000
107   0.020000
108  -0.005000
109   0.075000
110  -0.065000
111   0.110000
112   0.055000
113  -0.035000
114   0.075000
115   0.060000
116   0.005000
117  -0.055000
118  -0.030000
119   0.005000
120  -0.010000
121   0.000000
122   0.030000
123  -0.055000
124  -0.065000
125   0.025000
126  -0.010000
127  -0.095000
128   0.045000
129   0.055000
130  -0.015000
131   0.055000
132  -0.005000
133   0.005000
134  -0.025000
135   0.025000
136   0.115000
137  -0.000000
138  -0.015000
139  -0.015000
140   0.030000
141  -0.030000
142  -0.000000
143  -0.010000
144   0.000000
145  -0.005000
146   0.095000
147   0.000000
148   0.065000
149  -0.010000
150  -0.025000
151  -0.020000
152  -0.030000
153  -0.045000
154  -0.060000
155   0.010000
156   0.030000
157  -0.055000
158   0.010000
159   0.015000
160  -0.065000
161   0.030000
162   0.045000
163  -0.015000
164   0.015000
165  -0.030000
166  -0.080000
167   0.070000
168  -0.075000
169  -0.035000
170  -0.025000
171   0.050000
172   0.030000
173  -0.090000
174   0.010000
175  -0.020000
176   0.055000
177  -0.090000
178  -0.020000
179  -0.070000
180   0.070000
181   0.025000
182   0.115000
183   0.000000
184   0.005000
185  -0.040000
186  -0.085000
187   0.080000
188   0.040000
189  -0.060000
190   0.015000
191   0.010000
192  -0.000000
193   0.025000
194  -0.045000
195  -0.080000
196  -0.040000
197   0.030000
198  -0.010000
199   0.025000
200   0.050000
201   0.080000
202  -0.030000
203   0.085000
204   0.005000
205  -0.025000
206   0.000000
207   0.025000
208   0.010000
209   0.045000
210  -0.045000
211   0.030000
212   0.020000
213   0.050000
214  -0.035000
215   0.035000
216  -0.020000
217   0.005000
218   0.080000
219  -0.015000
220  -0.030000
221   0.000000
222   0.030000
223  -0.070000
224  -0.015000
225  -0.045000
226  -0.040000
227   0.000000
228   0.055000
229  -0.050000
230  -0.035000
231  -0.010000
232  -0.060000
233   0.085000
234  -0.120000
235  -0.040000
236   0.025000
237  -0.060000
238  -0.005000
239  -0.030000
240   0.015000
241   0.020000
242  -0.105000
243   0.020000
244   0.015000
245  -0.020000
246   0.030000
247   0.125000
248   0.015000
249   0.010000
250  -0.085000
251   0.060000
252   0.070000
253  -0.110000
254  -0.045000
255   0.015000
256  -0.060000
257  -0.015000
258  -0.000000
259   0.040000
260  -0.035000
261  -0.035000
262  -0.030000
263  -0.055000
264   0.025000
265   0.015000
266  -0.020000
267  -0.085000
268  -0.070000
269   0.035000
270   0.035000
271  -0.025000
272   0.055000
273  -0.060000
274   0.040000
275   0.025000
276  -0.030000
277   0.020000
278  -0.045000
279  -0.080000
280   0.040000
281   0.035000
282  -0.055000
283  -0.010000
284  -0.020000
285  -0.005000
286  -0.080000
287   0.025000
288  -0.095000
289  -0.020000
290  -0.080000
291  -0.045000
292  -0.010000
293   0.075000
294  -0.050000
295  -0.025000
296  -0.070000
297  -0.015000
298   0.035000
299  -0.065000
300  -0.035000
301   0.020000
302   0.020000
303   0.005000
304  -0.010000
305  -0.055000
306  -0.055000
307  -0.020000
308  -0.080000
309   0.070000
310   0.025000
311  -0.020000
312  -0.090000
313  -0.070000
314  -0.075000
315   0.010000
316   0.100000
317   0.095000
318  -0.040000
319   0.070000
320   0.010000
321   0.045000
322   0.030000
323   0.005000
324  -0.000000
325   0.080000
326  -0.040000
327   0.010000
328   0.050000
329  -0.040000
330  -0.020000
331  -0.090000
332  -0.095000
333   0.040000
334   0.070000
335  -0.175000
336  -0.000000
337  -0.020000
338  -0.015000
339  -0.055000
340  -0.070000
341   0.075000
342  -0.050000
343  -0.015000
344  -0.085000
345  -0.035000
346   0.060000
347   0.080000
348   0.085000
349  -0.150000
350  -0.080000
351   0.010000
352  -0.025000
353   0.125000
354  -0.050000
355   0.035000
356  -0.005000
357  -0.090000
358  -0.045000
359  -0.060000
360   0.010000
361   0.060000
362  -0.015000
363  -0.025000
364  -0.045000
365  -0.030000
366  -0.025000
367   0.035000
368   0.080000
369   0.025000
370  -0.005000
371   0.010000
372   0.015000
373   0.000000
374   0.015000
375   0.060000
376   0.045000
377   0.050000
378   0.050000
379   0.010000
380  -0.030000
381   0.090000
382   0.090000
383   0.045000
384  -0.050000
385   0.010000
386  -0.060000
387   0.025000
388  -0.025000
389   0.020000
390  -0.080000
391  -0.010000
392   0.050000
393   0.035000
394   0.035000
395  -0.155000
396  -0.045000
397   0.030000
398   0.010000
399  -0.030000
400  -0.040000
401   0.065000
402   0.005000
403   0.035000
404   0.040000
405   0.040000
406  -0.025000
407  -0.050000
408  -0.060000
409  -0.000000
410  -0.045000
411  -0.070000
412   0.025000
413   0.005000
414  -0.020000
415  -0.005000
416   0.000000
417   0.050000
418  -0.050000
419   0.015000
420  -0.015000
421   0.030000
422   0.040000
423  -0.075000
424   0.070000
425  -0.045000
426  -0.105000
427   0.040000
428   0.010000
429   0.025000
430   0.000000
431   0.005000
432   0.085000
433  -0.090000
434  -0.005000
435  -0.000000
436  -0.030000
437  -0.085000
438  -0.020000
439   0.030000
440  -0.035000
441  -0.045000
442  -0.015000
443  -0.050000
444  -0.090000
445  -0.050000
446   0.005000
447   0.025000
448   0.040000
449  -0.055000
450  -0.045000
451   0.005000
452  -0.010000
453  -0.115000
454  -0.015000
455   0.055000
456  -0.045000
457  -0.015000
458  -0.050000
459   0.080000
460   0.025000
461   0.020000
462   0.020000
463   0.120000
464   0.160000
465   0.030000
466  -0.065000
467  -0.005000
468   0.040000
469   0.010000
470  -0.000000
471  -0.080000
472   0.060000
473  -0.015000
474   0.040000
475   0.035000
476   0.075000
477  -0.120000
478   0.015000
479   0.015000
480   0.070000
481   0.065000
482   0.035000
483  -0.015000
484  -0.055000
485  -0.005000
486  -0.035000
487  -0.010000
488   0.025000
489  -0.030000
490  -0.075000
491   0.105000
492   0.035000
493  -0.050000
494   0.110000
495   0.020000
496   0.020000
497  -0.020000
498   0.065000
499   0.050000
500  -0.035000
-499  -0.010000
-498   0.005000
-497  -0.040000
-496   0.045000
-495  -0.015000
-494  -0.030000
-493   0.060000
-492  -0.060000
-491   0.010000
-490  -0.130000
-489   0.040000
-488   0.060000
-487  -0.020000
-486  -0.020000
-485   0.010000
-484   0.020000
-483   0.020000
-482  -0.080000
-481   0.070000
-480   0.000000
-479  -0.040000
-478  -0.040000
-477  -0.035000
-476  -0.105000
-475   0.005000
-474   0.000000
-473   0.015000
-472  -0.030000
-471  -0.020000
-470   0.015000
-469   0.060000
-468  -0.055000
-467   0.005000
-466   0.115000
-465   0.040000
-464   0.040000
-463  -0.030000
-462  -0.015000
-461   0.045000
-460   0.020000
-459   0.030000
-458   0.010000
-457  -0.065000
-456  -0.065000
-455   0.080000
-454   0.050000
-453  -0.005000
-452   0.050000
-451  -0.045000
-450   0.040000
-449  -0.055000
-448   0.085000
-447   0.085000
-446  -0.050000
-445   0.025000
-444  -0.065000
-443   0.000000
-442   0.020000
-441   0.055000
-440  -0.060000
-439   0.010000
-438  -0.080000
-437  -0.025000
-436   0.070000
-435  -0.070000
-434   0.020000
-433  -0.060000
-432  -0.020000
-431  -0.010000
-430   0.090000
-429  -0.075000
-428  -0.015000
-427  -0.025000
-426   0.045000
-425   0.010000
-424   0.055000
-423   0.025000
-422   0.030000
-421  -0.005000
-420   0.030000
-419  -0.015000
-418   0.055000
-417   0.065000
-416   0.075000
-415   0.040000
-414   0.005000
-413  -0.065000
-412   0.065000
-411   0.085000
-410  -0.065000
-409   0.065000
-408   0.025000
-407  -0.010000
-406  -0.005000
-405   0.020000
-404  -0.025000
-403   0.105000
-402   0.045000
-401   0.050000
-400  -0.045000
-399   0.085000
-398   0.005000
-397  -0.040000
-396   0.010000
-395   0.065000
-394   0.040000
-393   0.025000
-392   0.070000
-391  -0.010000
-390   0.070000
-389  -0.090000
-388   0.005000
-387  -0.025000
-386  -0.020000
-385   0.000000
-384  -0.020000
-383  -0.060000
-382   0.035000
-381   0.030000
-380   0.025000
-379   0.065000
-378   0.035000
-377   0.055000
-376   0.020000
-375   0.055000
-374   0.040000
-373  -0.015000
-372  -0.100000
-371   0.070000
-370   0.020000
-369  -0.015000
-368   0.045000
-367  -0.015000
-366  -0.030000
-365  -0.030000
-364  -0.020000
-363  -0.040000
-362   0.030000
-361  -0.060000
-360  -0.035000
-359  -0.010000
-358   0.085000
-357  -0.005000
-356  -0.015000
-355   0.040000
-354   0.030000
-353   0.035000
-352  -0.000000
-351   0.045000
-350  -0.050000
-349  -0.075000
-348   0.045000
-347   0.025000
-346   0.020000
-345   0.025000
-344  -0.055000
-343   0.010000
-342  -0.060000
-341   0.040000
-340  -0.015000
-339   0.070000
-338   0.075000
-337  -0.005000
-336   0.055000
-335  -0.040000
-334  -0.045000
-333  -0.080000
-332  -0.040000
-331  -0.130000
-330  -0.050000
-329   0.020000
-328   0.015000
-327   0.035000
-326  -0.040000
-325  -0.015000
-324   0.055000
-323   0.065000
-322  -0.055000
-321  -0.025000
-320  -0.005000
-319   0.025000
-318  -0.040000
-317  -0.020000
-316   0.030000
-315   0.025000
-314  -0.025000
-313  -0.020000
-312   0.050000
-311  -0.020000
-310   0.015000
-309   0.035000
-308  -0.065000
-307  -0.015000
-306   0.095000
-305  -0.030000
-304   0.100000
-303  -0.030000
-302   0.035000
-301   0.075000
-300   0.015000
-299  -0.030000
-298  -0.065000
-297   0.045000
-296  -0.055000
-295  -0.070000
-294   0.025000
-293   0.075000
-292   0.045000
-291  -0.110000
-290  -0.030000
-289   0.045000
-288  -0.020000
-287  -0.020000
-286   0.060000
-285  -0.035000
-284  -0.145000
-283  -0.015000
-282   0.065000
-281   0.065000
-280  -0.075000
-279   0.085000
-278  -0.045000
-277  -0.095000
-276  -0.010000
-275   0.020000
-274  -0.055000
-273  -0.010000
-272   0.085000
-271   0.065000
-270  -0.030000
-269  -0.060000
-268   0.030000
-267   0.015000
-266   0.030000
-265   0.025000
-264  -0.035000
-263   0.100000
-262   0.035000
-261   0.010000
-260  -0.005000
-259  -0.040000
-258   0.030000
-257   0.085000
-256   0.030000
-255   0.100000
-254   0.030000
-253  -0.045000
-252  -0.055000
-251   0.035000
-250  -0.045000
-249   0.105000
-248   0.020000
-247   0.040000
-246   0.040000
-245  -0.025000
-244   0.140000
-243  -0.000000
-242   0.070000
-241  -0.020000
-240   0.005000
-239   0.005000
-238   0.020000
-237  -0.065000
-236   0.110000
-235  -0.150000
-234  -0.025000
-233   0.025000
-232   0.045000
-231  -0.030000
-230  -0.035000
-229   0.045000
-228   0.070000
-227   0.005000
-226   0.000000
-225  -0.025000
-224   0.005000
-223   0.060000
-222  -0.025000
-221  -0.015000
-220  -0.020000
-219   0.045000
-218  -0.055000
-217  -0.010000
-216  -0.045000
-215   0.025000
-214  -0.060000
-213  -0.005000
-212   0.030000
-211  -0.070000
-210   0.070000
-209   0.085000
-208  -0.005000
-207   0.035000
-206  -0.005000
-205  -0.055000
-204  -0.050000
-203   0.015000
-202  -0.100000
-201   0.070000
-200   0.005000
-199   0.010000
-198  -0.035000
-197   0.050000
-196   0.020000
-195  -0.075000
-194  -0.060000
-193   0.115000
-192  -0.065000
-191  -0.100000
-190  -0.010000
-189  -0.010000
-188   0.050000
-187   0.135000
-186  -0.040000
-185   0.080000
-184  -0.030000
-183   0.010000
-182  -0.090000
-181   0.080000
-180   0.050000
-179  -0.035000
-178  -0.035000
-177   0.010000
-176   0.015000
-175   0.020000
-174  -0.010000
-173   0.060000
-172  -0.065000
-171  -0.010000
-170  -0.080000
-169  -0.025000
-168  -0.035000
-167  -0.015000
-166   0.005000
-165  -0.070000
-164  -0.030000
-163  -0.040000
-162  -0.005000
-161   0.045000
-160  -0.025000
-159   0.040000
-158   0.020000
-157  -0.020000
-156   0.035000
-155  -0.010000
-154  -0.005000
-153   0.035000
-152  -0.005000
-151  -0.025000
-150  -0.035000
-149   0.005000
-148  -0.025000
-147   0.090000
-146  -0.005000
-145   0.035000
-144   0.015000
-143  -0.050000
-142  -0.060000
-141  -0.110000
-140  -0.025000
-139  -0.055000
-138  -0.055000
-137   0.045000
-136   0.045000
-135  -0.030000
-134   0.015000
-133   0.005000
-132   0.015000
-131  -0.010000
-130   0.065000
-129   0.025000
-128   0.010000
-127  -0.045000
-126  -0.020000
-125   0.090000
-124   0.115000
-123   0.055000
-122  -0.010000
-121   0.065000
-120  -0.110000
-119   0.050000
-118  -0.025000
-117  -0.045000
-116   0.060000
-115  -0.080000
-114  -0.030000
-113   0.060000
-112  -0.085000
-111   0.050000
-110  -0.090000
-109   0.065000
-108  -0.010000
-107  -0.035000
-106  -0.085000
-105  -0.010000
-104   0.080000
-103  -0.105000
-102  -0.050000
-101   0.030000
-100  -0.000000
-99   0.025000
-98  -0.050000
-97   0.035000
-96  -0.035000
-95   0.065000
-94   0.130000
-93   0.005000
-92  -0.005000
-91  -0.030000
-90  -0.090000
-89  -0.040000
-88  -0.010000
-87   0.055000
-86   0.035000
-85   0.015000
-84  -0.010000
-83  -0.035000
-82  -0.055000
-81   0.010000
-80  -0.040000
-79  -0.070000
-78  -0.060000
-77   0.015000
-76   0.045000
-75  -0.030000
-74   0.035000
-73   0.015000
-72   0.010000
-71  -0.010000
-70   0.065000
-69   0.010000
-68   0.055000
-67   0.040000
-66  -0.015000
-65  -0.090000
-64   0.010000
-63  -0.035000
-62   0.040000
-61  -0.130000
-60   0.040000
-59   0.010000
-58  -0.060000
-57  -0.045000
-56  -0.015000
-55   0.025000
-54   0.035000
-53  -0.020000
-52   0.030000
-51  -0.005000
-50   0.040000
-49   0.035000
-48  -0.025000
-47   0.045000
-46   0.045000
-45   0.030000
-44  -0.040000
-43   0.015000
-42   0.060000
-41   0.025000
-40  -0.100000
-39  -0.010000
-38   0.000000
-37   0.120000
-36   0.010000
-35   0.020000
-34   0.045000
-33   0.015000
-32   0.005000
-31   0.020000
-30  -0.090000
-29  -0.025000
-28  -0.035000
-27  -0.025000
-26   0.015000
-25   0.065000
-24  -0.090000
-23  -0.020000
-22  -0.005000
-21  -0.025000
-20  -0.030000
-19   0.035000
-18   0.020000
-17   0.015000
-16   0.000000
-15  -0.035000
-14   0.030000
-13  -0.015000
-12   0.005000
-11  -0.025000
-10   0.115000
-9  -0.035000
-8   0.030000
-7  -0.105000
-6  -0.090000
-5  -0.030000
-4  -0.005000
-3  -0.040000
-2  -0.055000
-1  -0.005000
