0  -0.040000
1  -0.010000
2  -0.035000
3   0.030000
4  -0.015000
5  -0.105000
6   0.040000
7  -0.150000
8  -0.020000
9   0.000000
10   0.005000
11   0.020000
12   0.100000
13  -0.025000
14  -0.015000
15  -0.005000
16   0.080000
17   0.105000
18  -0.055000
19  -0.070000
20  -0.090000
21   0.075000
22   0.000000
23  -0.110000
24   0.010000
25  -0.040000
26   0.000000
27   0.010000
28   0.035000
29  -0.065000
30   0.025000
31  -0.085000
32  -0.055000
33  -0.110000
34   0.010000
35  -0.045000
36   0.050000
37  -0.085000
38  -0.055000
39   0.065000
40   0.020000
41   0.075000
42  -0.095000
43   0.010000
44  -0.020000
45   0.055000
46  -0.010000
47   0.045000
48  -0.005000
49   0.065000
50   0.005000
51  -0.015000
52  -0.005000
53   0.025000
54  -0.010000
55   0.035000
56   0.035000
57   0.005000
58   0.020000
59  -0.025000
60  -0.030000
61   0.005000
62  -0.025000
63  -0.005000
64  -0.045000
65  -0.010000
66  -0.110000
67  -0.010000
68   0.010000
69  -0.045000
70   0.035000
71   0.070000
72  -0.060000
73  -0.035000
74   0.030000
75   0.010000
76  -0.045000
77  -0.005000
78   0.075000
79  -0.040000
80  -0.040000
81   0.070000
82   0.010000
83   0.025000
84   0.025000
85  -0.045000
86   0.045000
87  -0.085000
88   0.040000
89  -0.045000
90   0.045000
91  -0.090000
92  -0.085000
93  -0.095000
94   0.060000
95  -0.040000
96   0.005000
97   0.045000
98   0.010000
99   0.035000
100  -0.005000
101   0.050000
102   0.015000
103  -0.015000
104   0.035000
105  -0.005000
106   0.020000
107  -0.050000
108   0.030000
109   0.000000
110   0.065000
111   0.010000
112   0.015000
113  -0.025000
114   0.035000
115   0.040000
116  -0.055000
117   0.085000
118   0.005000
119   0.090000
120  -0.085000
121   0.025000
122   0.100000
123  -0.020000
124   0.000000
125  -0.075000
126  -0.030000
127  -0.015000
128   0.115000
129   0.060000
130  -0.045000
131   0.020000
132  -0.020000
133  -0.015000
134   0.035000
135  -0.020000
136   0.005000
137  -0.015000
138   0.030000
139  -0.010000
140  -0.000000
141   0.025000
142   0.060000
143   0.020000
144  -0.005000
145   0.040000
146  -0.060000
147   0.075000
148   0.020000
149  -0.030000
150  -0.015000
151  -0.000000
152   0.040000
153   0.075000
154  -0.025000
155  -0.050000
156  -0.065000
157  -0.010000
158  -0.010000
159   0.030000
160   0.060000
161   0.015000
162  -0.005000
163   0.005000
164  -0.075000
165  -0.030000
166  -0.020000
167   0.015000
168  -0.000000
169  -0.130000
170  -0.080000
171  -0.055000
172   0.040000
173   0.030000
174  -0.050000
175   0.045000
176   0.060000
177  -0.000000
178   0.080000
179   0.000000
180  -0.045000
181  -0.030000
182   0.025000
183   0.005000
184   0.015000
185  -0.045000
186   0.020000
187  -0.105000
188   0.060000
189  -0.070000
190   0.065000
191   0.040000
192   0.000000
193  -0.015000
194  -0.020000
195  -0.020000
196   0.005000
197  -0.065000
198  -0.005000
199  -0.140000
200   0.015000
201   0.035000
202  -0.065000
203   0.050000
204  -0.010000
205  -0.010000
206  -0.030000
207   0.000000
208  -0.010000
209   0.055000
210  -0.005000
211  -0.015000
212   0.035000
213  -0.020000
214   0.070000
215   0.025000
216  -0.000000
217   0.075000
218  -0.015000
219   0.050000
220   0.020000
221  -0.010000
222  -0.020000
223  -0.005000
224   0.000000
225   0.005000
226   0.015000
227   0.070000
228   0.080000
229   0.020000
230  -0.075000
231  -0.005000
232  -0.055000
233   0.100000
234   0.035000
235  -0.105000
236  -0.010000
237   0.100000
238   0.025000
239  -0.030000
240   0.065000
241  -0.015000
242   0.005000
243  -0.055000
244  -0.045000
245  -0.010000
246  -0.060000
247  -0.005000
248   0.060000
249  -0.025000
250  -0.040000
251  -0.010000
252   0.005000
253   0.050000
254   0.055000
255   0.005000
256  -0.040000
257   0.055000
258  -0.025000
259   0.000000
260  -0.055000
261  -0.010000
262  -0.015000
263   0.045000
264   0.015000
265   0.005000
266   0.005000
267  -0.015000
268  -0.065000
269   0.045000
270   0.005000
271   0.065000
272  -0.095000
273  -0.015000
274  -0.030000
275  -0.015000
276   0.085000
277  -0.100000
278   0.040000
279   0.045000
280  -0.030000
281   0.015000
282   0.020000
283  -0.065000
284   0.075000
285  -0.065000
286   0.095000
287  -0.005000
288   0.005000
289  -0.045000
290  -0.065000
291  -0.015000
292  -0.060000
293  -0.005000
294  -0.030000
295   0.010000
296  -0.085000
297  -0.020000
298   0.040000
299  -0.015000
300   0.005000
301  -0.035000
302  -0.030000
303   0.080000
304  -0.090000
305   0.035000
306  -0.050000
307  -0.045000
308   0.090000
309   0.030000
310  -0.010000
311   0.000000
312  -0.125000
313  -0.020000
314   0.090000
315  -0.005000
316  -0.085000
317   0.020000
318   0.000000
319   0.040000
320   0.040000
321   0.010000
322   0.035000
323  -0.015000
324   0.005000
325   0.040000
326   0.040000
327   0.010000
328  -0.005000
329  -0.065000
330  -0.005000
331   0.095000
332   0.040000
333  -0.030000
334   0.025000
335  -0.050000
336   0.005000
337  -0.050000
338  -0.005000
339  -0.040000
340   0.005000
341  -0.010000
342   0.045000
343   0.015000
344  -0.070000
345  -0.095000
346   0.035000
347  -0.095000
348  -0.075000
349   0.060000
350   0.010000
351  -0.055000
352   0.055000
353   0.055000
354   0.025000
355   0.010000
356  -0.125000
357   0.020000
358  -0.010000
359   0.065000
360  -0.080000
361  -0.020000
362   0.060000
363   0.035000
364   0.030000
365   0.000000
366  -0.020000
367   0.015000
368  -0.030000
369  -0.090000
370   0.070000
371  -0.025000
372   0.010000
373  -0.030000
374  -0.055000
375  -0.015000
376   0.060000
377   0.035000
378   0.035000
379   0.005000
380  -0.050000
381   0.065000
382   0.005000
383   0.030000
384  -0.000000
385  -0.045000
386   0.015000
387  -0.030000
388   0.030000
389  -0.095000
390  -0.110000
391   0.005000
392   0.000000
393  -0.030000
394   0.065000
395  -0.015000
396   0.045000
397   0.020000
398   0.005000
399  -0.010000
400  -0.025000
401  -0.010000
402   0.010000
403  -0.060000
404   0.010000
405   0.095000
406   0.080000
407  -0.035000
408  -0.020000
409  -0.045000
410   0.035000
411  -0.030000
412   0.105000
413   0.030000
414  -0.005000
415  -0.015000
416  -0.040000
417   0.050000
418   0.045000
419  -0.095000
420  -0.060000
421  -0.040000
422   0.015000
423   0.055000
424   0.015000
425   0.000000
426  -0.010000
427   0.025000
428   0.035000
429   0.050000
430   0.095000
431  -0.055000
432   0.055000
433  -0.035000
434   0.040000
435  -0.065000
436  -0.080000
437  -0.010000
438  -0.035000
439  -0.050000
440   0.025000
441  -0.015000
442  -0.015000
443  -0.010000
444   0.075000
445  -0.065000
446  -0.005000
447  -0.000000
448   0.070000
449   0.085000
450   0.005000
451  -0.060000
452  -0.045000
453   0.010000
454  -0.005000
455  -0.030000
456  -0.035000
457  -0.015000
458  -0.005000
459  -0.060000
460   0.025000
461  -0.050000
462  -0.055000
463   0.005000
464   0.040000
465   0.025000
466  -0.020000
467   0.045000
468   0.035000
469  -0.005000
470  -0.010000
471  -0.000000
472   0.075000
473   0.060000
474  -0.060000
475   0.030000
476  -0.060000
477   0.015000
478   0.000000
479  -0.010000
480   0.015000
481  -0.040000
482  -0.075000
483   0.040000
484   0.060000
485  -0.030000
486  -0.065000
487  -0.075000
488  -0.055000
489   0.000000
490   0.025000
491   0.090000
492   0.135000
493  -0.000000
494  -0.070000
495   0.010000
496  -0.035000
497  -0.015000
498  -0.055000
499  -0.000000
500   0.060000
-499  -0.010000
-498   0.025000
-497  -0.005000
-496   0.005000
-495  -0.010000
-494  -0.080000
-493  -0.020000
-492  -0.040000
-491  -0.085000
-490   0.100000
-489  -0.070000
-488   0.025000
-487  -0.025000
-486  -0.045000
-485   0.055000
-484   0.050000
-483  -0.005000
-482  -0.060000
-481  -0.080000
-480  -0.030000
-479   0.040000
-478  -0.115000
-477   0.035000
-476   0.010000
-475  -0.070000
-474   0.055000
-473  -0.040000
-472  -0.075000
-471   0.000000
-470   0.015000
-469   0.065000
-468  -0.030000
-467  -0.045000
-466  -0.020000
-465   0.030000
-464  -0.025000
-463  -0.095000
-462  -0.025000
-461  -0.000000
-460  -0.000000
-459  -0.005000
-458  -0.010000
-457   0.010000
-456  -0.025000
-455   0.000000
-454  -0.060000
-453   0.000000
-452   0.005000
-451   0.005000
-450   0.035000
-449   0.115000
-448  -0.035000
-447   0.040000
-446   0.025000
-445  -0.010000
-444  -0.015000
-443   0.070000
-442  -0.035000
-441   0.085000
-440   0.025000
-439   0.000000
-438  -0.005000
-437  -0.040000
-436  -0.005000
-435  -0.015000
-434   0.040000
-433   0.035000
-432  -0.055000
-431  -0.025000
-430   0.025000
-429   0.015000
-428   0.020000
-427   0.045000
-426   0.060000
-425  -0.040000
-424  -0.025000
-423  -0.065000
-422   0.045000
-421   0.015000
-420  -0.070000
-419  -0.055000
-418   0.005000
-417  -0.050000
-416   0.095000
-415   0.035000
-414   0.035000
-413   0.050000
-412   0.020000
-411   0.020000
-410  -0.090000
-409  -0.030000
-408   0.055000
-407  -0.005000
-406  -0.010000
-405   0.025000
-404  -0.015000
-403  -0.030000
-402  -0.030000
-401  -0.030000
-400  -0.010000
-399  -0.005000
-398  -0.030000
-397   0.055000
-396   0.015000
-395   0.000000
-394   0.045000
-393  -0.055000
-392   0.010000
-391   0.055000
-390  -0.080000
-389   0.070000
-388  -0.025000
-387   0.010000
-386   0.005000
-385   0.005000
-384   0.045000
-383   0.020000
-382  -0.065000
-381  -0.025000
-380   0.050000
-379  -0.075000
-378  -0.115000
-377  -0.055000
-376   0.025000
-375   0.005000
-374  -0.025000
-373   0.010000
-372   0.025000
-371  -0.035000
-370  -0.040000
-369   0.045000
-368   0.045000
-367  -0.025000
-366   0.110000
-365   0.010000
-364  -0.040000
-363  -0.045000
-362  -0.005000
-361  -0.005000
-360  -0.005000
-359   0.075000
-358   0.000000
-357   0.075000
-356  -0.035000
-355  -0.010000
-354  -0.055000
-353  -0.150000
-352  -0.060000
-351  -0.020000
-350  -0.045000
-349  -0.015000
-348   0.055000
-347   0.005000
-346   0.030000
-345  -0.005000
-344   0.070000
-343  -0.105000
-342   0.050000
-341  -0.015000
-340   0.050000
-339  -0.005000
-338   0.030000
-337  -0.045000
-336  -0.100000
-335  -0.035000
-334   0.050000
-333   0.045000
-332  -0.070000
-331  -0.080000
-330   0.025000
-329  -0.005000
-328  -0.045000
-327   0.015000
-326   0.050000
-325  -0.060000
-324  -0.060000
-323   0.075000
-322   0.070000
-321   0.000000
-320   0.035000
-319  -0.030000
-318   0.015000
-317   0.040000
-316  -0.040000
-315   0.015000
-314  -0.055000
-313   0.010000
-312  -0.040000
-311   0.010000
-310  -0.050000
-309  -0.015000
-308  -0.060000
-307   0.025000
-306  -0.035000
-305   0.010000
-304   0.045000
-303  -0.135000
-302  -0.030000
-301  -0.055000
-300  -0.075000
-299   0.050000
-298  -0.025000
-297   0.035000
-296   0.010000
-295  -0.030000
-294   0.030000
-293  -0.080000
-292  -0.050000
-291   0.020000
-290  -0.030000
-289   0.035000
-288  -0.010000
-287   0.045000
-286   0.025000
-285  -0.010000
-284   0.080000
-283   0.060000
-282  -0.030000
-281   0.020000
-280  -0.035000
-279   0.055000
-278   0.010000
-277   0.030000
-276   0.025000
-275  -0.015000
-274   0.020000
-273   0.050000
-272  -0.020000
-271   0.070000
-270  -0.085000
-269   0.035000
-268  -0.010000
-267  -0.110000
-266   0.005000
-265   0.000000
-264  -0.060000
-263  -0.020000
-262   0.065000
-261  -0.060000
-260  -0.005000
-259  -0.080000
-258   0.080000
-257   0.050000
-256  -0.005000
-255  -0.080000
-254  -0.030000
-253  -0.045000
-252  -0.010000
-251  -0.075000
-250   0.080000
-249   0.020000
-248  -0.030000
-247   0.045000
-246   0.015000
-245   0.060000
-244  -0.085000
-243  -0.020000
-242   0.000000
-241   0.055000
-240   0.030000
-239  -0.090000
-238  -0.075000
-237   0.070000
-236  -0.050000
-235  -0.015000
-234   0.000000
-233  -0.030000
-232  -0.030000
-231   0.010000
-230  -0.020000
-229   0.030000
-228   0.000000
-227  -0.105000
-226   0.070000
-225   0.070000
-224   0.050000
-223   0.025000
-222  -0.015000
-221  -0.125000
-220   0.005000
-219  -0.010000
-218   0.005000
-217   0.050000
-216  -0.035000
-215  -0.060000
-214  -0.020000
-213  -0.060000
-212   0.050000
-211  -0.045000
-210   0.025000
-209   0.035000
-208  -0.020000
-207  -0.095000
-206   0.025000
-205  -0.010000
-204   0.075000
-203  -0.005000
-202  -0.090000
-201   0.065000
-200   0.085000
-199   0.040000
-198  -0.015000
-197   0.060000
-196  -0.010000
-195  -0.025000
-194   0.040000
-193  -0.055000
-192   0.060000
-191  -0.025000
-190   0.080000
-189  -0.090000
-188  -0.020000
-187   0.020000
-186  -0.020000
-185  -0.025000
-184  -0.015000
-183  -0.040000
-182   0.045000
-181  -0.035000
-180  -0.060000
-179  -0.080000
-178  -0.050000
-177  -0.010000
-176   0.010000
-175   0.030000
-174  -0.020000
-173   0.035000
-172  -0.015000
-171  -0.035000
-170   0.120000
-169   0.000000
-168   0.035000
-167   0.190000
-166  -0.065000
-165   0.010000
-164   0.035000
-163  -0.055000
-162   0.035000
-161  -0.125000
-160   0.070000
-159   0.030000
-158  -0.005000
-157   0.000000
-156  -0.025000
-155  -0.010000
-154   0.000000
-153  -0.070000
-152  -0.065000
-151   0.000000
-150  -0.040000
-149   0.025000
-148   0.020000
-147   0.045000
-146  -0.025000
-145   0.025000
-144   0.105000
-143  -0.070000
-142   0.020000
-141  -0.105000
-140   0.030000
-139  -0.030000
-138  -0.020000
-137   0.005000
-136   0.010000
-135  -0.010000
-134  -0.035000
-133   0.020000
-132   0.025000
-131  -0.015000
-130  -0.065000
-129   0.075000
-128  -0.020000
-127  -0.010000
-126   0.110000
-125  -0.100000
-124   0.045000
-123  -0.065000
-122   0.005000
-121   0.035000
-120   0.055000
-119   0.070000
-118  -0.115000
-117   0.050000
-116   0.015000
-115  -0.030000
-114   0.070000
-113  -0.050000
-112   0.015000
-111   0.035000
-110   0.035000
-109   0.055000
-108   0.040000
-107   0.015000
-106  -0.020000
-105  -0.030000
-104  -0.005000
-103   0.030000
-102   0.015000
-101   0.080000
-100  -0.030000
-99   0.005000
-98  -0.005000
-97  -0.085000
-96  -0.100000
-95  -0.065000
-94  -0.090000
-93   0.015000
-92   0.015000
-91   0.060000
-90  -0.045000
-89  -0.015000
-88  -0.035000
-87   0.010000
-86   0.035000
-85   0.015000
-84   0.035000
-83   0.035000
-82  -0.035000
-81   0.010000
-80  -0.020000
-79   0.030000
-78  -0.025000
-77  -0.065000
-76  -0.045000
-75  -0.070000
-74   0.050000
-73  -0.040000
-72  -0.020000
-71  -0.010000
-70  -0.075000
-69   0.060000
-68   0.025000
-67  -0.025000
-66  -0.040000
-65   0.065000
-64   0.045000
-63  -0.030000
-62  -0.025000
-61  -0.055000
-60   0.015000
-59  -0.035000
-58   0.010000
-57  -0.035000
-56  -0.040000
-55  -0.005000
-54   0.050000
-53  -0.030000
-52   0.055000
-51  -0.050000
-50  -0.035000
-49   0.000000
-48   0.025000
-47  -0.005000
-46  -0.015000
-45  -0.010000
-44  -0.060000
-43   0.030000
-42   0.000000
-41  -0.035000
-40  -0.030000
-39   0.015000
-38   0.075000
-37  -0.075000
-36  -0.000000
-35   0.080000
-34  -0.025000
-33  -0.005000
-32   0.045000
-31  -0.030000
-30  -0.015000
-29  -0.015000
-28  -0.080000
-27   0.070000
-26  -0.120000
-25  -0.015000
-24  -0.080000
-23   0.105000
-22  -0.055000
-21  -0.085000
-20   0.005000
-19   0.035000
-18   0.020000
-17  -0.050000
-16  -0.050000
-15  -0.005000
-14   0.055000
-13   0.025000
-12   0.065000
-11   0.000000
-10  -0.075000
-9   0.005000
-8  -0.110000
-7  -0.030000
-6  -0.000000
-5  -0.010000
-4  -0.035000
-3   0.055000
-2   0.010000
-1   0.050000
