0   0.025000
1   0.030000
2   0.015000
3   0.005000
4   0.010000
5   0.025000
6  -0.055000
7  -0.115000
8  -0.115000
9  -0.040000
10   0.030000
11   0.005000
12  -0.050000
13   0.005000
14  -0.020000
15   0.025000
16   0.040000
17   0.030000
18   0.085000
19  -0.010000
20  -0.030000
21  -0.075000
22   0.005000
23  -0.045000
24   0.035000
25   0.055000
26   0.055000
27  -0.105000
28  -0.035000
29  -0.050000
30   0.080000
31   0.030000
32  -0.025000
33   0.010000
34  -0.135000
35  -0.030000
36  -0.000000
37   0.005000
38   0.105000
39  -0.055000
40  -0.055000
41   0.070000
42  -0.030000
43  -0.015000
44   0.030000
45  -0.060000
46  -0.035000
47   0.035000
48  -0.075000
49  -0.045000
50   0.010000
51  -0.105000
52   0.090000
53  -0.005000
54  -0.050000
55  -0.050000
56  -0.030000
57  -0.010000
58  -0.085000
59   0.045000
60   0.025000
61  -0.045000
62  -0.025000
63  -0.055000
64  -0.015000
65   0.065000
66   0.035000
67  -0.090000
68  -0.040000
69   0.005000
70   0.025000
71   0.005000
72  -0.000000
73  -0.040000
74   0.015000
75  -0.120000
76  -0.020000
77   0.010000
78  -0.025000
79   0.035000
80   0.060000
81  -0.000000
82  -0.040000
83  -0.025000
84  -0.090000
85   0.040000
86   0.040000
87   0.010000
88  -0.015000
89  -0.015000
90  -0.025000
91  -0.025000
92  -0.030000
93   0.030000
94   0.030000
95  -0.025000
96  -0.080000
97  -0.025000
98  -0.010000
99  -0.055000
100  -0.045000
101  -0.005000
102  -0.055000
103  -0.025000
104   0.025000
105  -0.060000
106  -0.030000
107  -0.110000
108   0.065000
109  -0.040000
110  -0.025000
111  -0.070000
112   0.045000
113  -0.030000
114   0.055000
115  -0.100000
116  -0.035000
117  -0.040000
118  -0.115000
119   0.015000
120   0.000000
121   0.005000
122  -0.000000
123  -0.050000
124   0.030000
125  -0.015000
126  -0.000000
127   0.090000
128   0.020000
129  -0.045000
130   0.090000
131  -0.010000
132  -0.010000
133  -0.045000
134   0.000000
135  -0.070000
136  -0.025000
137   0.025000
138   0.010000
139   0.060000
140  -0.040000
141   0.045000
142  -0.075000
143   0.005000
144  -0.030000
145   0.010000
146  -0.015000
147   0.025000
148  -0.035000
149   0.010000
150  -0.005000
151   0.035000
152   0.065000
153  -0.030000
154  -0.040000
155  -0.020000
156   0.000000
157  -0.105000
158   0.025000
159   0.065000
160  -0.015000
161   0.000000
162   0.045000
163   0.010000
164   0.005000
165   0.080000
166   0.065000
167  -0.005000
168  -0.025000
169   0.025000
170   0.065000
171   0.060000
172  -0.055000
173  -0.030000
174   0.050000
175  -0.040000
176   0.005000
177  -0.050000
178  -0.055000
179   0.040000
180   0.010000
181  -0.080000
182   0.020000
183  -0.025000
184  -0.035000
185   0.030000
186  -0.065000
187   0.005000
188   0.070000
189  -0.050000
190  -0.110000
191   0.040000
192   0.065000
193  -0.055000
194  -0.080000
195   0.015000
196  -0.020000
197  -0.030000
198  -0.030000
199   0.015000
200  -0.025000
201  -0.030000
202   0.015000
203   0.030000
204  -0.015000
205   0.015000
206   0.110000
207   0.010000
208   0.100000
209  -0.055000
210  -0.050000
211   0.085000
212   0.000000
213   0.040000
214  -0.005000
215  -0.030000
216  -0.045000
217   0.035000
218   0.005000
219   0.065000
220   0.005000
221  -0.015000
222   0.000000
223  -0.025000
224  -0.020000
225   0.045000
226  -0.045000
227   0.130000
228   0.045000
229   0.070000
230   0.005000
231  -0.055000
232  -0.015000
233   0.025000
234   0.010000
235   0.040000
236   0.110000
237   0.085000
238   0.060000
239   0.010000
240   0.010000
241   0.035000
242   0.085000
243  -0.020000
244  -0.020000
245  -0.130000
246  -0.055000
247  -0.065000
248   0.095000
249  -0.070000
250  -0.080000
251  -0.010000
252   0.010000
253   0.065000
254  -0.015000
255  -0.045000
256   0.035000
257  -0.015000
258  -0.090000
259   0.010000
260   0.080000
261   0.075000
262  -0.025000
263   0.030000
264  -0.055000
265  -0.015000
266  -0.035000
267  -0.020000
268  -0.010000
269   0.045000
270  -0.005000
271   0.050000
272  -0.015000
273   0.040000
274   0.040000
275   0.005000
276  -0.055000
277   0.035000
278   0.040000
279   0.055000
280   0.005000
281  -0.015000
282   0.050000
283  -0.055000
284   0.005000
285   0.075000
286   0.060000
287   0.060000
288   0.060000
289  -0.025000
290   0.055000
291  -0.010000
292   0.030000
293  -0.015000
294  -0.005000
295  -0.030000
296  -0.105000
297   0.005000
298  -0.110000
299   0.005000
300  -0.040000
301   0.020000
302  -0.085000
303   0.035000
304  -0.005000
305   0.070000
306  -0.020000
307   0.060000
308   0.010000
309  -0.065000
310  -0.065000
311   0.120000
312   0.025000
313   0.015000
314  -0.025000
315  -0.080000
316   0.060000
317   0.055000
318   0.040000
319  -0.025000
320  -0.040000
321   0.070000
322  -0.030000
323   0.030000
324  -0.035000
325   0.110000
326  -0.050000
327   0.005000
328   0.050000
329   0.040000
330  -0.055000
331   0.055000
332  -0.015000
333   0.090000
334   0.020000
335  -0.005000
336   0.015000
337   0.040000
338  -0.010000
339  -0.005000
340   0.035000
341  -0.025000
342  -0.035000
343   0.085000
344  -0.020000
345  -0.035000
346  -0.015000
347   0.010000
348   0.070000
349   0.010000
350   0.025000
351   0.095000
352  -0.085000
353  -0.065000
354  -0.015000
355  -0.035000
356   0.010000
357  -0.080000
358  -0.110000
359  -0.065000
360  -0.015000
361  -0.050000
362   0.040000
363  -0.025000
364   0.015000
365  -0.015000
366  -0.040000
367   0.085000
368   0.010000
369   0.020000
370  -0.020000
371  -0.020000
372   0.000000
373  -0.000000
374  -0.010000
375  -0.020000
376  -0.060000
377   0.000000
378  -0.070000
379   0.040000
380   0.010000
381  -0.015000
382   0.020000
383  -0.025000
384   0.050000
385   0.005000
386  -0.050000
387   0.005000
388   0.030000
389  -0.010000
390   0.050000
391  -0.070000
392  -0.050000
393  -0.060000
394  -0.050000
395  -0.070000
396  -0.005000
397   0.030000
398  -0.040000
399   0.020000
400  -0.050000
401  -0.040000
402   0.010000
403   0.080000
404  -0.055000
405   0.005000
406   0.050000
407  -0.075000
408   0.005000
409   0.055000
410  -0.040000
411   0.045000
412  -0.010000
413  -0.015000
414   0.060000
415  -0.045000
416   0.010000
417  -0.020000
418   0.135000
419  -0.025000
420   0.040000
421  -0.025000
422  -0.030000
423  -0.025000
424   0.080000
425  -0.005000
426   0.040000
427  -0.055000
428  -0.035000
429  -0.025000
430  -0.045000
431   0.060000
432  -0.025000
433  -0.005000
434  -0.080000
435   0.030000
436  -0.030000
437   0.020000
438   0.010000
439  -0.035000
440  -0.080000
441  -0.055000
442  -0.075000
443  -0.005000
444  -0.045000
445  -0.015000
446   0.055000
447   0.055000
448  -0.070000
449  -0.005000
450   0.040000
451   0.025000
452   0.045000
453  -0.015000
454   0.060000
455  -0.065000
456   0.035000
457   0.020000
458   0.005000
459   0.025000
460   0.130000
461  -0.015000
462  -0.005000
463   0.050000
464  -0.035000
465   0.060000
466  -0.015000
467   0.020000
468   0.035000
469   0.025000
470  -0.045000
471  -0.005000
472   0.015000
473   0.040000
474  -0.030000
475   0.055000
476  -0.040000
477  -0.035000
478   0.050000
479   0.060000
480   0.055000
481  -0.040000
482  -0.085000
483  -0.060000
484  -0.020000
485   0.050000
486   0.005000
487   0.075000
488   0.015000
489  -0.060000
490   0.020000
491  -0.020000
492  -0.100000
493  -0.100000
494   0.010000
495   0.000000
496   0.045000
497   0.050000
498  -0.020000
499  -0.050000
500  -0.005000
-499   0.005000
-498   0.060000
-497   0.005000
-496   0.035000
-495   0.025000
-494   0.140000
-493  -0.080000
-492   0.045000
-491  -0.035000
-490   0.010000
-489   0.050000
-488   0.035000
-487   0.070000
-486   0.005000
-485  -0.070000
-484   0.005000
-483   0.075000
-482   0.020000
-481  -0.010000
-480  -0.025000
-479  -0.035000
-478  -0.055000
-477   0.025000
-476  -0.050000
-475  -0.040000
-474   0.050000
-473   0.055000
-472   0.040000
-471  -0.020000
-470   0.020000
-469   0.025000
-468   0.095000
-467   0.100000
-466  -0.070000
-465  -0.025000
-464   0.015000
-463  -0.030000
-462   0.005000
-461  -0.060000
-460   0.025000
-459  -0.045000
-458  -0.070000
-457   0.035000
-456  -0.020000
-455  -0.015000
-454   0.055000
-453   0.005000
-452   0.090000
-451  -0.045000
-450  -0.030000
-449  -0.010000
-448   0.040000
-447  -0.065000
-446   0.065000
-445   0.070000
-444  -0.090000
-443   0.055000
-442   0.030000
-441  -0.025000
-440   0.030000
-439   0.095000
-438  -0.005000
-437  -0.090000
-436   0.025000
-435   0.025000
-434  -0.070000
-433   0.045000
-432   0.095000
-431  -0.040000
-430  -0.075000
-429  -0.010000
-428  -0.055000
-427   0.040000
-426   0.025000
-425   0.110000
-424   0.020000
-423  -0.010000
-422  -0.010000
-421  -0.055000
-420  -0.000000
-419   0.030000
-418  -0.010000
-417  -0.005000
-416   0.010000
-415   0.010000
-414  -0.045000
-413  -0.025000
-412  -0.005000
-411  -0.100000
-410   0.050000
-409  -0.010000
-408  -0.020000
-407   0.005000
-406  -0.005000
-405  -0.055000
-404   0.050000
-403  -0.030000
-402   0.065000
-401   0.075000
-400  -0.080000
-399  -0.025000
-398   0.020000
-397  -0.070000
-396   0.020000
-395   0.040000
-394  -0.005000
-393   0.050000
-392   0.070000
-391   0.005000
-390  -0.020000
-389   0.040000
-388   0.025000
-387   0.065000
-386  -0.005000
-385   0.035000
-384  -0.055000
-383   0.055000
-382   0.070000
-381   0.045000
-380  -0.020000
-379  -0.060000
-378  -0.020000
-377   0.055000
-376   0.000000
-375  -0.000000
-374  -0.010000
-373   0.035000
-372  -0.110000
-371   0.020000
-370   0.000000
-369   0.070000
-368   0.030000
-367   0.005000
-366   0.100000
-365  -0.015000
-364   0.085000
-363  -0.010000
-362   0.025000
-361   0.025000
-360   0.030000
-359   0.025000
-358   0.025000
-357   0.060000
-356  -0.055000
-355   0.020000
-354  -0.030000
-353   0.070000
-352   0.065000
-351  -0.025000
-350  -0.015000
-349   0.045000
-348  -0.005000
-347  -0.010000
-346   0.095000
-345  -0.105000
-344   0.040000
-343  -0.030000
-342  -0.075000
-341  -0.070000
-340   0.070000
-339   0.055000
-338   0.045000
-337  -0.080000
-336  -0.035000
-335   0.015000
-334   0.005000
-333  -0.045000
-332  -0.035000
-331  -0.015000
-330   0.040000
-329  -0.035000
-328   0.020000
-327   0.095000
-326  -0.015000
-325  -0.025000
-324  -0.010000
-323   0.045000
-322   0.075000
-321  -0.035000
-320   0.015000
-319   0.075000
-318   0.045000
-317   0.065000
-316   0.045000
-315   0.020000
-314  -0.045000
-313  -0.080000
-312   0.070000
-311  -0.035000
-310   0.030000
-309   0.130000
-308  -0.030000
-307  -0.020000
-306   0.020000
-305   0.025000
-304  -0.055000
-303   0.070000
-302   0.020000
-301   0.065000
-300   0.030000
-299   0.065000
-298   0.120000
-297   0.070000
-296   0.050000
-295   0.005000
-294  -0.005000
-293   0.060000
-292  -0.020000
-291  -0.065000
-290  -0.030000
-289  -0.040000
-288  -0.065000
-287  -0.025000
-286   0.115000
-285  -0.060000
-284  -0.065000
-283  -0.020000
-282   0.010000
-281   0.035000
-280   0.000000
-279  -0.010000
-278  -0.005000
-277  -0.020000
-276  -0.005000
-275   0.070000
-274  -0.045000
-273  -0.000000
-272  -0.015000
-271   0.060000
-270  -0.005000
-269   0.000000
-268   0.000000
-267  -0.005000
-266  -0.075000
-265   0.000000
-264   0.025000
-263   0.005000
-262   0.015000
-261   0.025000
-260   0.055000
-259   0.010000
-258  -0.040000
-257   0.075000
-256   0.110000
-255   0.015000
-254  -0.020000
-253   0.020000
-252   0.050000
-251   0.035000
-250  -0.005000
-249  -0.065000
-248  -0.010000
-247  -0.070000
-246  -0.070000
-245   0.060000
-244  -0.020000
-243   0.020000
-242  -0.015000
-241  -0.010000
-240  -0.065000
-239  -0.040000
-238   0.055000
-237   0.030000
-236   0.025000
-235   0.035000
-234  -0.035000
-233   0.030000
-232  -0.000000
-231   0.065000
-230  -0.020000
-229  -0.035000
-228   0.020000
-227  -0.065000
-226   0.000000
-225   0.025000
-224   0.015000
-223  -0.080000
-222   0.050000
-221  -0.005000
-220   0.030000
-219   0.030000
-218   0.035000
-217   0.015000
-216   0.025000
-215   0.010000
-214   0.040000
-213  -0.030000
-212   0.030000
-211   0.060000
-210  -0.030000
-209  -0.045000
-208  -0.010000
-207  -0.005000
-206  -0.035000
-205  -0.030000
-204  -0.010000
-203   0.130000
-202   0.080000
-201   0.035000
-200   0.070000
-199  -0.030000
-198   0.065000
-197   0.000000
-196  -0.110000
-195  -0.025000
-194   0.005000
-193  -0.045000
-192   0.065000
-191   0.065000
-190  -0.025000
-189   0.005000
-188  -0.085000
-187   0.025000
-186   0.085000
-185   0.095000
-184   0.110000
-183   0.100000
-182  -0.025000
-181  -0.040000
-180   0.010000
-179   0.005000
-178   0.020000
-177   0.050000
-176   0.005000
-175   0.055000
-174  -0.050000
-173  -0.020000
-172   0.025000
-171  -0.005000
-170  -0.035000
-169   0.080000
-168   0.025000
-167   0.005000
-166  -0.085000
-165   0.075000
-164   0.010000
-163  -0.075000
-162  -0.065000
-161   0.030000
-160   0.035000
-159  -0.050000
-158   0.025000
-157  -0.055000
-156   0.035000
-155  -0.115000
-154  -0.045000
-153   0.065000
-152  -0.015000
-151  -0.020000
-150  -0.010000
-149   0.020000
-148  -0.085000
-147  -0.025000
-146  -0.035000
-145   0.015000
-144  -0.020000
-143   0.025000
-142   0.045000
-141   0.010000
-140  -0.050000
-139  -0.085000
-138   0.010000
-137  -0.085000
-136   0.005000
-135   0.110000
-134  -0.045000
-133  -0.025000
-132   0.050000
-131   0.060000
-130   0.040000
-129  -0.010000
-128   0.010000
-127  -0.030000
-126  -0.155000
-125   0.055000
-124  -0.015000
-123  -0.100000
-122   0.080000
-121  -0.090000
-120  -0.010000
-119  -0.060000
-118   0.010000
-117   0.060000
-116   0.155000
-115   0.025000
-114   0.055000
-113  -0.025000
-112  -0.085000
-111   0.050000
-110   0.015000
-109  -0.030000
-108   0.035000
-107   0.075000
-106   0.010000
-105   0.000000
-104   0.050000
-103   0.020000
-102   0.025000
-101  -0.015000
-100  -0.035000
-99  -0.075000
-98  -0.050000
-97   0.015000
-96  -0.025000
-95  -0.030000
-94   0.035000
-93  -0.020000
-92  -0.020000
-91  -0.065000
-90   0.020000
-89   0.035000
-88   0.085000
-87   0.090000
-86   0.005000
-85  -0.005000
-84   0.025000
-83  -0.105000
-82  -0.050000
-81   0.085000
-80   0.065000
-79   0.115000
-78   0.055000
-77  -0.010000
-76   0.100000
-75   0.030000
-74   0.080000
-73   0.020000
-72   0.005000
-71   0.080000
-70   0.050000
-69   0.060000
-68   0.030000
-67   0.075000
-66   0.025000
-65   0.025000
-64  -0.060000
-63   0.010000
-62  -0.040000
-61  -0.040000
-60  -0.080000
-59   0.035000
-58  -0.065000
-57  -0.065000
-56   0.040000
-55  -0.130000
-54   0.015000
-53   0.140000
-52  -0.035000
-51  -0.010000
-50  -0.055000
-49  -0.005000
-48  -0.005000
-47   0.005000
-46   0.025000
-45   0.005000
-44  -0.110000
-43   0.015000
-42  -0.020000
-41  -0.010000
-40  -0.080000
-39  -0.020000
-38  -0.005000
-37   0.005000
-36  -0.085000
-35   0.070000
-34   0.085000
-33   0.035000
-32  -0.035000
-31   0.045000
-30  -0.050000
-29   0.025000
-28  -0.005000
-27  -0.020000
-26   0.100000
-25  -0.040000
-24   0.045000
-23   0.045000
-22  -0.020000
-21  -0.105000
-20  -0.020000
-19  -0.075000
-18  -0.055000
-17   0.010000
-16   0.030000
-15  -0.035000
-14   0.015000
-13   0.060000
-12   0.025000
-11   0.035000
-10   0.020000
-9  -0.015000
-8  -0.030000
-7   0.100000
-6  -0.030000
-5   0.000000
-4   0.085000
-3   0.020000
-2  -0.015000
-1  -0.075000
