0   0.020000
1  -0.090000
2   0.085000
3   0.060000
4   0.065000
5  -0.040000
6  -0.020000
7  -0.045000
8   0.015000
9  -0.035000
10   0.005000
11  -0.050000
12   0.015000
13  -0.025000
14   0.060000
15  -0.110000
16   0.020000
17   0.045000
18   0.065000
19  -0.025000
20   0.015000
21  -0.010000
22  -0.020000
23  -0.020000
24  -0.035000
25  -0.065000
26  -0.050000
27  -0.065000
28   0.010000
29   0.035000
30   0.015000
31   0.050000
32  -0.015000
33  -0.025000
34   0.070000
35  -0.000000
36  -0.155000
37   0.045000
38  -0.010000
39   0.095000
40  -0.050000
41   0.000000
42  -0.030000
43  -0.110000
44  -0.010000
45   0.010000
46   0.010000
47  -0.015000
48   0.020000
49   0.010000
50   0.030000
51   0.015000
52  -0.080000
53   0.045000
54  -0.030000
55  -0.070000
56  -0.015000
57  -0.035000
58   0.050000
59   0.085000
60  -0.040000
61  -0.045000
62   0.000000
63  -0.065000
64   0.030000
65  -0.020000
66   0.085000
67  -0.050000
68   0.010000
69  -0.055000
70  -0.025000
71  -0.020000
72   0.010000
73  -0.015000
74  -0.025000
75   0.005000
76  -0.050000
77  -0.035000
78   0.015000
79  -0.155000
80  -0.050000
81   0.010000
82   0.020000
83  -0.055000
84   0.045000
85  -0.035000
86   0.080000
87  -0.065000
88  -0.025000
89  -0.065000
90   0.015000
91  -0.020000
92   0.030000
93   0.015000
94  -0.025000
95   0.010000
96   0.025000
97  -0.055000
98   0.005000
99  -0.040000
100   0.020000
101   0.055000
102   0.100000
103  -0.010000
104   0.000000
105   0.085000
106   0.030000
107   0.010000
108   0.070000
109  -0.020000
110  -0.120000
111  -0.050000
112   0.055000
113  -0.080000
114   0.050000
115  -0.035000
116   0.085000
117   0.035000
118   0.055000
119  -0.005000
120  -0.015000
121  -0.050000
122  -0.035000
123  -0.035000
124  -0.115000
125  -0.035000
126  -0.040000
127   0.000000
128   0.000000
129   0.030000
130   0.050000
131   0.055000
132  -0.055000
133   0.055000
134   0.020000
135   0.070000
136  -0.060000
137  -0.020000
138  -0.020000
139   0.060000
140  -0.075000
141  -0.005000
142   0.085000
143   0.020000
144  -0.050000
145  -0.020000
146   0.000000
147  -0.035000
148  -0.040000
149   0.035000
150  -0.040000
151  -0.045000
152  -0.065000
153  -0.030000
154  -0.015000
155   0.000000
156  -0.030000
157   0.010000
158   0.035000
159   0.065000
160  -0.035000
161  -0.020000
162   0.065000
163  -0.030000
164   0.025000
165   0.005000
166  -0.005000
167  -0.045000
168  -0.050000
169  -0.030000
170   0.040000
171   0.085000
172   0.090000
173   0.020000
174   0.025000
175   0.020000
176  -0.030000
177  -0.010000
178  -0.000000
179   0.080000
180  -0.040000
181  -0.015000
182   0.045000
183   0.025000
184  -0.095000
185  -0.030000
186   0.090000
187   0.020000
188  -0.075000
189   0.025000
190   0.000000
191  -0.070000
192  -0.045000
193   0.045000
194  -0.015000
195   0.030000
196  -0.000000
197  -0.030000
198  -0.030000
199  -0.015000
200  -0.040000
201  -0.005000
202   0.010000
203  -0.045000
204  -0.070000
205   0.065000
206  -0.020000
207  -0.005000
208  -0.000000
209  -0.055000
210   0.065000
211   0.020000
212  -0.025000
213  -0.110000
214  -0.010000
215  -0.015000
216  -0.025000
217  -0.055000
218   0.005000
219   0.040000
220  -0.090000
221  -0.045000
222  -0.005000
223  -0.000000
224  -0.050000
225   0.025000
226  -0.050000
227   0.030000
228   0.090000
229   0.040000
230  -0.040000
231   0.040000
232   0.055000
233   0.015000
234  -0.035000
235  -0.065000
236  -0.050000
237  -0.015000
238   0.010000
239   0.045000
240   0.120000
241   0.015000
242  -0.075000
243  -0.005000
244   0.045000
245   0.030000
246   0.005000
247  -0.090000
248   0.010000
249   0.005000
250  -0.055000
251   0.065000
252  -0.035000
253   0.040000
254  -0.085000
255  -0.030000
256  -0.100000
257   0.035000
258  -0.015000
259  -0.075000
260  -0.010000
261  -0.140000
262  -0.050000
263  -0.085000
264   0.030000
265  -0.080000
266  -0.050000
267   0.080000
268  -0.005000
269  -0.005000
270   0.005000
271   0.075000
272  -0.005000
273   0.005000
274   0.050000
275   0.005000
276  -0.020000
277   0.050000
278  -0.035000
279  -0.045000
280   0.030000
281  -0.045000
282   0.010000
283   0.050000
284  -0.075000
285  -0.020000
286  -0.015000
287  -0.020000
288   0.080000
289  -0.090000
290   0.095000
291   0.025000
292   0.040000
293   0.015000
294   0.030000
295  -0.040000
296  -0.045000
297  -0.010000
298  -0.010000
299  -0.060000
300  -0.035000
301  -0.035000
302   0.100000
303   0.025000
304   0.040000
305   0.055000
306   0.040000
307   0.070000
308   0.045000
309   0.010000
310   0.035000
311   0.040000
312   0.015000
313   0.055000
314  -0.030000
315  -0.050000
316  -0.030000
317   0.000000
318   0.015000
319  -0.090000
320  -0.005000
321   0.050000
322   0.020000
323   0.035000
324  -0.060000
325  -0.015000
326   0.040000
327  -0.045000
328   0.015000
329  -0.005000
330   0.035000
331  -0.085000
332   0.040000
333   0.025000
334  -0.055000
335   0.010000
336   0.005000
337  -0.015000
338   0.025000
339   0.000000
340  -0.010000
341   0.025000
342   0.035000
343   0.005000
344  -0.050000
345   0.020000
346   0.030000
347   0.005000
348  -0.005000
349  -0.030000
350   0.030000
351   0.080000
352  -0.025000
353  -0.100000
354   0.030000
355   0.055000
356   0.035000
357   0.005000
358  -0.095000
359   0.025000
360  -0.035000
361  -0.075000
362  -0.015000
363  -0.015000
364   0.040000
365   0.000000
366  -0.080000
367   0.040000
368  -0.005000
369   0.085000
370   0.035000
371  -0.025000
372   0.005000
373  -0.115000
374  -0.040000
375  -0.030000
376   0.070000
377   0.010000
378  -0.000000
379   0.000000
380  -0.050000
381  -0.120000
382   0.015000
383   0.045000
384  -0.030000
385  -0.065000
386  -0.035000
387  -0.030000
388   0.090000
389  -0.040000
390  -0.140000
391  -0.060000
392   0.010000
393   0.060000
394   0.035000
395   0.030000
396   0.055000
397  -0.070000
398   0.020000
399   0.000000
400  -0.010000
401   0.065000
402   0.030000
403  -0.075000
404  -0.030000
405   0.040000
406   0.075000
407  -0.025000
408   0.015000
409   0.010000
410   0.030000
411   0.005000
412   0.015000
413   0.020000
414  -0.085000
415  -0.030000
416  -0.010000
417  -0.000000
418  -0.015000
419  -0.015000
420   0.010000
421   0.005000
422  -0.045000
423  -0.025000
424   0.005000
425   0.000000
426   0.030000
427  -0.025000
428   0.005000
429  -0.050000
430   0.015000
431   0.015000
432  -0.035000
433   0.000000
434  -0.025000
435  -0.050000
436   0.015000
437   0.020000
438  -0.005000
439   0.010000
440  -0.035000
441  -0.060000
442   0.045000
443   0.030000
444  -0.075000
445  -0.045000
446   0.005000
447   0.050000
448   0.045000
449   0.040000
450  -0.005000
451  -0.060000
452  -0.010000
453   0.025000
454   0.010000
455  -0.005000
456  -0.070000
457  -0.025000
458   0.045000
459   0.030000
460   0.010000
461   0.120000
462  -0.025000
463   0.005000
464  -0.025000
465   0.005000
466   0.020000
467   0.055000
468   0.020000
469   0.075000
470   0.020000
471   0.060000
472  -0.025000
473   0.060000
474  -0.025000
475   0.040000
476   0.020000
477   0.085000
478   0.005000
479  -0.060000
480  -0.105000
481   0.035000
482   0.060000
483  -0.025000
484   0.000000
485   0.015000
486  -0.005000
487  -0.060000
488   0.015000
489  -0.085000
490   0.035000
491   0.025000
492  -0.045000
493  -0.035000
494  -0.025000
495   0.000000
496  -0.000000
497   0.045000
498   0.070000
499  -0.065000
500   0.000000
-499   0.025000
-498  -0.065000
-497   0.000000
-496   0.065000
-495  -0.040000
-494   0.000000
-493  -0.010000
-492  -0.035000
-491   0.080000
-490  -0.025000
-489  -0.015000
-488  -0.040000
-487   0.035000
-486  -0.035000
-485  -0.030000
-484   0.010000
-483  -0.020000
-482   0.025000
-481   0.020000
-480   0.005000
-479   0.040000
-478  -0.065000
-477  -0.105000
-476  -0.070000
-475  -0.010000
-474  -0.060000
-473  -0.070000
-472   0.000000
-471  -0.015000
-470   0.020000
-469  -0.015000
-468   0.030000
-467   0.040000
-466  -0.005000
-465  -0.030000
-464   0.070000
-463  -0.030000
-462   0.015000
-461   0.000000
-460   0.045000
-459   0.015000
-458  -0.110000
-457  -0.065000
-456  -0.025000
-455   0.050000
-454   0.055000
-453  -0.015000
-452   0.015000
-451  -0.095000
-450   0.035000
-449   0.015000
-448   0.010000
-447   0.020000
-446   0.000000
-445  -0.025000
-444  -0.025000
-443  -0.000000
-442  -0.125000
-441   0.100000
-440   0.090000
-439   0.080000
-438  -0.015000
-437  -0.055000
-436  -0.025000
-435  -0.060000
-434   0.010000
-433   0.030000
-432  -0.055000
-431  -0.020000
-430   0.080000
-429   0.040000
-428   0.005000
-427  -0.035000
-426  -0.100000
-425   0.040000
-424  -0.020000
-423  -0.100000
-422   0.045000
-421  -0.005000
-420  -0.045000
-419   0.005000
-418  -0.050000
-417   0.020000
-416   0.095000
-415   0.060000
-414   0.125000
-413   0.065000
-412   0.030000
-411   0.050000
-410   0.025000
-409  -0.005000
-408   0.020000
-407  -0.030000
-406  -0.035000
-405  -0.005000
-404   0.015000
-403  -0.040000
-402  -0.015000
-401  -0.005000
-400  -0.025000
-399  -0.110000
-398  -0.110000
-397   0.015000
-396  -0.055000
-395  -0.020000
-394  -0.080000
-393   0.060000
-392  -0.040000
-391  -0.010000
-390  -0.005000
-389   0.040000
-388   0.105000
-387  -0.025000
-386  -0.030000
-385  -0.075000
-384  -0.020000
-383   0.005000
-382  -0.030000
-381   0.005000
-380  -0.010000
-379  -0.015000
-378   0.030000
-377   0.020000
-376  -0.025000
-375   0.005000
-374  -0.005000
-373  -0.060000
-372  -0.025000
-371   0.030000
-370   0.050000
-369  -0.025000
-368  -0.085000
-367   0.090000
-366   0.025000
-365   0.105000
-364   0.015000
-363  -0.015000
-362   0.020000
-361   0.030000
-360   0.065000
-359   0.085000
-358   0.015000
-357   0.025000
-356   0.000000
-355  -0.060000
-354   0.040000
-353   0.000000
-352  -0.020000
-351   0.020000
-350  -0.045000
-349   0.060000
-348  -0.065000
-347   0.085000
-346   0.010000
-345  -0.060000
-344  -0.025000
-343   0.035000
-342   0.115000
-341   0.015000
-340   0.020000
-339   0.045000
-338  -0.005000
-337   0.060000
-336   0.065000
-335   0.005000
-334  -0.010000
-333   0.065000
-332  -0.050000
-331  -0.060000
-330  -0.005000
-329   0.055000
-328   0.015000
-327  -0.040000
-326  -0.010000
-325   0.055000
-324  -0.025000
-323  -0.080000
-322   0.075000
-321   0.005000
-320  -0.090000
-319   0.035000
-318   0.055000
-317   0.025000
-316  -0.040000
-315   0.050000
-314  -0.015000
-313   0.030000
-312  -0.050000
-311   0.055000
-310   0.030000
-309  -0.025000
-308   0.025000
-307  -0.015000
-306  -0.035000
-305  -0.025000
-304   0.010000
-303  -0.015000
-302   0.010000
-301   0.005000
-300   0.015000
-299  -0.010000
-298  -0.060000
-297   0.030000
-296   0.070000
-295   0.045000
-294   0.080000
-293  -0.000000
-292  -0.035000
-291  -0.050000
-290  -0.010000
-289  -0.060000
-288   0.035000
-287  -0.030000
-286  -0.105000
-285  -0.065000
-284  -0.025000
-283   0.020000
-282   0.010000
-281   0.010000
-280  -0.145000
-279   0.005000
-278   0.055000
-277  -0.150000
-276  -0.045000
-275   0.040000
-274  -0.030000
-273   0.020000
-272   0.040000
-271   0.000000
-270   0.035000
-269  -0.020000
-268   0.015000
-267   0.030000
-266   0.065000
-265   0.035000
-264  -0.075000
-263   0.015000
-262   0.000000
-261   0.005000
-260   0.010000
-259  -0.035000
-258   0.035000
-257   0.020000
-256  -0.075000
-255  -0.065000
-254   0.020000
-253   0.040000
-252  -0.005000
-251   0.050000
-250   0.025000
-249   0.085000
-248   0.025000
-247   0.020000
-246   0.145000
-245   0.020000
-244   0.030000
-243  -0.095000
-242   0.025000
-241   0.090000
-240  -0.025000
-239   0.035000
-238   0.030000
-237  -0.035000
-236   0.020000
-235  -0.025000
-234   0.015000
-233   0.020000
-232   0.030000
-231  -0.015000
-230   0.035000
-229   0.050000
-228  -0.045000
-227   0.035000
-226   0.000000
-225   0.030000
-224   0.060000
-223  -0.010000
-222   0.030000
-221   0.010000
-220  -0.070000
-219   0.025000
-218   0.035000
-217  -0.005000
-216   0.085000
-215   0.090000
-214  -0.080000
-213  -0.050000
-212  -0.075000
-211   0.010000
-210  -0.035000
-209  -0.075000
-208   0.105000
-207  -0.035000
-206  -0.020000
-205  -0.040000
-204   0.000000
-203   0.020000
-202   0.095000
-201   0.015000
-200   0.075000
-199   0.035000
-198   0.030000
-197   0.015000
-196   0.030000
-195  -0.010000
-194  -0.055000
-193  -0.000000
-192  -0.045000
-191   0.010000
-190   0.010000
-189   0.025000
-188  -0.015000
-187   0.050000
-186  -0.025000
-185   0.085000
-184  -0.060000
-183   0.060000
-182   0.000000
-181   0.070000
-180  -0.005000
-179   0.005000
-178  -0.020000
-177  -0.005000
-176  -0.010000
-175   0.035000
-174  -0.120000
-173  -0.020000
-172  -0.035000
-171   0.000000
-170   0.025000
-169   0.005000
-168  -0.040000
-167  -0.020000
-166  -0.005000
-165  -0.005000
-164   0.080000
-163  -0.010000
-162  -0.020000
-161  -0.020000
-160  -0.045000
-159  -0.040000
-158  -0.065000
-157   0.010000
-156  -0.055000
-155   0.005000
-154   0.015000
-153   0.145000
-152   0.095000
-151   0.035000
-150   0.010000
-149   0.035000
-148   0.115000
-147   0.035000
-146  -0.045000
-145  -0.035000
-144   0.020000
-143  -0.020000
-142   0.020000
-141  -0.045000
-140   0.085000
-139  -0.050000
-138  -0.070000
-137  -0.020000
-136   0.010000
-135  -0.015000
-134  -0.010000
-133   0.050000
-132  -0.000000
-131   0.075000
-130  -0.115000
-129  -0.025000
-128   0.005000
-127  -0.000000
-126  -0.015000
-125   0.100000
-124   0.015000
-123  -0.020000
-122   0.005000
-121  -0.060000
-120   0.025000
-119  -0.055000
-118   0.040000
-117   0.115000
-116   0.010000
-115  -0.010000
-114   0.080000
-113   0.015000
-112  -0.005000
-111   0.105000
-110   0.025000
-109   0.000000
-108   0.055000
-107  -0.065000
-106   0.015000
-105  -0.020000
-104   0.020000
-103   0.030000
-102  -0.040000
-101  -0.050000
-100  -0.040000
-99  -0.035000
-98   0.090000
-97  -0.055000
-96  -0.090000
-95   0.055000
-94  -0.050000
-93   0.075000
-92  -0.050000
-91   0.095000
-90  -0.035000
-89  -0.045000
-88   0.055000
-87   0.065000
-86   0.010000
-85  -0.010000
-84   0.020000
-83   0.005000
-82   0.060000
-81  -0.070000
-80   0.095000
-79   0.040000
-78  -0.045000
-77   0.025000
-76   0.025000
-75  -0.060000
-74   0.065000
-73   0.005000
-72  -0.065000
-71   0.015000
-70   0.040000
-69  -0.040000
-68  -0.020000
-67   0.020000
-66   0.025000
-65  -0.040000
-64   0.025000
-63  -0.010000
-62   0.035000
-61   0.050000
-60  -0.100000
-59   0.040000
-58   0.015000
-57  -0.025000
-56  -0.025000
-55   0.010000
-54   0.050000
-53  -0.060000
-52  -0.020000
-51  -0.100000
-50   0.005000
-49  -0.005000
-48   0.025000
-47   0.010000
-46   0.035000
-45  -0.045000
-44  -0.020000
-43   0.055000
-42  -0.035000
-41  -0.045000
-40  -0.035000
-39  -0.015000
-38   0.005000
-37  -0.065000
-36   0.000000
-35  -0.010000
-34   0.000000
-33   0.035000
-32   0.070000
-31  -0.050000
-30   0.020000
-29   0.040000
-28  -0.065000
-27   0.045000
-26   0.030000
-25  -0.080000
-24   0.150000
-23  -0.015000
-22  -0.025000
-21   0.000000
-20  -0.005000
-19  -0.040000
-18  -0.075000
-17   0.005000
-16  -0.090000
-15  -0.020000
-14   0.025000
-13   0.070000
-12  -0.010000
-11   0.065000
-10  -0.030000
-9  -0.015000
-8  -0.030000
-7   0.030000
-6  -0.010000
-5   0.000000
-4   0.040000
-3  -0.015000
-2  -0.125000
-1  -0.015000
