0  -0.005000
1  -0.095000
2   0.085000
3   0.005000
4  -0.030000
5   0.015000
6  -0.075000
7   0.025000
8   0.090000
9  -0.015000
10   0.070000
11   0.010000
12   0.085000
13   0.055000
14   0.055000
15   0.020000
16   0.080000
17   0.070000
18   0.035000
19   0.040000
20  -0.050000
21  -0.020000
22   0.025000
23  -0.010000
24  -0.020000
25  -0.035000
26   0.025000
27   0.055000
28  -0.030000
29   0.020000
30  -0.055000
31   0.030000
32  -0.055000
33  -0.050000
34   0.010000
35  -0.015000
36  -0.090000
37   0.070000
38  -0.080000
39   0.120000
40  -0.045000
41  -0.110000
42   0.055000
43  -0.125000
44   0.000000
45  -0.095000
46  -0.025000
47  -0.005000
48  -0.035000
49   0.010000
50   0.020000
51   0.010000
52   0.050000
53  -0.030000
54  -0.050000
55  -0.035000
56  -0.025000
57   0.040000
58   0.095000
59   0.085000
60  -0.025000
61  -0.010000
62  -0.015000
63  -0.065000
64   0.020000
65   0.005000
66   0.030000
67  -0.015000
68   0.010000
69   0.010000
70  -0.040000
71  -0.020000
72   0.070000
73  -0.010000
74  -0.010000
75  -0.050000
76   0.030000
77  -0.050000
78   0.060000
79  -0.070000
80  -0.065000
81   0.040000
82  -0.065000
83  -0.055000
84  -0.010000
85  -0.020000
86   0.115000
87  -0.010000
88  -0.095000
89   0.055000
90  -0.015000
91  -0.010000
92   0.025000
93  -0.060000
94   0.040000
95  -0.045000
96  -0.015000
97  -0.015000
98   0.030000
99   0.000000
100  -0.005000
101   0.070000
102   0.080000
103   0.070000
104   0.025000
105   0.070000
106   0.035000
107  -0.040000
108  -0.035000
109  -0.040000
110  -0.020000
111   0.000000
112  -0.070000
113  -0.020000
114   0.030000
115   0.020000
116   0.070000
117   0.100000
118   0.095000
119   0.025000
120   0.020000
121   0.015000
122  -0.030000
123  -0.085000
124  -0.090000
125  -0.075000
126  -0.015000
127  -0.055000
128   0.015000
129   0.035000
130   0.030000
131  -0.035000
132   0.000000
133  -0.000000
134   0.090000
135   0.090000
136   0.045000
137  -0.025000
138  -0.105000
139   0.100000
140  -0.015000
141   0.020000
142   0.065000
143   0.095000
144   0.045000
145  -0.030000
146   0.030000
147  -0.030000
148   0.015000
149  -0.040000
150  -0.055000
151   0.025000
152  -0.025000
153   0.010000
154   0.020000
155   0.045000
156   0.055000
157   0.005000
158   0.040000
159   0.040000
160  -0.045000
161  -0.055000
162   0.065000
163  -0.080000
164  -0.035000
165   0.030000
166  -0.035000
167  -0.045000
168  -0.015000
169   0.030000
170  -0.050000
171   0.085000
172   0.075000
173   0.030000
174   0.000000
175   0.000000
176  -0.065000
177   0.030000
178  -0.035000
179   0.120000
180  -0.055000
181   0.015000
182   0.005000
183   0.040000
184  -0.110000
185  -0.085000
186  -0.010000
187   0.040000
188  -0.070000
189   0.000000
190  -0.015000
191  -0.080000
192  -0.085000
193   0.030000
194   0.015000
195   0.005000
196  -0.090000
197   0.015000
198   0.070000
199  -0.070000
200  -0.060000
201  -0.010000
202   0.070000
203  -0.000000
204  -0.105000
205  -0.055000
206  -0.050000
207  -0.040000
208   0.015000
209  -0.025000
210   0.105000
211   0.010000
212  -0.010000
213  -0.040000
214   0.005000
215   0.035000
216  -0.065000
217  -0.060000
218  -0.010000
219   0.040000
220   0.025000
221   0.025000
222   0.015000
223  -0.010000
224  -0.045000
225  -0.020000
226   0.005000
227   0.100000
228  -0.025000
229  -0.010000
230  -0.030000
231  -0.045000
232   0.030000
233   0.040000
234   0.040000
235   0.005000
236   0.050000
237   0.055000
238  -0.010000
239   0.065000
240   0.015000
241  -0.020000
242   0.035000
243   0.010000
244   0.015000
245  -0.040000
246   0.065000
247  -0.080000
248   0.020000
249   0.065000
250   0.000000
251   0.095000
252  -0.035000
253   0.005000
254  -0.050000
255  -0.015000
256  -0.050000
257   0.035000
258   0.015000
259  -0.015000
260   0.020000
261  -0.115000
262  -0.060000
263  -0.035000
264  -0.030000
265  -0.095000
266   0.015000
267   0.120000
268   0.100000
269  -0.035000
270   0.020000
271  -0.035000
272  -0.045000
273   0.000000
274   0.020000
275  -0.035000
276   0.000000
277  -0.010000
278  -0.060000
279  -0.020000
280  -0.010000
281   0.005000
282   0.080000
283  -0.025000
284  -0.090000
285  -0.055000
286   0.025000
287   0.030000
288   0.050000
289  -0.000000
290  -0.015000
291   0.030000
292   0.040000
293  -0.030000
294  -0.065000
295  -0.115000
296  -0.005000
297  -0.015000
298  -0.045000
299   0.060000
300   0.085000
301  -0.010000
302   0.055000
303   0.010000
304  -0.045000
305  -0.035000
306   0.050000
307  -0.010000
308  -0.035000
309  -0.005000
310  -0.025000
311  -0.040000
312   0.040000
313   0.065000
314  -0.030000
315  -0.010000
316  -0.010000
317   0.070000
318  -0.000000
319  -0.030000
320  -0.085000
321  -0.060000
322  -0.000000
323   0.075000
324   0.025000
325   0.060000
326   0.110000
327   0.045000
328   0.030000
329  -0.035000
330   0.050000
331  -0.035000
332  -0.020000
333  -0.005000
334  -0.065000
335  -0.055000
336  -0.030000
337  -0.065000
338  -0.065000
339   0.025000
340   0.010000
341   0.030000
342  -0.030000
343  -0.065000
344   0.080000
345   0.025000
346   0.000000
347  -0.005000
348  -0.025000
349  -0.005000
350  -0.025000
351   0.055000
352   0.025000
353  -0.055000
354  -0.020000
355   0.070000
356  -0.000000
357  -0.030000
358  -0.095000
359   0.015000
360   0.010000
361  -0.060000
362  -0.020000
363   0.000000
364  -0.055000
365  -0.035000
366  -0.005000
367   0.020000
368   0.000000
369  -0.020000
370   0.015000
371   0.080000
372   0.050000
373   0.025000
374  -0.035000
375   0.005000
376   0.055000
377  -0.030000
378   0.060000
379  -0.040000
380   0.035000
381  -0.000000
382   0.005000
383   0.030000
384   0.000000
385   0.060000
386  -0.045000
387  -0.030000
388   0.090000
389   0.015000
390  -0.045000
391  -0.055000
392   0.075000
393   0.035000
394   0.000000
395   0.015000
396  -0.060000
397  -0.085000
398  -0.015000
399   0.015000
400   0.060000
401   0.025000
402  -0.090000
403  -0.005000
404  -0.015000
405   0.015000
406  -0.015000
407  -0.060000
408  -0.000000
409   0.120000
410  -0.030000
411  -0.010000
412   0.010000
413   0.015000
414  -0.055000
415   0.005000
416  -0.045000
417  -0.005000
418   0.015000
419  -0.025000
420  -0.045000
421  -0.080000
422   0.005000
423   0.030000
424   0.055000
425   0.010000
426  -0.010000
427  -0.085000
428   0.015000
429   0.030000
430   0.045000
431  -0.035000
432  -0.070000
433  -0.020000
434  -0.120000
435   0.010000
436   0.010000
437   0.030000
438   0.015000
439   0.050000
440   0.010000
441  -0.065000
442   0.020000
443   0.035000
444  -0.050000
445  -0.075000
446   0.030000
447   0.085000
448   0.080000
449   0.015000
450  -0.070000
451   0.010000
452  -0.005000
453  -0.030000
454   0.030000
455  -0.075000
456  -0.050000
457  -0.015000
458   0.065000
459   0.025000
460  -0.060000
461   0.040000
462  -0.040000
463   0.105000
464   0.040000
465  -0.005000
466  -0.010000
467  -0.020000
468   0.040000
469   0.065000
470  -0.015000
471   0.070000
472   0.065000
473   0.055000
474  -0.070000
475   0.045000
476   0.020000
477  -0.055000
478   0.015000
479   0.040000
480  -0.030000
481  -0.020000
482   0.045000
483  -0.040000
484   0.095000
485  -0.015000
486  -0.035000
487  -0.115000
488  -0.085000
489  -0.035000
490   0.050000
491  -0.055000
492   0.010000
493  -0.065000
494  -0.035000
495  -0.015000
496  -0.070000
497   0.015000
498   0.110000
499  -0.040000
500  -0.075000
-499  -0.035000
-498  -0.030000
-497  -0.030000
-496   0.070000
-495  -0.010000
-494  -0.010000
-493  -0.020000
-492   0.040000
-491   0.015000
-490  -0.050000
-489   0.045000
-488  -0.025000
-487   0.040000
-486  -0.050000
-485   0.060000
-484   0.055000
-483  -0.005000
-482   0.065000
-481   0.065000
-480   0.025000
-479   0.010000
-478   0.000000
-477  -0.065000
-476   0.005000
-475   0.050000
-474  -0.045000
-473  -0.000000
-472   0.005000
-471   0.035000
-470  -0.015000
-469  -0.075000
-468  -0.035000
-467   0.050000
-466   0.020000
-465  -0.005000
-464   0.110000
-463  -0.055000
-462   0.005000
-461  -0.045000
-460  -0.030000
-459   0.045000
-458  -0.005000
-457  -0.085000
-456  -0.035000
-455   0.010000
-454   0.105000
-453  -0.010000
-452   0.010000
-451  -0.055000
-450   0.025000
-449  -0.020000
-448   0.005000
-447   0.095000
-446   0.045000
-445   0.005000
-444   0.005000
-443   0.070000
-442  -0.025000
-441  -0.015000
-440   0.000000
-439  -0.015000
-438   0.000000
-437  -0.015000
-436  -0.040000
-435  -0.005000
-434  -0.005000
-433  -0.040000
-432  -0.095000
-431  -0.030000
-430   0.055000
-429  -0.035000
-428   0.015000
-427  -0.070000
-426  -0.015000
-425  -0.045000
-424   0.035000
-423  -0.070000
-422  -0.005000
-421   0.020000
-420  -0.075000
-419   0.020000
-418  -0.045000
-417  -0.005000
-416  -0.060000
-415   0.070000
-414   0.060000
-413   0.025000
-412   0.035000
-411  -0.010000
-410   0.015000
-409   0.035000
-408   0.040000
-407  -0.035000
-406  -0.005000
-405   0.015000
-404   0.045000
-403  -0.010000
-402  -0.005000
-401   0.015000
-400  -0.045000
-399  -0.125000
-398  -0.020000
-397  -0.025000
-396  -0.040000
-395  -0.025000
-394  -0.105000
-393   0.040000
-392  -0.070000
-391  -0.030000
-390   0.065000
-389   0.025000
-388   0.075000
-387   0.035000
-386  -0.055000
-385  -0.070000
-384   0.075000
-383   0.025000
-382  -0.020000
-381   0.005000
-380  -0.015000
-379  -0.010000
-378   0.035000
-377  -0.035000
-376   0.000000
-375   0.005000
-374   0.035000
-373   0.040000
-372   0.020000
-371  -0.000000
-370  -0.025000
-369  -0.030000
-368   0.070000
-367  -0.035000
-366   0.040000
-365   0.065000
-364   0.040000
-363  -0.010000
-362   0.030000
-361  -0.035000
-360   0.005000
-359  -0.030000
-358   0.050000
-357   0.100000
-356  -0.030000
-355  -0.020000
-354  -0.035000
-353  -0.080000
-352  -0.085000
-351   0.035000
-350  -0.065000
-349  -0.050000
-348  -0.060000
-347   0.030000
-346   0.020000
-345  -0.035000
-344   0.000000
-343  -0.025000
-342   0.045000
-341   0.120000
-340   0.040000
-339   0.060000
-338  -0.035000
-337   0.060000
-336  -0.020000
-335   0.000000
-334  -0.055000
-333   0.025000
-332  -0.020000
-331  -0.100000
-330   0.020000
-329  -0.005000
-328  -0.020000
-327  -0.005000
-326  -0.050000
-325  -0.020000
-324  -0.010000
-323  -0.010000
-322   0.050000
-321  -0.030000
-320  -0.065000
-319  -0.040000
-318   0.020000
-317   0.050000
-316  -0.020000
-315  -0.030000
-314  -0.020000
-313   0.045000
-312   0.015000
-311  -0.020000
-310   0.050000
-309  -0.085000
-308  -0.010000
-307   0.005000
-306  -0.100000
-305  -0.040000
-304   0.060000
-303  -0.080000
-302  -0.055000
-301   0.100000
-300  -0.095000
-299  -0.115000
-298   0.085000
-297  -0.030000
-296   0.075000
-295   0.005000
-294   0.060000
-293  -0.040000
-292  -0.020000
-291   0.005000
-290  -0.015000
-289  -0.045000
-288  -0.020000
-287  -0.025000
-286   0.020000
-285   0.010000
-284   0.030000
-283  -0.015000
-282   0.035000
-281  -0.045000
-280  -0.135000
-279  -0.015000
-278  -0.070000
-277  -0.065000
-276  -0.080000
-275  -0.070000
-274  -0.040000
-273   0.065000
-272   0.055000
-271  -0.005000
-270   0.055000
-269  -0.005000
-268   0.060000
-267  -0.010000
-266   0.015000
-265  -0.035000
-264  -0.015000
-263  -0.005000
-262   0.115000
-261  -0.005000
-260  -0.015000
-259   0.065000
-258   0.065000
-257  -0.050000
-256  -0.020000
-255   0.025000
-254  -0.060000
-253   0.055000
-252   0.030000
-251  -0.030000
-250   0.100000
-249   0.010000
-248   0.030000
-247   0.040000
-246   0.030000
-245   0.090000
-244   0.020000
-243   0.010000
-242  -0.055000
-241  -0.085000
-240   0.015000
-239   0.025000
-238  -0.075000
-237  -0.040000
-236  -0.005000
-235  -0.040000
-234   0.010000
-233   0.020000
-232  -0.050000
-231   0.030000
-230   0.075000
-229  -0.015000
-228   0.060000
-227   0.015000
-226   0.080000
-225   0.000000
-224   0.060000
-223  -0.040000
-222   0.070000
-221  -0.090000
-220  -0.020000
-219   0.015000
-218   0.075000
-217  -0.085000
-216   0.035000
-215   0.035000
-214  -0.060000
-213   0.035000
-212   0.030000
-211  -0.030000
-210   0.050000
-209  -0.110000
-208   0.025000
-207  -0.035000
-206  -0.015000
-205  -0.060000
-204  -0.085000
-203  -0.055000
-202  -0.080000
-201  -0.055000
-200   0.090000
-199   0.020000
-198   0.085000
-197   0.065000
-196  -0.040000
-195   0.050000
-194  -0.070000
-193  -0.025000
-192   0.010000
-191   0.005000
-190   0.090000
-189   0.000000
-188   0.000000
-187   0.020000
-186   0.030000
-185  -0.035000
-184  -0.085000
-183   0.000000
-182  -0.065000
-181   0.035000
-180   0.020000
-179  -0.045000
-178   0.000000
-177   0.040000
-176   0.020000
-175   0.005000
-174  -0.075000
-173  -0.050000
-172   0.000000
-171  -0.035000
-170  -0.025000
-169   0.030000
-168   0.005000
-167  -0.060000
-166  -0.030000
-165   0.035000
-164  -0.005000
-163   0.030000
-162  -0.040000
-161  -0.025000
-160   0.005000
-159   0.070000
-158  -0.080000
-157   0.050000
-156  -0.085000
-155  -0.015000
-154  -0.005000
-153   0.105000
-152   0.030000
-151   0.005000
-150  -0.080000
-149   0.035000
-148   0.095000
-147   0.025000
-146   0.035000
-145  -0.060000
-144  -0.010000
-143  -0.055000
-142   0.010000
-141   0.000000
-140   0.070000
-139  -0.015000
-138   0.000000
-137  -0.060000
-136   0.040000
-135  -0.005000
-134  -0.010000
-133   0.025000
-132   0.030000
-131   0.105000
-130  -0.020000
-129  -0.060000
-128  -0.005000
-127   0.045000
-126  -0.035000
-125   0.125000
-124   0.070000
-123   0.010000
-122  -0.010000
-121  -0.060000
-120  -0.000000
-119  -0.055000
-118   0.015000
-117   0.025000
-116  -0.030000
-115   0.015000
-114  -0.010000
-113  -0.040000
-112   0.050000
-111   0.150000
-110  -0.005000
-109   0.035000
-108  -0.055000
-107   0.030000
-106   0.005000
-105  -0.055000
-104   0.025000
-103   0.005000
-102   0.000000
-101   0.070000
-100  -0.040000
-99   0.065000
-98   0.085000
-97   0.020000
-96  -0.010000
-95   0.050000
-94  -0.060000
-93   0.100000
-92  -0.025000
-91   0.030000
-90  -0.025000
-89   0.010000
-88   0.015000
-87   0.010000
-86   0.020000
-85  -0.000000
-84   0.015000
-83   0.055000
-82   0.080000
-81  -0.115000
-80   0.030000
-79  -0.010000
-78  -0.055000
-77  -0.065000
-76   0.015000
-75  -0.055000
-74   0.105000
-73  -0.045000
-72  -0.080000
-71  -0.050000
-70   0.020000
-69  -0.025000
-68  -0.100000
-67   0.055000
-66  -0.000000
-65   0.025000
-64   0.020000
-63   0.030000
-62  -0.010000
-61   0.040000
-60  -0.040000
-59  -0.015000
-58  -0.100000
-57  -0.020000
-56   0.055000
-55   0.025000
-54  -0.005000
-53  -0.045000
-52  -0.010000
-51  -0.075000
-50  -0.005000
-49   0.045000
-48  -0.005000
-47  -0.065000
-46  -0.075000
-45  -0.000000
-44  -0.055000
-43  -0.035000
-42  -0.010000
-41   0.055000
-40   0.035000
-39  -0.025000
-38   0.040000
-37   0.010000
-36   0.030000
-35   0.000000
-34  -0.055000
-33  -0.045000
-32  -0.015000
-31   0.010000
-30   0.010000
-29   0.075000
-28   0.005000
-27   0.020000
-26  -0.035000
-25   0.020000
-24   0.115000
-23  -0.005000
-22  -0.010000
-21  -0.050000
-20  -0.040000
-19  -0.000000
-18  -0.030000
-17  -0.020000
-16  -0.050000
-15  -0.035000
-14   0.005000
-13   0.090000
-12   0.010000
-11   0.050000
-10  -0.010000
-9  -0.055000
-8  -0.060000
-7   0.105000
-6  -0.010000
-5   0.055000
-4   0.020000
-3  -0.070000
-2  -0.115000
-1   0.100000
