0   0.025000
1  -0.025000
2  -0.050000
3  -0.030000
4  -0.010000
5  -0.005000
6   0.045000
7  -0.085000
8   0.030000
9   0.025000
10  -0.020000
11  -0.030000
12   0.115000
13  -0.060000
14  -0.070000
15   0.060000
16   0.070000
17   0.010000
18   0.020000
19  -0.040000
20  -0.005000
21   0.045000
22  -0.015000
23  -0.000000
24  -0.060000
25  -0.015000
26   0.125000
27   0.035000
28  -0.025000
29   0.075000
30   0.010000
31   0.035000
32  -0.055000
33   0.025000
34   0.030000
35   0.005000
36   0.025000
37   0.010000
38   0.005000
39   0.065000
40   0.025000
41  -0.050000
42   0.010000
43  -0.035000
44  -0.035000
45   0.065000
46   0.060000
47   0.060000
48  -0.035000
49  -0.060000
50   0.010000
51  -0.040000
52  -0.035000
53  -0.030000
54   0.020000
55  -0.015000
56  -0.015000
57   0.025000
58   0.015000
59  -0.020000
60  -0.025000
61   0.060000
62  -0.055000
63   0.005000
64   0.095000
65  -0.030000
66   0.090000
67  -0.035000
68  -0.120000
69  -0.020000
70   0.040000
71  -0.045000
72   0.050000
73   0.030000
74  -0.020000
75  -0.010000
76   0.000000
77  -0.065000
78  -0.075000
79   0.090000
80   0.030000
81   0.025000
82  -0.040000
83   0.065000
84  -0.030000
85   0.020000
86   0.060000
87  -0.085000
88   0.080000
89   0.045000
90   0.040000
91   0.030000
92   0.005000
93   0.090000
94   0.035000
95  -0.005000
96  -0.060000
97  -0.020000
98   0.010000
99  -0.055000
100   0.015000
101   0.005000
102  -0.055000
103   0.080000
104  -0.030000
105   0.045000
106  -0.075000
107  -0.045000
108  -0.035000
109   0.065000
110  -0.085000
111   0.020000
112   0.065000
113  -0.040000
114  -0.010000
115  -0.080000
116   0.050000
117  -0.055000
118   0.030000
119  -0.035000
120  -0.045000
121  -0.025000
122  -0.070000
123   0.005000
124   0.020000
125   0.065000
126  -0.100000
127   0.020000
128  -0.010000
129   0.115000
130  -0.005000
131  -0.030000
132   0.055000
133  -0.020000
134  -0.030000
135  -0.050000
136   0.000000
137   0.025000
138  -0.095000
139   0.055000
140   0.045000
141  -0.055000
142   0.095000
143   0.030000
144  -0.005000
145  -0.020000
146   0.140000
147  -0.070000
148  -0.030000
149  -0.055000
150   0.010000
151   0.060000
152   0.055000
153   0.020000
154  -0.040000
155   0.020000
156  -0.005000
157  -0.085000
158   0.020000
159  -0.025000
160  -0.030000
161  -0.015000
162  -0.015000
163  -0.020000
164   0.005000
165   0.025000
166  -0.030000
167  -0.005000
168  -0.095000
169   0.035000
170   0.030000
171  -0.020000
172  -0.020000
173  -0.020000
174  -0.040000
175  -0.050000
176  -0.020000
177  -0.095000
178   0.030000
179  -0.050000
180   0.105000
181   0.040000
182  -0.035000
183   0.020000
184   0.030000
185   0.020000
186   0.060000
187  -0.020000
188  -0.060000
189   0.000000
190   0.005000
191  -0.065000
192   0.110000
193  -0.020000
194   0.035000
195   0.010000
196   0.005000
197   0.000000
198  -0.120000
199  -0.005000
200   0.085000
201  -0.080000
202   0.055000
203   0.105000
204  -0.040000
205  -0.055000
206   0.095000
207   0.030000
208  -0.030000
209  -0.015000
210   0.015000
211   0.075000
212   0.010000
213   0.030000
214  -0.015000
215   0.005000
216  -0.050000
217   0.020000
218  -0.080000
219   0.035000
220  -0.015000
221  -0.020000
222   0.040000
223  -0.030000
224   0.035000
225   0.045000
226   0.085000
227   0.015000
228   0.050000
229   0.015000
230  -0.065000
231  -0.020000
232  -0.050000
233   0.080000
234  -0.010000
235  -0.005000
236   0.005000
237  -0.085000
238  -0.065000
239  -0.015000
240  -0.040000
241  -0.110000
242  -0.020000
243  -0.055000
244   0.030000
245  -0.095000
246  -0.110000
247   0.040000
248  -0.040000
249  -0.015000
250  -0.030000
251  -0.015000
252   0.025000
253   0.010000
254  -0.060000
255   0.020000
256   0.080000
257   0.025000
258  -0.005000
259   0.030000
260  -0.020000
261  -0.005000
262   0.000000
263   0.090000
264   0.005000
265   0.065000
266  -0.005000
267  -0.080000
268  -0.015000
269   0.025000
270   0.015000
271  -0.035000
272  -0.060000
273   0.030000
274  -0.060000
275  -0.030000
276  -0.045000
277  -0.020000
278   0.045000
279   0.005000
280  -0.005000
281  -0.010000
282  -0.075000
283  -0.015000
284  -0.035000
285   0.000000
286   0.065000
287  -0.000000
288   0.010000
289   0.010000
290  -0.010000
291   0.085000
292  -0.105000
293  -0.025000
294  -0.000000
295  -0.010000
296  -0.040000
297  -0.000000
298   0.075000
299   0.060000
300  -0.045000
301  -0.095000
302  -0.110000
303  -0.030000
304  -0.060000
305   0.020000
306   0.005000
307  -0.015000
308   0.035000
309  -0.070000
310   0.040000
311  -0.010000
312  -0.045000
313   0.010000
314   0.025000
315   0.010000
316  -0.015000
317  -0.020000
318   0.010000
319   0.005000
320  -0.085000
321   0.025000
322  -0.065000
323  -0.065000
324   0.095000
325   0.045000
326   0.065000
327  -0.015000
328  -0.180000
329  -0.070000
330  -0.000000
331   0.025000
332  -0.050000
333  -0.000000
334   0.020000
335  -0.035000
336  -0.025000
337   0.045000
338   0.005000
339  -0.030000
340  -0.055000
341   0.015000
342  -0.050000
343   0.025000
344  -0.065000
345   0.010000
346   0.040000
347   0.065000
348  -0.025000
349   0.055000
350   0.095000
351  -0.060000
352  -0.005000
353   0.040000
354   0.015000
355   0.030000
356   0.060000
357  -0.005000
358   0.025000
359  -0.010000
360  -0.005000
361   0.025000
362   0.055000
363  -0.020000
364  -0.020000
365   0.005000
366  -0.065000
367   0.095000
368   0.035000
369   0.005000
370   0.015000
371  -0.015000
372  -0.010000
373  -0.020000
374   0.020000
375  -0.050000
376   0.055000
377  -0.065000
378  -0.070000
379  -0.080000
380  -0.090000
381  -0.065000
382   0.055000
383   0.040000
384   0.025000
385  -0.010000
386   0.005000
387  -0.015000
388  -0.015000
389   0.005000
390  -0.025000
391   0.045000
392   0.090000
393  -0.020000
394   0.020000
395  -0.020000
396  -0.085000
397  -0.030000
398  -0.050000
399  -0.080000
400   0.025000
401   0.030000
402   0.030000
403   0.050000
404  -0.025000
405  -0.090000
406   0.015000
407  -0.000000
408   0.060000
409  -0.020000
410  -0.005000
411   0.080000
412   0.090000
413   0.015000
414  -0.030000
415   0.005000
416  -0.040000
417   0.060000
418  -0.035000
419  -0.060000
420   0.015000
421   0.015000
422  -0.045000
423   0.040000
424  -0.015000
425  -0.075000
426  -0.070000
427   0.100000
428  -0.035000
429   0.040000
430  -0.005000
431  -0.095000
432   0.020000
433  -0.015000
434  -0.090000
435   0.070000
436   0.025000
437  -0.060000
438   0.020000
439  -0.035000
440  -0.050000
441  -0.005000
442   0.020000
443   0.020000
444  -0.045000
445  -0.060000
446   0.065000
447  -0.075000
448   0.025000
449  -0.005000
450   0.130000
451  -0.095000
452  -0.040000
453  -0.020000
454   0.025000
455  -0.070000
456   0.045000
457   0.050000
458  -0.040000
459  -0.030000
460   0.075000
461   0.050000
462  -0.005000
463   0.035000
464   0.040000
465   0.010000
466   0.050000
467   0.060000
468   0.080000
469   0.040000
470  -0.025000
471  -0.055000
472  -0.065000
473   0.005000
474   0.040000
475   0.015000
476  -0.010000
477  -0.080000
478   0.025000
479  -0.015000
480  -0.040000
481  -0.005000
482   0.045000
483   0.020000
484  -0.040000
485  -0.015000
486  -0.025000
487  -0.015000
488   0.050000
489   0.020000
490   0.010000
491  -0.010000
492  -0.075000
493   0.095000
494  -0.075000
495  -0.030000
496   0.050000
497  -0.050000
498  -0.050000
499   0.000000
500  -0.060000
-499  -0.110000
-498   0.025000
-497  -0.025000
-496  -0.005000
-495   0.050000
-494   0.005000
-493   0.070000
-492   0.000000
-491  -0.030000
-490   0.050000
-489  -0.050000
-488   0.095000
-487  -0.045000
-486   0.000000
-485  -0.035000
-484   0.055000
-483  -0.055000
-482  -0.055000
-481   0.045000
-480  -0.025000
-479  -0.005000
-478   0.045000
-477  -0.055000
-476  -0.055000
-475  -0.015000
-474   0.170000
-473  -0.105000
-472   0.095000
-471   0.020000
-470  -0.010000
-469  -0.055000
-468  -0.005000
-467  -0.040000
-466   0.050000
-465   0.060000
-464  -0.015000
-463  -0.000000
-462  -0.065000
-461   0.020000
-460   0.005000
-459   0.020000
-458   0.005000
-457  -0.025000
-456  -0.020000
-455   0.045000
-454  -0.045000
-453   0.110000
-452   0.050000
-451   0.030000
-450   0.010000
-449   0.030000
-448  -0.035000
-447  -0.075000
-446   0.070000
-445  -0.000000
-444  -0.075000
-443  -0.030000
-442  -0.045000
-441   0.015000
-440   0.095000
-439  -0.045000
-438   0.040000
-437  -0.040000
-436   0.035000
-435  -0.045000
-434  -0.025000
-433   0.085000
-432  -0.005000
-431   0.005000
-430   0.020000
-429  -0.025000
-428  -0.080000
-427   0.050000
-426  -0.105000
-425  -0.015000
-424  -0.015000
-423   0.010000
-422   0.035000
-421  -0.005000
-420  -0.110000
-419   0.030000
-418  -0.000000
-417  -0.015000
-416  -0.105000
-415   0.025000
-414  -0.115000
-413   0.080000
-412  -0.025000
-411  -0.035000
-410   0.045000
-409  -0.125000
-408  -0.055000
-407   0.025000
-406   0.020000
-405   0.045000
-404   0.030000
-403   0.095000
-402  -0.060000
-401   0.040000
-400  -0.025000
-399   0.005000
-398  -0.060000
-397  -0.030000
-396  -0.000000
-395  -0.090000
-394   0.000000
-393  -0.135000
-392  -0.135000
-391  -0.035000
-390  -0.030000
-389   0.005000
-388   0.010000
-387  -0.015000
-386   0.000000
-385  -0.000000
-384  -0.030000
-383  -0.035000
-382  -0.025000
-381  -0.040000
-380  -0.005000
-379   0.010000
-378  -0.090000
-377  -0.005000
-376   0.070000
-375   0.075000
-374  -0.005000
-373  -0.045000
-372  -0.070000
-371  -0.070000
-370   0.025000
-369   0.045000
-368  -0.060000
-367  -0.030000
-366   0.075000
-365   0.090000
-364   0.045000
-363   0.040000
-362   0.055000
-361  -0.050000
-360  -0.025000
-359   0.050000
-358  -0.015000
-357  -0.040000
-356  -0.030000
-355  -0.035000
-354   0.040000
-353   0.030000
-352  -0.135000
-351   0.055000
-350  -0.015000
-349   0.055000
-348  -0.010000
-347   0.035000
-346  -0.060000
-345   0.015000
-344   0.055000
-343   0.000000
-342  -0.070000
-341  -0.005000
-340  -0.015000
-339  -0.035000
-338  -0.020000
-337   0.080000
-336   0.030000
-335  -0.020000
-334   0.030000
-333   0.000000
-332  -0.025000
-331  -0.060000
-330   0.075000
-329  -0.075000
-328  -0.070000
-327  -0.040000
-326  -0.000000
-325   0.025000
-324  -0.010000
-323  -0.070000
-322   0.005000
-321  -0.080000
-320  -0.030000
-319  -0.055000
-318  -0.010000
-317   0.005000
-316  -0.015000
-315  -0.005000
-314   0.085000
-313   0.015000
-312  -0.025000
-311  -0.060000
-310   0.070000
-309  -0.005000
-308  -0.045000
-307   0.080000
-306   0.015000
-305  -0.015000
-304   0.065000
-303  -0.050000
-302  -0.040000
-301  -0.040000
-300  -0.000000
-299   0.005000
-298   0.095000
-297   0.020000
-296   0.000000
-295   0.020000
-294  -0.025000
-293  -0.010000
-292   0.035000
-291   0.030000
-290  -0.050000
-289   0.090000
-288  -0.125000
-287  -0.005000
-286  -0.040000
-285   0.030000
-284  -0.025000
-283   0.015000
-282   0.030000
-281  -0.030000
-280   0.055000
-279  -0.010000
-278   0.060000
-277   0.010000
-276   0.045000
-275   0.030000
-274   0.035000
-273   0.035000
-272   0.025000
-271   0.050000
-270   0.040000
-269   0.045000
-268   0.035000
-267   0.035000
-266   0.030000
-265  -0.025000
-264  -0.010000
-263  -0.005000
-262  -0.080000
-261   0.010000
-260   0.080000
-259   0.060000
-258  -0.000000
-257  -0.030000
-256   0.045000
-255  -0.015000
-254   0.000000
-253  -0.055000
-252  -0.065000
-251   0.030000
-250   0.020000
-249   0.005000
-248  -0.035000
-247  -0.030000
-246   0.040000
-245   0.050000
-244   0.025000
-243   0.065000
-242  -0.050000
-241   0.015000
-240  -0.030000
-239   0.130000
-238   0.025000
-237  -0.025000
-236  -0.025000
-235  -0.045000
-234   0.070000
-233  -0.085000
-232  -0.010000
-231   0.020000
-230  -0.045000
-229  -0.050000
-228  -0.035000
-227  -0.015000
-226   0.050000
-225  -0.045000
-224  -0.025000
-223   0.005000
-222   0.015000
-221   0.035000
-220   0.025000
-219  -0.005000
-218   0.000000
-217   0.045000
-216   0.070000
-215   0.020000
-214  -0.010000
-213   0.030000
-212   0.040000
-211  -0.005000
-210  -0.035000
-209  -0.030000
-208   0.020000
-207  -0.055000
-206  -0.020000
-205   0.035000
-204   0.035000
-203  -0.025000
-202   0.000000
-201  -0.040000
-200   0.060000
-199   0.015000
-198  -0.065000
-197  -0.045000
-196   0.040000
-195  -0.005000
-194   0.005000
-193  -0.055000
-192   0.140000
-191   0.050000
-190   0.060000
-189   0.015000
-188  -0.115000
-187  -0.060000
-186   0.030000
-185   0.065000
-184   0.030000
-183  -0.035000
-182   0.005000
-181  -0.005000
-180   0.050000
-179   0.060000
-178   0.015000
-177  -0.055000
-176  -0.045000
-175  -0.050000
-174   0.010000
-173  -0.060000
-172   0.030000
-171  -0.010000
-170  -0.000000
-169   0.025000
-168  -0.085000
-167   0.050000
-166  -0.055000
-165   0.060000
-164  -0.050000
-163   0.045000
-162   0.055000
-161  -0.015000
-160   0.065000
-159   0.045000
-158   0.060000
-157   0.010000
-156  -0.030000
-155  -0.010000
-154  -0.040000
-153  -0.110000
-152  -0.025000
-151   0.075000
-150  -0.015000
-149   0.070000
-148   0.020000
-147   0.015000
-146   0.015000
-145  -0.040000
-144  -0.065000
-143   0.105000
-142  -0.030000
-141   0.060000
-140  -0.005000
-139  -0.120000
-138  -0.100000
-137  -0.120000
-136  -0.020000
-135  -0.055000
-134  -0.090000
-133  -0.025000
-132  -0.020000
-131  -0.025000
-130  -0.015000
-129  -0.050000
-128   0.015000
-127   0.030000
-126   0.010000
-125  -0.085000
-124  -0.030000
-123   0.030000
-122   0.040000
-121   0.070000
-120  -0.045000
-119   0.010000
-118   0.055000
-117   0.035000
-116  -0.025000
-115   0.020000
-114  -0.005000
-113   0.000000
-112  -0.025000
-111   0.005000
-110  -0.020000
-109  -0.045000
-108   0.000000
-107  -0.115000
-106  -0.030000
-105  -0.020000
-104  -0.025000
-103  -0.035000
-102  -0.020000
-101   0.005000
-100   0.050000
-99  -0.010000
-98  -0.035000
-97  -0.055000
-96   0.005000
-95  -0.015000
-94   0.080000
-93   0.035000
-92   0.020000
-91   0.040000
-90  -0.005000
-89  -0.115000
-88   0.055000
-87  -0.035000
-86  -0.090000
-85   0.100000
-84   0.005000
-83   0.100000
-82   0.030000
-81  -0.050000
-80  -0.010000
-79  -0.045000
-78   0.055000
-77  -0.040000
-76  -0.020000
-75   0.065000
-74  -0.100000
-73  -0.110000
-72  -0.040000
-71   0.100000
-70   0.010000
-69  -0.070000
-68  -0.060000
-67  -0.030000
-66   0.020000
-65  -0.055000
-64  -0.050000
-63   0.055000
-62   0.010000
-61   0.050000
-60   0.000000
-59   0.010000
-58  -0.115000
-57  -0.065000
-56   0.095000
-55  -0.000000
-54   0.010000
-53  -0.075000
-52  -0.045000
-51  -0.045000
-50   0.045000
-49   0.025000
-48  -0.045000
-47   0.055000
-46   0.005000
-45   0.165000
-44   0.015000
-43  -0.015000
-42  -0.020000
-41  -0.030000
-40   0.005000
-39   0.000000
-38  -0.030000
-37  -0.115000
-36  -0.005000
-35   0.045000
-34   0.030000
-33  -0.010000
-32   0.020000
-31   0.025000
-30   0.005000
-29   0.085000
-28   0.005000
-27  -0.000000
-26  -0.015000
-25   0.025000
-24   0.010000
-23  -0.040000
-22   0.040000
-21  -0.030000
-20   0.045000
-19  -0.045000
-18   0.030000
-17  -0.005000
-16   0.075000
-15  -0.030000
-14   0.005000
-13   0.015000
-12  -0.040000
-11  -0.005000
-10   0.015000
-9  -0.055000
-8  -0.010000
-7  -0.090000
-6   0.020000
-5   0.020000
-4   0.005000
-3   0.050000
-2  -0.030000
-1  -0.075000
