0   0.015000
1   0.055000
2   0.055000
3  -0.040000
4  -0.030000
5   0.025000
6   0.080000
7  -0.040000
8  -0.010000
9  -0.030000
10  -0.025000
11   0.040000
12  -0.035000
13   0.020000
14  -0.020000
15   0.085000
16   0.055000
17   0.030000
18   0.055000
19   0.035000
20  -0.060000
21  -0.110000
22  -0.095000
23   0.085000
24  -0.125000
25   0.000000
26   0.035000
27  -0.040000
28  -0.015000
29   0.075000
30   0.025000
31  -0.040000
32  -0.055000
33  -0.015000
34   0.010000
35   0.060000
36   0.015000
37  -0.030000
38   0.080000
39  -0.085000
40   0.045000
41   0.050000
42   0.010000
43   0.020000
44   0.115000
45  -0.080000
46  -0.055000
47  -0.015000
48   0.035000
49   0.015000
50   0.005000
51   0.020000
52   0.010000
53   0.060000
54   0.005000
55   0.035000
56  -0.015000
57   0.010000
58   0.110000
59   0.040000
60   0.005000
61   0.010000
62  -0.110000
63   0.030000
64  -0.020000
65  -0.050000
66  -0.085000
67  -0.030000
68   0.065000
69   0.055000
70   0.105000
71  -0.015000
72   0.090000
73   0.125000
74  -0.070000
75   0.130000
76   0.020000
77  -0.000000
78   0.000000
79   0.025000
80  -0.030000
81  -0.060000
82   0.010000
83  -0.020000
84  -0.020000
85   0.020000
86   0.015000
87   0.010000
88   0.035000
89  -0.050000
90   0.005000
91   0.015000
92   0.040000
93  -0.020000
94  -0.000000
95  -0.065000
96   0.060000
97   0.010000
98   0.025000
99  -0.025000
100  -0.030000
101  -0.045000
102  -0.050000
103   0.090000
104  -0.010000
105   0.010000
106   0.020000
107  -0.055000
108  -0.040000
109   0.025000
110   0.095000
111  -0.010000
112  -0.015000
113   0.055000
114   0.040000
115   0.080000
116  -0.100000
117  -0.045000
118  -0.015000
119   0.060000
120   0.060000
121   0.065000
122  -0.150000
123  -0.050000
124  -0.040000
125   0.005000
126   0.065000
127   0.115000
128  -0.010000
129   0.055000
130   0.040000
131   0.050000
132  -0.040000
133   0.045000
134   0.025000
135   0.060000
136  -0.000000
137   0.025000
138   0.085000
139   0.075000
140  -0.015000
141   0.015000
142  -0.030000
143   0.030000
144  -0.085000
145  -0.000000
146   0.005000
147  -0.120000
148  -0.015000
149   0.000000
150   0.075000
151  -0.070000
152  -0.040000
153  -0.040000
154  -0.095000
155   0.080000
156   0.065000
157   0.010000
158   0.075000
159  -0.030000
160   0.040000
161   0.005000
162   0.035000
163   0.070000
164  -0.045000
165   0.035000
166   0.040000
167   0.010000
168   0.005000
169   0.005000
170  -0.015000
171   0.015000
172  -0.030000
173  -0.065000
174   0.010000
175  -0.015000
176   0.005000
177   0.055000
178   0.020000
179  -0.025000
180  -0.060000
181  -0.030000
182  -0.090000
183  -0.055000
184   0.025000
185  -0.015000
186   0.045000
187  -0.035000
188  -0.070000
189   0.050000
190  -0.085000
191  -0.005000
192  -0.015000
193  -0.050000
194   0.070000
195  -0.010000
196   0.065000
197   0.015000
198   0.000000
199   0.090000
200   0.020000
201  -0.030000
202   0.010000
203   0.045000
204   0.045000
205   0.075000
206  -0.025000
207  -0.035000
208   0.000000
209  -0.015000
210  -0.125000
211  -0.075000
212  -0.040000
213   0.015000
214   0.040000
215   0.090000
216  -0.010000
217   0.030000
218  -0.045000
219   0.020000
220   0.035000
221   0.035000
222  -0.005000
223   0.035000
224   0.035000
225   0.100000
226  -0.040000
227   0.010000
228   0.050000
229  -0.015000
230   0.040000
231   0.045000
232  -0.075000
233   0.050000
234   0.000000
235  -0.025000
236  -0.060000
237   0.015000
238   0.030000
239  -0.155000
240  -0.025000
241  -0.030000
242   0.065000
243  -0.025000
244   0.070000
245   0.080000
246  -0.030000
247  -0.000000
248  -0.090000
249   0.130000
250  -0.105000
251   0.030000
252   0.020000
253  -0.100000
254  -0.040000
255  -0.110000
256   0.060000
257   0.145000
258   0.040000
259  -0.035000
260   0.065000
261   0.030000
262   0.075000
263  -0.015000
264   0.005000
265   0.000000
266   0.085000
267   0.060000
268  -0.085000
269  -0.060000
270  -0.050000
271   0.030000
272  -0.115000
273   0.005000
274  -0.075000
275   0.060000
276  -0.030000
277   0.095000
278  -0.075000
279  -0.035000
280   0.060000
281  -0.050000
282   0.010000
283  -0.055000
284   0.055000
285  -0.105000
286   0.000000
287  -0.060000
288   0.050000
289  -0.080000
290   0.105000
291  -0.040000
292   0.040000
293  -0.080000
294   0.050000
295  -0.005000
296   0.015000
297  -0.060000
298  -0.065000
299  -0.080000
300   0.025000
301   0.005000
302  -0.060000
303  -0.000000
304  -0.040000
305   0.005000
306  -0.020000
307  -0.070000
308  -0.100000
309   0.015000
310   0.045000
311   0.120000
312  -0.100000
313  -0.025000
314  -0.030000
315   0.025000
316   0.030000
317  -0.005000
318   0.055000
319  -0.025000
320   0.000000
321   0.005000
322   0.000000
323   0.110000
324  -0.005000
325   0.015000
326  -0.085000
327  -0.040000
328  -0.020000
329  -0.030000
330  -0.025000
331   0.010000
332   0.100000
333  -0.020000
334  -0.010000
335  -0.045000
336   0.005000
337  -0.005000
338   0.005000
339  -0.050000
340   0.010000
341   0.045000
342   0.065000
343   0.010000
344   0.015000
345   0.055000
346   0.040000
347   0.000000
348  -0.115000
349   0.005000
350  -0.040000
351   0.025000
352   0.010000
353  -0.025000
354  -0.070000
355   0.075000
356  -0.015000
357  -0.050000
358   0.005000
359   0.010000
360  -0.040000
361   0.045000
362   0.055000
363   0.025000
364   0.010000
365   0.030000
366  -0.000000
367   0.040000
368   0.030000
369  -0.100000
370   0.060000
371   0.025000
372  -0.025000
373  -0.085000
374   0.020000
375  -0.010000
376  -0.015000
377  -0.050000
378  -0.020000
379  -0.045000
380  -0.060000
381   0.040000
382   0.025000
383   0.075000
384  -0.075000
385   0.070000
386  -0.045000
387  -0.055000
388  -0.105000
389   0.020000
390   0.070000
391   0.050000
392   0.045000
393   0.030000
394   0.035000
395   0.040000
396  -0.020000
397   0.050000
398   0.045000
399  -0.015000
400   0.025000
401   0.040000
402  -0.060000
403  -0.095000
404   0.030000
405   0.025000
406  -0.025000
407   0.015000
408  -0.010000
409   0.090000
410   0.050000
411  -0.010000
412  -0.020000
413   0.020000
414   0.025000
415  -0.035000
416   0.015000
417  -0.085000
418  -0.055000
419  -0.030000
420  -0.035000
421  -0.045000
422   0.030000
423   0.020000
424  -0.125000
425   0.020000
426  -0.050000
427   0.020000
428  -0.035000
429   0.000000
430   0.055000
431  -0.045000
432  -0.025000
433   0.010000
434  -0.020000
435  -0.120000
436   0.040000
437  -0.060000
438  -0.010000
439   0.000000
440   0.080000
441   0.055000
442  -0.050000
443   0.105000
444  -0.030000
445  -0.025000
446  -0.010000
447   0.035000
448  -0.100000
449   0.090000
450   0.005000
451  -0.060000
452  -0.005000
453   0.080000
454   0.020000
455   0.030000
456  -0.005000
457  -0.110000
458  -0.035000
459  -0.055000
460   0.030000
461  -0.105000
462  -0.060000
463   0.055000
464  -0.085000
465  -0.005000
466  -0.060000
467  -0.045000
468  -0.010000
469  -0.010000
470  -0.020000
471   0.075000
472   0.020000
473  -0.020000
474   0.030000
475   0.030000
476   0.080000
477   0.000000
478   0.000000
479   0.015000
480  -0.020000
481  -0.000000
482  -0.105000
483  -0.025000
484   0.045000
485  -0.005000
486  -0.035000
487   0.000000
488   0.015000
489   0.065000
490   0.055000
491  -0.020000
492   0.035000
493  -0.010000
494   0.000000
495  -0.025000
496  -0.005000
497  -0.030000
498   0.050000
499   0.055000
500  -0.040000
-499   0.005000
-498  -0.040000
-497  -0.000000
-496  -0.010000
-495   0.020000
-494   0.050000
-493  -0.005000
-492   0.070000
-491   0.020000
-490   0.080000
-489   0.045000
-488  -0.025000
-487  -0.005000
-486  -0.010000
-485   0.000000
-484   0.025000
-483   0.040000
-482   0.030000
-481  -0.075000
-480   0.035000
-479  -0.035000
-478   0.025000
-477  -0.015000
-476  -0.080000
-475  -0.065000
-474  -0.070000
-473   0.010000
-472   0.025000
-471  -0.015000
-470  -0.025000
-469   0.115000
-468  -0.100000
-467  -0.065000
-466  -0.055000
-465   0.010000
-464   0.100000
-463  -0.035000
-462  -0.025000
-461   0.075000
-460  -0.040000
-459  -0.010000
-458   0.055000
-457   0.005000
-456   0.015000
-455   0.050000
-454   0.035000
-453  -0.020000
-452   0.030000
-451  -0.020000
-450   0.020000
-449   0.035000
-448  -0.060000
-447   0.070000
-446   0.105000
-445  -0.010000
-444  -0.010000
-443   0.050000
-442   0.000000
-441  -0.075000
-440  -0.070000
-439  -0.005000
-438   0.095000
-437  -0.065000
-436   0.060000
-435   0.060000
-434   0.055000
-433   0.035000
-432   0.070000
-431   0.005000
-430   0.020000
-429   0.120000
-428   0.025000
-427   0.055000
-426  -0.030000
-425  -0.020000
-424   0.040000
-423   0.025000
-422   0.065000
-421   0.010000
-420  -0.025000
-419   0.005000
-418  -0.030000
-417  -0.050000
-416   0.030000
-415   0.035000
-414   0.055000
-413   0.000000
-412   0.050000
-411  -0.010000
-410   0.020000
-409   0.030000
-408   0.050000
-407   0.050000
-406  -0.055000
-405  -0.080000
-404  -0.070000
-403  -0.010000
-402  -0.070000
-401   0.000000
-400  -0.060000
-399   0.020000
-398  -0.020000
-397  -0.060000
-396  -0.035000
-395  -0.045000
-394  -0.000000
-393  -0.115000
-392  -0.010000
-391   0.005000
-390   0.110000
-389   0.020000
-388   0.015000
-387  -0.030000
-386   0.020000
-385  -0.035000
-384  -0.050000
-383   0.050000
-382  -0.070000
-381  -0.025000
-380   0.015000
-379  -0.085000
-378  -0.005000
-377   0.025000
-376  -0.070000
-375  -0.005000
-374  -0.105000
-373   0.050000
-372   0.060000
-371  -0.075000
-370  -0.050000
-369  -0.030000
-368   0.010000
-367   0.005000
-366  -0.045000
-365  -0.040000
-364  -0.025000
-363   0.010000
-362   0.055000
-361   0.010000
-360  -0.065000
-359   0.010000
-358   0.045000
-357  -0.020000
-356  -0.005000
-355   0.020000
-354  -0.015000
-353  -0.055000
-352  -0.035000
-351  -0.045000
-350   0.020000
-349  -0.025000
-348  -0.005000
-347   0.005000
-346  -0.030000
-345  -0.035000
-344   0.045000
-343   0.015000
-342   0.080000
-341   0.035000
-340   0.135000
-339   0.020000
-338  -0.050000
-337  -0.005000
-336   0.140000
-335  -0.020000
-334  -0.065000
-333   0.025000
-332  -0.035000
-331   0.075000
-330   0.015000
-329  -0.050000
-328  -0.020000
-327   0.060000
-326   0.015000
-325   0.025000
-324   0.040000
-323   0.055000
-322   0.005000
-321  -0.075000
-320   0.000000
-319  -0.005000
-318   0.070000
-317   0.040000
-316  -0.020000
-315  -0.010000
-314  -0.020000
-313   0.070000
-312  -0.005000
-311  -0.065000
-310  -0.045000
-309   0.010000
-308   0.045000
-307   0.020000
-306   0.155000
-305  -0.075000
-304  -0.000000
-303   0.035000
-302   0.055000
-301   0.095000
-300   0.050000
-299   0.025000
-298   0.020000
-297  -0.060000
-296   0.060000
-295   0.060000
-294  -0.010000
-293   0.075000
-292  -0.080000
-291  -0.015000
-290  -0.035000
-289   0.035000
-288   0.085000
-287   0.065000
-286   0.080000
-285  -0.120000
-284  -0.065000
-283  -0.010000
-282   0.020000
-281   0.050000
-280  -0.015000
-279  -0.015000
-278  -0.010000
-277   0.030000
-276   0.010000
-275  -0.010000
-274   0.000000
-273  -0.040000
-272  -0.020000
-271   0.065000
-270  -0.005000
-269  -0.030000
-268   0.050000
-267  -0.060000
-266  -0.030000
-265   0.025000
-264   0.000000
-263   0.005000
-262   0.030000
-261   0.065000
-260   0.025000
-259   0.075000
-258   0.125000
-257   0.035000
-256   0.015000
-255  -0.100000
-254  -0.050000
-253   0.100000
-252   0.010000
-251   0.035000
-250   0.025000
-249   0.050000
-248  -0.010000
-247   0.020000
-246  -0.035000
-245  -0.080000
-244  -0.030000
-243  -0.095000
-242   0.005000
-241   0.025000
-240  -0.025000
-239  -0.030000
-238   0.045000
-237  -0.055000
-236  -0.025000
-235  -0.045000
-234  -0.010000
-233  -0.015000
-232   0.055000
-231   0.005000
-230   0.030000
-229   0.010000
-228   0.070000
-227   0.095000
-226   0.080000
-225  -0.045000
-224   0.030000
-223  -0.045000
-222   0.010000
-221  -0.080000
-220   0.025000
-219  -0.050000
-218  -0.125000
-217  -0.070000
-216   0.000000
-215  -0.020000
-214   0.085000
-213   0.050000
-212   0.025000
-211   0.000000
-210  -0.005000
-209   0.025000
-208  -0.070000
-207   0.050000
-206   0.035000
-205   0.025000
-204   0.010000
-203  -0.020000
-202   0.020000
-201   0.060000
-200   0.020000
-199   0.035000
-198   0.060000
-197  -0.035000
-196   0.025000
-195   0.035000
-194  -0.005000
-193   0.060000
-192   0.045000
-191  -0.045000
-190   0.015000
-189   0.045000
-188  -0.030000
-187   0.040000
-186   0.025000
-185   0.010000
-184   0.020000
-183  -0.070000
-182  -0.010000
-181   0.030000
-180   0.015000
-179   0.095000
-178   0.000000
-177   0.060000
-176   0.040000
-175  -0.080000
-174  -0.040000
-173  -0.020000
-172  -0.015000
-171   0.050000
-170   0.030000
-169   0.005000
-168  -0.035000
-167  -0.030000
-166   0.065000
-165  -0.045000
-164  -0.055000
-163  -0.060000
-162   0.155000
-161   0.000000
-160  -0.040000
-159   0.015000
-158   0.035000
-157  -0.075000
-156  -0.065000
-155  -0.035000
-154   0.015000
-153   0.025000
-152   0.025000
-151   0.045000
-150   0.115000
-149   0.000000
-148   0.065000
-147  -0.035000
-146   0.040000
-145   0.010000
-144  -0.005000
-143   0.075000
-142   0.045000
-141  -0.050000
-140  -0.040000
-139   0.015000
-138  -0.010000
-137  -0.050000
-136  -0.035000
-135   0.040000
-134  -0.005000
-133   0.010000
-132  -0.040000
-131  -0.050000
-130   0.095000
-129  -0.070000
-128  -0.005000
-127   0.070000
-126   0.000000
-125  -0.080000
-124   0.025000
-123   0.050000
-122  -0.055000
-121   0.075000
-120  -0.025000
-119  -0.065000
-118   0.005000
-117  -0.015000
-116   0.105000
-115   0.000000
-114   0.095000
-113   0.050000
-112   0.055000
-111  -0.040000
-110  -0.025000
-109  -0.020000
-108  -0.065000
-107   0.020000
-106  -0.050000
-105   0.005000
-104   0.005000
-103   0.005000
-102  -0.045000
-101  -0.065000
-100   0.010000
-99  -0.015000
-98  -0.050000
-97  -0.055000
-96  -0.035000
-95  -0.035000
-94   0.030000
-93   0.040000
-92  -0.105000
-91   0.125000
-90  -0.030000
-89  -0.045000
-88   0.085000
-87   0.035000
-86  -0.010000
-85   0.025000
-84   0.015000
-83  -0.015000
-82  -0.020000
-81   0.000000
-80   0.030000
-79   0.100000
-78  -0.020000
-77   0.055000
-76   0.040000
-75  -0.045000
-74   0.110000
-73  -0.065000
-72   0.010000
-71  -0.090000
-70  -0.020000
-69   0.010000
-68   0.015000
-67   0.045000
-66  -0.060000
-65   0.025000
-64  -0.060000
-63   0.030000
-62   0.030000
-61  -0.020000
-60   0.015000
-59  -0.010000
-58   0.045000
-57  -0.045000
-56   0.020000
-55  -0.015000
-54  -0.045000
-53   0.000000
-52   0.130000
-51  -0.030000
-50  -0.065000
-49   0.055000
-48   0.040000
-47  -0.040000
-46  -0.025000
-45   0.025000
-44   0.010000
-43  -0.015000
-42   0.020000
-41  -0.005000
-40   0.015000
-39  -0.055000
-38   0.045000
-37   0.010000
-36   0.050000
-35   0.095000
-34  -0.080000
-33  -0.075000
-32  -0.115000
-31  -0.045000
-30   0.090000
-29   0.015000
-28   0.050000
-27  -0.010000
-26   0.070000
-25   0.000000
-24   0.035000
-23  -0.020000
-22   0.040000
-21   0.015000
-20   0.020000
-19   0.005000
-18  -0.030000
-17   0.080000
-16  -0.030000
-15  -0.040000
-14  -0.040000
-13   0.020000
-12  -0.015000
-11   0.105000
-10   0.025000
-9   0.020000
-8   0.015000
-7   0.060000
-6  -0.050000
-5   0.010000
-4   0.070000
-3   0.015000
-2  -0.055000
-1  -0.010000
