0  -0.025000
1   0.000000
2   0.025000
3  -0.070000
4  -0.010000
5  -0.005000
6  -0.010000
7  -0.005000
8  -0.075000
9   0.060000
10   0.055000
11   0.005000
12  -0.040000
13   0.090000
14   0.040000
15   0.105000
16  -0.060000
17   0.030000
18  -0.050000
19  -0.020000
20  -0.120000
21   0.015000
22   0.025000
23   0.020000
24  -0.045000
25   0.010000
26  -0.115000
27   0.050000
28   0.040000
29  -0.045000
30  -0.020000
31  -0.110000
32  -0.075000
33  -0.020000
34   0.075000
35  -0.005000
36   0.020000
37  -0.005000
38   0.015000
39  -0.055000
40  -0.005000
41  -0.030000
42  -0.025000
43  -0.040000
44  -0.010000
45   0.000000
46   0.005000
47   0.005000
48   0.060000
49  -0.055000
50  -0.035000
51  -0.070000
52  -0.065000
53   0.030000
54  -0.030000
55   0.005000
56  -0.110000
57  -0.005000
58  -0.005000
59  -0.030000
60   0.050000
61  -0.020000
62  -0.030000
63   0.030000
64   0.055000
65  -0.065000
66   0.015000
67   0.015000
68   0.065000
69  -0.000000
70  -0.075000
71   0.025000
72   0.035000
73   0.010000
74  -0.005000
75   0.055000
76  -0.160000
77  -0.005000
78   0.035000
79   0.045000
80  -0.065000
81  -0.030000
82  -0.040000
83   0.075000
84  -0.080000
85   0.020000
86   0.050000
87   0.025000
88  -0.050000
89   0.035000
90  -0.020000
91   0.060000
92  -0.090000
93   0.025000
94   0.015000
95  -0.085000
96  -0.035000
97  -0.095000
98   0.005000
99   0.020000
100   0.030000
101  -0.120000
102  -0.080000
103  -0.040000
104  -0.070000
105   0.040000
106   0.005000
107   0.030000
108  -0.015000
109  -0.015000
110   0.065000
111   0.005000
112   0.000000
113   0.105000
114   0.035000
115   0.035000
116   0.005000
117   0.080000
118  -0.005000
119   0.110000
120   0.065000
121   0.030000
122  -0.070000
123   0.010000
124   0.010000
125   0.090000
126  -0.060000
127  -0.050000
128   0.030000
129   0.040000
130   0.025000
131   0.020000
132  -0.070000
133  -0.010000
134  -0.030000
135   0.005000
136   0.040000
137   0.015000
138  -0.030000
139   0.090000
140   0.025000
141   0.035000
142  -0.035000
143  -0.015000
144   0.010000
145  -0.070000
146  -0.130000
147  -0.050000
148   0.005000
149   0.060000
150   0.030000
151   0.070000
152   0.030000
153   0.020000
154   0.045000
155  -0.030000
156  -0.080000
157   0.010000
158  -0.005000
159   0.050000
160   0.010000
161   0.010000
162   0.095000
163   0.090000
164   0.050000
165  -0.090000
166   0.055000
167  -0.050000
168   0.065000
169   0.095000
170  -0.085000
171   0.075000
172  -0.050000
173   0.065000
174  -0.015000
175  -0.015000
176   0.070000
177  -0.015000
178   0.030000
179   0.010000
180  -0.025000
181   0.015000
182   0.080000
183  -0.020000
184   0.050000
185  -0.045000
186   0.135000
187  -0.060000
188  -0.010000
189  -0.020000
190   0.075000
191   0.010000
192   0.025000
193  -0.030000
194  -0.030000
195  -0.045000
196   0.070000
197   0.055000
198  -0.010000
199   0.045000
200   0.055000
201  -0.065000
202   0.050000
203   0.020000
204   0.075000
205   0.035000
206  -0.045000
207  -0.015000
208  -0.005000
209  -0.015000
210   0.020000
211   0.020000
212   0.040000
213  -0.035000
214  -0.040000
215  -0.030000
216  -0.025000
217   0.040000
218  -0.030000
219   0.000000
220  -0.045000
221   0.000000
222  -0.065000
223   0.025000
224   0.005000
225   0.055000
226  -0.015000
227  -0.025000
228  -0.020000
229   0.035000
230   0.030000
231  -0.100000
232  -0.035000
233  -0.035000
234   0.060000
235   0.045000
236  -0.020000
237   0.050000
238  -0.035000
239  -0.050000
240   0.015000
241   0.000000
242  -0.025000
243  -0.065000
244  -0.025000
245   0.065000
246   0.050000
247  -0.000000
248  -0.060000
249  -0.055000
250   0.070000
251  -0.010000
252   0.040000
253   0.100000
254   0.005000
255  -0.175000
256  -0.070000
257   0.035000
258  -0.040000
259  -0.015000
260  -0.035000
261   0.000000
262  -0.030000
263   0.010000
264  -0.035000
265  -0.045000
266  -0.065000
267   0.035000
268  -0.020000
269   0.010000
270   0.030000
271  -0.005000
272   0.050000
273   0.095000
274  -0.055000
275   0.020000
276  -0.055000
277  -0.030000
278   0.070000
279  -0.040000
280   0.025000
281  -0.115000
282   0.045000
283  -0.005000
284   0.005000
285   0.040000
286   0.015000
287   0.085000
288  -0.050000
289   0.085000
290   0.080000
291   0.025000
292   0.020000
293   0.040000
294  -0.010000
295  -0.035000
296   0.005000
297   0.045000
298  -0.015000
299   0.045000
300  -0.065000
301   0.110000
302  -0.080000
303  -0.005000
304   0.060000
305   0.045000
306   0.085000
307  -0.025000
308   0.050000
309  -0.040000
310   0.015000
311  -0.030000
312   0.010000
313  -0.055000
314   0.015000
315   0.030000
316  -0.060000
317   0.005000
318  -0.060000
319  -0.030000
320  -0.015000
321   0.055000
322   0.030000
323   0.090000
324  -0.095000
325  -0.025000
326   0.020000
327  -0.050000
328  -0.035000
329   0.010000
330  -0.065000
331  -0.000000
332  -0.030000
333  -0.055000
334   0.000000
335   0.055000
336   0.025000
337   0.035000
338  -0.010000
339  -0.035000
340  -0.115000
341  -0.105000
342   0.020000
343  -0.010000
344  -0.005000
345  -0.045000
346   0.020000
347  -0.030000
348  -0.035000
349  -0.070000
350   0.045000
351   0.045000
352  -0.035000
353   0.050000
354  -0.010000
355  -0.040000
356   0.050000
357  -0.010000
358   0.025000
359  -0.020000
360  -0.025000
361  -0.105000
362   0.005000
363  -0.045000
364   0.040000
365   0.050000
366  -0.030000
367  -0.040000
368   0.005000
369   0.015000
370  -0.010000
371   0.100000
372   0.085000
373   0.030000
374  -0.100000
375   0.075000
376   0.060000
377  -0.030000
378   0.030000
379  -0.005000
380   0.005000
381   0.060000
382   0.105000
383   0.060000
384  -0.035000
385  -0.025000
386   0.035000
387  -0.065000
388   0.025000
389   0.095000
390  -0.020000
391  -0.025000
392  -0.050000
393  -0.045000
394  -0.055000
395   0.070000
396   0.035000
397   0.025000
398  -0.070000
399   0.035000
400  -0.055000
401   0.045000
402   0.025000
403  -0.005000
404  -0.025000
405  -0.060000
406  -0.070000
407  -0.125000
408   0.020000
409  -0.065000
410  -0.100000
411  -0.105000
412  -0.130000
413  -0.015000
414  -0.020000
415   0.030000
416   0.000000
417   0.045000
418   0.060000
419  -0.025000
420  -0.005000
421  -0.170000
422  -0.080000
423  -0.050000
424   0.060000
425   0.020000
426   0.045000
427   0.080000
428   0.055000
429  -0.005000
430  -0.055000
431  -0.040000
432   0.015000
433  -0.030000
434   0.055000
435  -0.045000
436  -0.000000
437  -0.020000
438  -0.005000
439   0.015000
440  -0.010000
441   0.020000
442   0.040000
443   0.035000
444  -0.040000
445   0.010000
446   0.005000
447   0.040000
448  -0.010000
449   0.045000
450   0.035000
451  -0.015000
452  -0.045000
453   0.055000
454   0.000000
455   0.020000
456  -0.015000
457  -0.055000
458  -0.030000
459   0.010000
460   0.055000
461  -0.005000
462   0.005000
463   0.095000
464   0.050000
465   0.020000
466  -0.060000
467  -0.055000
468   0.005000
469  -0.005000
470   0.045000
471  -0.055000
472   0.030000
473   0.035000
474  -0.015000
475  -0.010000
476  -0.035000
477   0.075000
478   0.070000
479   0.005000
480   0.010000
481   0.020000
482   0.040000
483   0.075000
484   0.065000
485   0.055000
486  -0.025000
487  -0.055000
488   0.020000
489  -0.045000
490   0.045000
491  -0.005000
492  -0.065000
493   0.010000
494  -0.060000
495  -0.085000
496  -0.040000
497  -0.085000
498  -0.040000
499  -0.015000
500  -0.055000
-499   0.085000
-498  -0.020000
-497  -0.070000
-496   0.015000
-495  -0.050000
-494  -0.030000
-493  -0.090000
-492   0.015000
-491   0.020000
-490  -0.005000
-489   0.035000
-488  -0.020000
-487  -0.020000
-486   0.010000
-485   0.040000
-484   0.055000
-483   0.020000
-482  -0.050000
-481   0.025000
-480  -0.045000
-479  -0.005000
-478   0.045000
-477  -0.005000
-476  -0.020000
-475  -0.060000
-474   0.060000
-473   0.160000
-472   0.015000
-471   0.045000
-470  -0.050000
-469   0.010000
-468   0.080000
-467   0.000000
-466  -0.060000
-465   0.020000
-464  -0.010000
-463   0.040000
-462   0.090000
-461   0.050000
-460   0.010000
-459  -0.015000
-458   0.030000
-457  -0.055000
-456   0.015000
-455   0.095000
-454  -0.020000
-453   0.040000
-452  -0.045000
-451   0.060000
-450   0.090000
-449   0.100000
-448  -0.040000
-447   0.060000
-446  -0.010000
-445  -0.030000
-444   0.020000
-443  -0.060000
-442  -0.020000
-441  -0.065000
-440   0.050000
-439  -0.065000
-438  -0.045000
-437   0.060000
-436   0.025000
-435  -0.050000
-434  -0.040000
-433   0.005000
-432   0.020000
-431  -0.015000
-430   0.040000
-429   0.030000
-428  -0.025000
-427   0.065000
-426   0.005000
-425  -0.055000
-424   0.020000
-423   0.085000
-422  -0.030000
-421  -0.015000
-420   0.040000
-419  -0.060000
-418   0.105000
-417  -0.025000
-416  -0.080000
-415  -0.075000
-414  -0.090000
-413  -0.050000
-412   0.060000
-411  -0.015000
-410   0.160000
-409  -0.035000
-408   0.005000
-407  -0.075000
-406   0.060000
-405  -0.020000
-404   0.035000
-403  -0.030000
-402   0.000000
-401   0.075000
-400   0.010000
-399  -0.055000
-398   0.005000
-397  -0.005000
-396   0.070000
-395   0.015000
-394  -0.015000
-393  -0.030000
-392   0.025000
-391   0.010000
-390   0.035000
-389   0.005000
-388  -0.030000
-387   0.055000
-386  -0.000000
-385  -0.070000
-384  -0.035000
-383  -0.025000
-382  -0.060000
-381  -0.045000
-380   0.030000
-379   0.035000
-378   0.070000
-377   0.015000
-376  -0.030000
-375  -0.025000
-374   0.000000
-373   0.020000
-372  -0.010000
-371  -0.025000
-370  -0.030000
-369   0.065000
-368  -0.030000
-367   0.065000
-366  -0.020000
-365  -0.110000
-364  -0.035000
-363  -0.050000
-362  -0.020000
-361   0.045000
-360   0.040000
-359   0.020000
-358   0.055000
-357  -0.040000
-356  -0.040000
-355   0.010000
-354  -0.040000
-353  -0.030000
-352  -0.005000
-351   0.030000
-350  -0.035000
-349   0.025000
-348   0.025000
-347   0.000000
-346   0.015000
-345  -0.020000
-344   0.120000
-343  -0.010000
-342   0.010000
-341  -0.025000
-340  -0.035000
-339  -0.045000
-338   0.000000
-337  -0.080000
-336  -0.005000
-335   0.015000
-334   0.010000
-333   0.050000
-332   0.020000
-331  -0.025000
-330   0.035000
-329  -0.025000
-328  -0.065000
-327  -0.030000
-326  -0.075000
-325   0.025000
-324  -0.045000
-323  -0.050000
-322   0.025000
-321   0.005000
-320  -0.015000
-319  -0.005000
-318   0.010000
-317  -0.000000
-316  -0.055000
-315   0.000000
-314  -0.050000
-313   0.025000
-312  -0.020000
-311   0.010000
-310   0.040000
-309   0.080000
-308  -0.070000
-307   0.005000
-306  -0.015000
-305  -0.015000
-304  -0.075000
-303  -0.010000
-302   0.045000
-301  -0.050000
-300  -0.100000
-299   0.060000
-298   0.030000
-297  -0.040000
-296  -0.025000
-295   0.015000
-294  -0.060000
-293  -0.000000
-292   0.090000
-291   0.030000
-290   0.070000
-289  -0.025000
-288   0.080000
-287  -0.055000
-286   0.060000
-285   0.050000
-284   0.025000
-283  -0.065000
-282   0.010000
-281  -0.020000
-280  -0.005000
-279   0.005000
-278   0.000000
-277   0.020000
-276  -0.055000
-275   0.065000
-274  -0.025000
-273  -0.035000
-272  -0.070000
-271   0.040000
-270   0.000000
-269  -0.020000
-268   0.035000
-267  -0.040000
-266  -0.020000
-265  -0.010000
-264  -0.005000
-263   0.060000
-262   0.005000
-261   0.050000
-260   0.040000
-259  -0.030000
-258  -0.005000
-257  -0.040000
-256   0.110000
-255   0.055000
-254   0.085000
-253   0.065000
-252  -0.025000
-251  -0.050000
-250  -0.030000
-249  -0.025000
-248  -0.035000
-247   0.060000
-246   0.020000
-245   0.045000
-244   0.080000
-243  -0.065000
-242  -0.005000
-241   0.040000
-240  -0.020000
-239   0.045000
-238  -0.015000
-237  -0.065000
-236   0.010000
-235   0.025000
-234   0.015000
-233  -0.005000
-232   0.020000
-231  -0.040000
-230   0.010000
-229  -0.045000
-228  -0.035000
-227  -0.010000
-226  -0.020000
-225  -0.045000
-224  -0.025000
-223  -0.045000
-222   0.020000
-221  -0.020000
-220  -0.030000
-219  -0.040000
-218  -0.045000
-217  -0.055000
-216  -0.025000
-215   0.000000
-214   0.075000
-213  -0.035000
-212   0.020000
-211   0.045000
-210   0.050000
-209   0.080000
-208  -0.015000
-207  -0.000000
-206   0.030000
-205   0.035000
-204  -0.130000
-203   0.050000
-202   0.035000
-201   0.045000
-200  -0.035000
-199  -0.035000
-198  -0.075000
-197  -0.025000
-196   0.025000
-195   0.100000
-194  -0.015000
-193   0.040000
-192  -0.070000
-191   0.025000
-190   0.085000
-189  -0.045000
-188  -0.055000
-187  -0.105000
-186   0.030000
-185  -0.035000
-184   0.030000
-183   0.075000
-182  -0.080000
-181  -0.030000
-180   0.030000
-179  -0.055000
-178  -0.060000
-177  -0.080000
-176   0.055000
-175  -0.030000
-174  -0.085000
-173  -0.025000
-172   0.045000
-171  -0.100000
-170   0.030000
-169   0.035000
-168   0.040000
-167  -0.020000
-166  -0.075000
-165   0.040000
-164   0.005000
-163   0.090000
-162  -0.065000
-161  -0.015000
-160   0.005000
-159  -0.075000
-158  -0.110000
-157   0.025000
-156   0.075000
-155   0.040000
-154  -0.025000
-153   0.040000
-152   0.055000
-151   0.010000
-150   0.075000
-149  -0.015000
-148   0.010000
-147  -0.110000
-146   0.010000
-145   0.085000
-144   0.010000
-143  -0.055000
-142   0.025000
-141   0.070000
-140   0.005000
-139  -0.020000
-138  -0.040000
-137  -0.045000
-136  -0.085000
-135   0.050000
-134  -0.050000
-133   0.020000
-132  -0.100000
-131   0.060000
-130  -0.055000
-129  -0.020000
-128   0.060000
-127   0.060000
-126   0.025000
-125  -0.020000
-124   0.040000
-123   0.150000
-122  -0.055000
-121  -0.040000
-120  -0.060000
-119  -0.030000
-118   0.085000
-117   0.085000
-116   0.095000
-115   0.055000
-114  -0.010000
-113   0.090000
-112  -0.025000
-111   0.020000
-110   0.025000
-109   0.005000
-108  -0.010000
-107  -0.065000
-106  -0.035000
-105  -0.030000
-104   0.005000
-103  -0.020000
-102  -0.025000
-101  -0.140000
-100   0.010000
-99  -0.020000
-98  -0.085000
-97   0.040000
-96   0.040000
-95   0.040000
-94   0.075000
-93  -0.015000
-92   0.065000
-91  -0.075000
-90   0.110000
-89   0.050000
-88   0.005000
-87   0.005000
-86  -0.055000
-85   0.045000
-84  -0.050000
-83  -0.075000
-82  -0.030000
-81  -0.035000
-80  -0.040000
-79   0.005000
-78  -0.050000
-77  -0.065000
-76  -0.005000
-75   0.015000
-74  -0.005000
-73  -0.005000
-72  -0.010000
-71  -0.020000
-70   0.095000
-69  -0.040000
-68  -0.020000
-67  -0.035000
-66  -0.025000
-65   0.070000
-64   0.080000
-63   0.025000
-62  -0.030000
-61   0.060000
-60  -0.040000
-59  -0.065000
-58   0.075000
-57  -0.040000
-56   0.005000
-55  -0.025000
-54   0.010000
-53   0.035000
-52   0.055000
-51   0.030000
-50   0.035000
-49   0.050000
-48  -0.020000
-47   0.075000
-46   0.070000
-45  -0.045000
-44  -0.050000
-43   0.055000
-42   0.035000
-41   0.005000
-40  -0.015000
-39   0.005000
-38  -0.015000
-37  -0.040000
-36   0.025000
-35   0.015000
-34   0.025000
-33   0.045000
-32   0.010000
-31   0.060000
-30  -0.005000
-29   0.025000
-28   0.070000
-27  -0.055000
-26   0.000000
-25  -0.015000
-24   0.030000
-23  -0.020000
-22   0.045000
-21  -0.075000
-20   0.010000
-19  -0.040000
-18   0.025000
-17   0.000000
-16  -0.070000
-15   0.010000
-14  -0.035000
-13  -0.120000
-12  -0.100000
-11   0.035000
-10   0.055000
-9  -0.055000
-8  -0.050000
-7  -0.015000
-6   0.050000
-5   0.070000
-4  -0.085000
-3  -0.035000
-2   0.030000
-1  -0.065000
