0   0.005000
1  -0.020000
2   0.045000
3   0.045000
4  -0.065000
5  -0.015000
6   0.015000
7  -0.035000
8   0.095000
9   0.060000
10  -0.025000
11   0.015000
12   0.015000
13   0.045000
14   0.030000
15  -0.020000
16   0.020000
17   0.095000
18  -0.005000
19   0.060000
20   0.015000
21  -0.060000
22   0.045000
23  -0.070000
24   0.075000
25  -0.020000
26   0.035000
27  -0.005000
28  -0.005000
29  -0.040000
30  -0.045000
31   0.060000
32  -0.000000
33  -0.050000
34  -0.050000
35  -0.065000
36  -0.045000
37  -0.010000
38  -0.050000
39  -0.040000
40  -0.040000
41   0.010000
42   0.070000
43  -0.010000
44  -0.025000
45   0.030000
46  -0.035000
47  -0.090000
48   0.055000
49  -0.050000
50   0.080000
51   0.075000
52  -0.015000
53   0.050000
54  -0.045000
55   0.035000
56  -0.040000
57   0.050000
58   0.020000
59  -0.030000
60  -0.075000
61  -0.065000
62   0.105000
63  -0.125000
64   0.035000
65  -0.035000
66   0.030000
67   0.125000
68   0.035000
69   0.015000
70   0.035000
71   0.025000
72   0.035000
73  -0.090000
74  -0.105000
75   0.055000
76   0.050000
77   0.055000
78  -0.020000
79  -0.005000
80   0.015000
81   0.035000
82  -0.040000
83   0.005000
84  -0.055000
85  -0.105000
86  -0.020000
87  -0.065000
88   0.015000
89   0.040000
90  -0.005000
91  -0.070000
92  -0.030000
93   0.045000
94  -0.070000
95   0.060000
96   0.040000
97   0.125000
98   0.045000
99  -0.060000
100  -0.030000
101   0.065000
102  -0.005000
103  -0.030000
104  -0.070000
105   0.080000
106  -0.040000
107   0.035000
108  -0.005000
109   0.000000
110  -0.020000
111  -0.090000
112  -0.025000
113   0.015000
114   0.030000
115  -0.105000
116   0.040000
117   0.020000
118   0.000000
119  -0.020000
120  -0.000000
121  -0.050000
122  -0.015000
123   0.030000
124  -0.005000
125  -0.050000
126  -0.055000
127  -0.030000
128   0.055000
129  -0.015000
130  -0.045000
131  -0.035000
132  -0.100000
133   0.095000
134   0.040000
135  -0.030000
136   0.065000
137   0.035000
138   0.040000
139  -0.035000
140   0.000000
141  -0.105000
142   0.050000
143  -0.030000
144   0.005000
145  -0.140000
146   0.015000
147   0.075000
148   0.035000
149   0.000000
150   0.090000
151   0.075000
152  -0.130000
153   0.010000
154   0.085000
155   0.060000
156   0.020000
157  -0.060000
158  -0.030000
159   0.045000
160   0.030000
161   0.030000
162  -0.020000
163  -0.005000
164   0.035000
165  -0.015000
166  -0.035000
167   0.015000
168  -0.005000
169   0.015000
170   0.045000
171  -0.010000
172   0.015000
173   0.045000
174  -0.015000
175   0.075000
176   0.005000
177   0.020000
178   0.005000
179  -0.065000
180  -0.060000
181  -0.085000
182   0.020000
183  -0.075000
184  -0.015000
185  -0.030000
186   0.025000
187  -0.060000
188   0.010000
189   0.020000
190  -0.040000
191  -0.005000
192   0.125000
193   0.030000
194   0.045000
195   0.050000
196   0.035000
197   0.005000
198  -0.005000
199  -0.030000
200   0.080000
201  -0.095000
202   0.025000
203   0.060000
204  -0.010000
205   0.155000
206  -0.090000
207   0.025000
208   0.010000
209  -0.035000
210  -0.080000
211  -0.030000
212  -0.010000
213   0.010000
214   0.075000
215   0.015000
216   0.020000
217  -0.005000
218   0.065000
219   0.090000
220  -0.015000
221  -0.035000
222  -0.085000
223  -0.040000
224   0.065000
225   0.060000
226  -0.090000
227  -0.025000
228   0.010000
229   0.010000
230   0.045000
231   0.120000
232   0.085000
233  -0.025000
234  -0.045000
235   0.065000
236   0.050000
237  -0.020000
238   0.005000
239  -0.045000
240  -0.080000
241  -0.005000
242   0.025000
243  -0.020000
244  -0.020000
245   0.060000
246  -0.070000
247  -0.010000
248  -0.075000
249   0.065000
250   0.055000
251  -0.015000
252   0.065000
253  -0.010000
254  -0.115000
255   0.050000
256   0.010000
257  -0.060000
258  -0.005000
259  -0.105000
260  -0.020000
261  -0.020000
262  -0.015000
263   0.000000
264  -0.040000
265  -0.030000
266  -0.060000
267   0.010000
268   0.075000
269   0.025000
270   0.005000
271   0.090000
272  -0.010000
273  -0.075000
274   0.005000
275   0.015000
276  -0.105000
277   0.060000
278  -0.010000
279  -0.070000
280   0.035000
281   0.040000
282  -0.045000
283  -0.025000
284  -0.005000
285   0.030000
286   0.020000
287  -0.035000
288  -0.050000
289  -0.040000
290   0.045000
291  -0.055000
292   0.090000
293  -0.075000
294   0.025000
295   0.110000
296  -0.005000
297   0.015000
298  -0.025000
299  -0.005000
300   0.015000
301  -0.045000
302  -0.030000
303   0.005000
304   0.030000
305  -0.050000
306   0.020000
307   0.045000
308  -0.030000
309  -0.015000
310   0.030000
311  -0.015000
312   0.015000
313   0.050000
314   0.030000
315   0.010000
316   0.070000
317  -0.035000
318   0.065000
319   0.060000
320  -0.075000
321   0.015000
322  -0.100000
323  -0.035000
324   0.005000
325  -0.075000
326   0.000000
327  -0.030000
328   0.015000
329  -0.030000
330   0.035000
331   0.020000
332   0.045000
333  -0.075000
334  -0.045000
335  -0.060000
336   0.035000
337  -0.035000
338  -0.005000
339  -0.035000
340   0.050000
341  -0.045000
342  -0.065000
343  -0.040000
344   0.020000
345  -0.035000
346   0.050000
347  -0.040000
348   0.030000
349   0.025000
350  -0.010000
351  -0.060000
352  -0.025000
353  -0.000000
354   0.140000
355  -0.080000
356   0.015000
357   0.045000
358  -0.020000
359   0.010000
360  -0.070000
361  -0.045000
362   0.010000
363  -0.020000
364   0.015000
365   0.010000
366  -0.020000
367  -0.030000
368  -0.030000
369   0.100000
370   0.060000
371  -0.015000
372  -0.005000
373  -0.070000
374   0.090000
375  -0.015000
376  -0.100000
377  -0.015000
378   0.010000
379  -0.020000
380   0.060000
381   0.025000
382   0.020000
383  -0.030000
384   0.000000
385  -0.065000
386  -0.030000
387   0.145000
388  -0.025000
389  -0.005000
390  -0.025000
391   0.120000
392   0.015000
393   0.010000
394   0.010000
395  -0.025000
396  -0.120000
397  -0.050000
398   0.010000
399   0.025000
400   0.080000
401   0.045000
402   0.050000
403   0.025000
404   0.015000
405  -0.050000
406   0.000000
407  -0.105000
408  -0.055000
409  -0.020000
410  -0.010000
411  -0.080000
412   0.040000
413   0.045000
414   0.040000
415   0.010000
416   0.025000
417   0.035000
418  -0.020000
419  -0.000000
420   0.025000
421   0.055000
422   0.000000
423   0.005000
424  -0.065000
425  -0.010000
426  -0.010000
427   0.100000
428   0.110000
429   0.025000
430   0.015000
431  -0.050000
432   0.000000
433   0.020000
434   0.060000
435  -0.015000
436  -0.040000
437   0.020000
438  -0.010000
439   0.035000
440  -0.030000
441   0.030000
442  -0.035000
443   0.000000
444  -0.045000
445   0.025000
446  -0.055000
447   0.045000
448  -0.035000
449  -0.075000
450   0.105000
451  -0.020000
452  -0.085000
453   0.110000
454   0.060000
455  -0.020000
456  -0.045000
457  -0.010000
458  -0.005000
459   0.065000
460   0.010000
461   0.050000
462   0.020000
463   0.075000
464  -0.090000
465  -0.000000
466   0.020000
467  -0.025000
468  -0.065000
469  -0.075000
470   0.020000
471  -0.005000
472   0.055000
473  -0.010000
474   0.005000
475   0.005000
476   0.000000
477  -0.065000
478   0.045000
479   0.015000
480   0.025000
481   0.035000
482  -0.000000
483   0.005000
484   0.010000
485  -0.070000
486   0.065000
487   0.025000
488  -0.035000
489   0.035000
490   0.005000
491   0.010000
492   0.050000
493   0.110000
494  -0.010000
495  -0.075000
496   0.030000
497   0.005000
498   0.005000
499  -0.055000
500  -0.040000
-499  -0.020000
-498  -0.010000
-497  -0.030000
-496   0.055000
-495  -0.035000
-494   0.085000
-493   0.045000
-492   0.015000
-491  -0.045000
-490   0.005000
-489   0.030000
-488  -0.005000
-487   0.030000
-486   0.090000
-485   0.015000
-484   0.045000
-483  -0.040000
-482   0.070000
-481   0.015000
-480   0.005000
-479   0.020000
-478   0.015000
-477   0.010000
-476   0.115000
-475   0.050000
-474  -0.000000
-473  -0.005000
-472  -0.020000
-471  -0.010000
-470   0.000000
-469   0.010000
-468   0.045000
-467   0.000000
-466  -0.020000
-465  -0.010000
-464  -0.025000
-463  -0.045000
-462  -0.005000
-461   0.035000
-460  -0.080000
-459  -0.080000
-458  -0.075000
-457   0.090000
-456   0.015000
-455  -0.030000
-454  -0.040000
-453   0.085000
-452   0.010000
-451   0.020000
-450   0.020000
-449  -0.015000
-448  -0.075000
-447  -0.065000
-446  -0.000000
-445  -0.065000
-444   0.025000
-443   0.010000
-442  -0.025000
-441  -0.005000
-440  -0.010000
-439  -0.015000
-438   0.000000
-437   0.035000
-436  -0.020000
-435   0.055000
-434   0.030000
-433   0.010000
-432   0.085000
-431   0.020000
-430  -0.020000
-429  -0.100000
-428   0.020000
-427   0.065000
-426  -0.040000
-425   0.060000
-424   0.005000
-423  -0.040000
-422  -0.000000
-421  -0.055000
-420   0.045000
-419   0.040000
-418  -0.035000
-417  -0.085000
-416   0.110000
-415   0.015000
-414  -0.040000
-413  -0.045000
-412   0.075000
-411  -0.080000
-410   0.025000
-409  -0.035000
-408  -0.050000
-407   0.015000
-406  -0.080000
-405  -0.015000
-404   0.020000
-403  -0.005000
-402   0.080000
-401  -0.015000
-400  -0.040000
-399  -0.035000
-398   0.070000
-397   0.030000
-396  -0.055000
-395   0.030000
-394   0.010000
-393  -0.000000
-392   0.080000
-391  -0.025000
-390  -0.005000
-389  -0.025000
-388  -0.070000
-387   0.040000
-386  -0.000000
-385  -0.055000
-384  -0.050000
-383   0.030000
-382  -0.065000
-381   0.030000
-380  -0.055000
-379  -0.055000
-378   0.005000
-377   0.055000
-376   0.085000
-375  -0.055000
-374  -0.085000
-373   0.040000
-372  -0.065000
-371   0.035000
-370  -0.025000
-369   0.095000
-368   0.040000
-367   0.025000
-366  -0.065000
-365   0.030000
-364   0.030000
-363   0.005000
-362  -0.025000
-361   0.080000
-360  -0.030000
-359  -0.020000
-358   0.065000
-357  -0.005000
-356   0.010000
-355   0.125000
-354  -0.005000
-353   0.010000
-352   0.065000
-351  -0.020000
-350   0.055000
-349  -0.095000
-348  -0.035000
-347   0.000000
-346   0.100000
-345   0.035000
-344  -0.065000
-343   0.015000
-342  -0.020000
-341   0.010000
-340  -0.010000
-339   0.065000
-338   0.025000
-337  -0.040000
-336  -0.020000
-335   0.065000
-334  -0.035000
-333   0.060000
-332  -0.010000
-331   0.085000
-330   0.040000
-329   0.025000
-328   0.030000
-327   0.045000
-326   0.130000
-325  -0.045000
-324   0.060000
-323   0.025000
-322  -0.030000
-321   0.030000
-320   0.020000
-319   0.030000
-318   0.020000
-317  -0.065000
-316  -0.045000
-315   0.025000
-314   0.070000
-313  -0.030000
-312  -0.025000
-311   0.095000
-310  -0.025000
-309  -0.015000
-308  -0.105000
-307   0.035000
-306  -0.050000
-305  -0.025000
-304  -0.085000
-303   0.035000
-302  -0.000000
-301   0.035000
-300  -0.005000
-299   0.085000
-298  -0.010000
-297   0.015000
-296   0.000000
-295   0.015000
-294   0.055000
-293  -0.135000
-292  -0.035000
-291  -0.020000
-290  -0.005000
-289   0.015000
-288   0.030000
-287   0.000000
-286  -0.055000
-285   0.025000
-284  -0.035000
-283  -0.005000
-282  -0.040000
-281  -0.025000
-280  -0.050000
-279  -0.050000
-278  -0.040000
-277   0.060000
-276   0.030000
-275   0.030000
-274   0.080000
-273   0.015000
-272   0.060000
-271  -0.025000
-270   0.020000
-269   0.030000
-268   0.040000
-267   0.045000
-266   0.030000
-265  -0.020000
-264  -0.085000
-263   0.005000
-262  -0.045000
-261   0.035000
-260   0.045000
-259   0.025000
-258   0.070000
-257   0.060000
-256  -0.025000
-255   0.005000
-254   0.030000
-253   0.020000
-252  -0.025000
-251  -0.015000
-250   0.065000
-249  -0.015000
-248   0.010000
-247  -0.045000
-246   0.075000
-245  -0.040000
-244   0.005000
-243   0.040000
-242   0.010000
-241   0.005000
-240   0.025000
-239   0.005000
-238   0.040000
-237  -0.065000
-236   0.005000
-235  -0.020000
-234   0.050000
-233  -0.020000
-232   0.040000
-231  -0.070000
-230   0.010000
-229   0.050000
-228   0.050000
-227  -0.030000
-226   0.005000
-225   0.015000
-224   0.015000
-223  -0.005000
-222  -0.005000
-221  -0.060000
-220   0.070000
-219  -0.050000
-218   0.015000
-217   0.040000
-216   0.045000
-215  -0.065000
-214  -0.035000
-213   0.090000
-212   0.015000
-211   0.065000
-210  -0.035000
-209   0.020000
-208  -0.055000
-207  -0.060000
-206   0.105000
-205  -0.025000
-204   0.000000
-203  -0.035000
-202  -0.085000
-201  -0.120000
-200   0.075000
-199   0.005000
-198  -0.035000
-197   0.070000
-196   0.005000
-195   0.010000
-194  -0.060000
-193  -0.080000
-192   0.030000
-191   0.110000
-190   0.085000
-189  -0.080000
-188  -0.020000
-187  -0.105000
-186   0.020000
-185   0.025000
-184   0.035000
-183   0.020000
-182  -0.065000
-181  -0.010000
-180  -0.005000
-179   0.000000
-178   0.000000
-177   0.005000
-176   0.015000
-175   0.030000
-174   0.065000
-173   0.010000
-172   0.045000
-171   0.065000
-170  -0.035000
-169  -0.000000
-168  -0.070000
-167   0.075000
-166  -0.065000
-165   0.050000
-164  -0.000000
-163  -0.005000
-162   0.070000
-161   0.020000
-160  -0.040000
-159   0.060000
-158   0.065000
-157  -0.070000
-156   0.045000
-155  -0.045000
-154  -0.100000
-153   0.050000
-152   0.000000
-151  -0.015000
-150  -0.060000
-149  -0.045000
-148   0.045000
-147   0.050000
-146  -0.035000
-145   0.020000
-144   0.010000
-143  -0.025000
-142  -0.040000
-141  -0.000000
-140   0.005000
-139   0.060000
-138   0.035000
-137   0.015000
-136  -0.080000
-135   0.005000
-134  -0.025000
-133   0.015000
-132   0.085000
-131   0.080000
-130   0.040000
-129  -0.000000
-128   0.030000
-127  -0.005000
-126  -0.065000
-125   0.020000
-124   0.070000
-123   0.065000
-122   0.015000
-121   0.065000
-120  -0.020000
-119  -0.020000
-118   0.075000
-117  -0.020000
-116  -0.010000
-115   0.025000
-114   0.010000
-113   0.045000
-112   0.090000
-111  -0.010000
-110   0.055000
-109  -0.075000
-108   0.025000
-107   0.060000
-106  -0.065000
-105  -0.075000
-104  -0.080000
-103  -0.005000
-102   0.090000
-101   0.020000
-100   0.050000
-99  -0.115000
-98   0.030000
-97  -0.040000
-96  -0.020000
-95  -0.050000
-94   0.020000
-93  -0.060000
-92   0.035000
-91  -0.005000
-90  -0.030000
-89   0.075000
-88   0.015000
-87  -0.020000
-86  -0.020000
-85   0.005000
-84   0.125000
-83   0.045000
-82  -0.060000
-81   0.050000
-80   0.055000
-79   0.075000
-78   0.060000
-77   0.070000
-76  -0.060000
-75  -0.050000
-74   0.040000
-73  -0.025000
-72   0.030000
-71  -0.020000
-70   0.020000
-69   0.050000
-68   0.055000
-67   0.045000
-66   0.020000
-65  -0.015000
-64   0.025000
-63  -0.035000
-62   0.065000
-61   0.035000
-60  -0.075000
-59   0.040000
-58   0.005000
-57   0.020000
-56   0.015000
-55  -0.060000
-54   0.080000
-53   0.015000
-52   0.010000
-51  -0.055000
-50   0.030000
-49   0.065000
-48  -0.045000
-47  -0.065000
-46   0.025000
-45  -0.035000
-44  -0.035000
-43  -0.035000
-42  -0.010000
-41  -0.065000
-40  -0.095000
-39   0.085000
-38  -0.025000
-37  -0.060000
-36  -0.010000
-35   0.025000
-34  -0.005000
-33  -0.055000
-32   0.040000
-31  -0.015000
-30  -0.055000
-29   0.045000
-28   0.030000
-27   0.045000
-26   0.055000
-25   0.010000
-24   0.070000
-23  -0.055000
-22   0.010000
-21  -0.010000
-20   0.010000
-19   0.005000
-18  -0.065000
-17   0.065000
-16  -0.040000
-15  -0.015000
-14   0.010000
-13  -0.040000
-12   0.005000
-11  -0.015000
-10  -0.035000
-9   0.010000
-8   0.045000
-7  -0.045000
-6   0.040000
-5  -0.035000
-4  -0.010000
-3  -0.010000
-2   0.000000
-1  -0.070000
