0  -0.100000
1   0.070000
2   0.065000
3   0.075000
4   0.005000
5  -0.050000
6   0.060000
7   0.015000
8  -0.030000
9   0.070000
10   0.005000
11   0.120000
12  -0.010000
13  -0.065000
14  -0.015000
15  -0.025000
16   0.030000
17   0.085000
18   0.005000
19   0.100000
20   0.060000
21  -0.010000
22   0.025000
23  -0.045000
24   0.035000
25  -0.005000
26   0.025000
27  -0.030000
28  -0.005000
29  -0.025000
30   0.015000
31  -0.005000
32   0.065000
33  -0.000000
34  -0.085000
35  -0.035000
36   0.090000
37   0.030000
38   0.005000
39  -0.055000
40   0.065000
41   0.030000
42   0.055000
43   0.005000
44  -0.095000
45  -0.085000
46   0.010000
47   0.125000
48  -0.020000
49   0.010000
50   0.070000
51   0.050000
52   0.060000
53  -0.055000
54   0.020000
55   0.030000
56  -0.025000
57  -0.060000
58   0.005000
59   0.015000
60  -0.070000
61   0.075000
62   0.020000
63   0.010000
64   0.055000
65  -0.000000
66  -0.125000
67  -0.015000
68   0.075000
69   0.010000
70   0.040000
71   0.045000
72   0.020000
73   0.065000
74   0.090000
75   0.055000
76   0.060000
77  -0.010000
78  -0.090000
79  -0.055000
80   0.010000
81  -0.045000
82   0.000000
83   0.070000
84   0.025000
85  -0.035000
86  -0.050000
87   0.000000
88  -0.035000
89  -0.025000
90  -0.120000
91   0.010000
92   0.040000
93   0.005000
94   0.035000
95  -0.040000
96  -0.035000
97   0.010000
98  -0.020000
99   0.035000
100   0.010000
101   0.020000
102  -0.020000
103  -0.040000
104   0.065000
105  -0.060000
106   0.000000
107   0.085000
108   0.035000
109   0.030000
110   0.105000
111   0.040000
112  -0.080000
113  -0.045000
114  -0.010000
115   0.015000
116   0.015000
117  -0.035000
118  -0.040000
119  -0.075000
120   0.055000
121  -0.015000
122   0.010000
123   0.065000
124  -0.005000
125  -0.050000
126  -0.060000
127  -0.040000
128  -0.055000
129  -0.005000
130   0.025000
131  -0.050000
132   0.025000
133   0.035000
134  -0.035000
135  -0.070000
136  -0.010000
137   0.045000
138  -0.005000
139   0.035000
140   0.065000
141   0.080000
142   0.030000
143  -0.065000
144   0.035000
145  -0.130000
146  -0.025000
147  -0.010000
148  -0.080000
149  -0.105000
150  -0.035000
151  -0.090000
152   0.035000
153   0.025000
154  -0.020000
155  -0.100000
156   0.080000
157  -0.100000
158  -0.085000
159   0.020000
160  -0.085000
161   0.040000
162  -0.025000
163   0.070000
164  -0.010000
165   0.055000
166   0.020000
167   0.020000
168   0.030000
169  -0.045000
170  -0.015000
171   0.000000
172  -0.055000
173  -0.020000
174   0.020000
175   0.010000
176  -0.050000
177   0.015000
178  -0.020000
179  -0.015000
180   0.035000
181  -0.015000
182   0.070000
183  -0.055000
184   0.075000
185   0.045000
186   0.030000
187   0.015000
188   0.010000
189  -0.040000
190   0.075000
191   0.030000
192   0.015000
193   0.030000
194   0.045000
195   0.020000
196  -0.010000
197  -0.010000
198  -0.045000
199  -0.045000
200   0.000000
201   0.040000
202  -0.030000
203   0.010000
204   0.030000
205   0.090000
206   0.045000
207  -0.045000
208   0.025000
209   0.025000
210  -0.075000
211   0.020000
212  -0.060000
213  -0.045000
214  -0.015000
215  -0.025000
216   0.080000
217   0.035000
218   0.065000
219   0.040000
220  -0.075000
221  -0.010000
222  -0.030000
223   0.010000
224  -0.025000
225  -0.005000
226  -0.015000
227   0.020000
228   0.045000
229   0.070000
230   0.045000
231  -0.050000
232   0.050000
233  -0.035000
234  -0.015000
235  -0.055000
236  -0.030000
237  -0.090000
238  -0.000000
239   0.060000
240  -0.075000
241  -0.055000
242  -0.045000
243   0.085000
244  -0.030000
245  -0.010000
246  -0.085000
247   0.045000
248  -0.040000
249   0.120000
250  -0.015000
251  -0.005000
252   0.030000
253  -0.080000
254   0.025000
255   0.025000
256  -0.035000
257  -0.040000
258   0.050000
259   0.050000
260   0.010000
261  -0.085000
262   0.030000
263  -0.005000
264  -0.045000
265  -0.050000
266  -0.020000
267  -0.050000
268  -0.020000
269  -0.005000
270   0.030000
271   0.015000
272   0.045000
273  -0.065000
274  -0.040000
275  -0.050000
276   0.100000
277   0.015000
278  -0.090000
279   0.040000
280  -0.020000
281  -0.035000
282   0.055000
283  -0.010000
284  -0.030000
285   0.055000
286  -0.050000
287  -0.015000
288  -0.050000
289   0.020000
290   0.070000
291   0.030000
292  -0.055000
293   0.075000
294  -0.060000
295  -0.030000
296  -0.050000
297  -0.055000
298  -0.005000
299   0.070000
300  -0.095000
301  -0.055000
302  -0.005000
303   0.010000
304   0.050000
305   0.020000
306   0.090000
307  -0.055000
308  -0.045000
309  -0.025000
310  -0.005000
311  -0.015000
312   0.000000
313   0.015000
314   0.055000
315  -0.055000
316  -0.025000
317  -0.040000
318  -0.025000
319  -0.025000
320   0.055000
321  -0.035000
322   0.000000
323  -0.020000
324   0.000000
325  -0.030000
326   0.020000
327   0.010000
328  -0.005000
329   0.000000
330  -0.075000
331  -0.055000
332  -0.035000
333   0.030000
334   0.035000
335  -0.075000
336  -0.005000
337   0.055000
338  -0.020000
339  -0.055000
340  -0.040000
341   0.005000
342  -0.020000
343   0.040000
344  -0.030000
345   0.040000
346   0.030000
347   0.065000
348   0.015000
349   0.005000
350  -0.090000
351   0.010000
352   0.060000
353  -0.035000
354  -0.015000
355   0.065000
356   0.025000
357   0.000000
358   0.010000
359   0.030000
360   0.045000
361  -0.025000
362  -0.050000
363   0.010000
364   0.040000
365   0.065000
366   0.060000
367   0.035000
368   0.070000
369  -0.090000
370   0.035000
371  -0.090000
372  -0.055000
373   0.055000
374  -0.065000
375  -0.105000
376  -0.030000
377   0.015000
378  -0.005000
379   0.020000
380   0.105000
381   0.030000
382  -0.040000
383   0.025000
384  -0.055000
385   0.015000
386   0.030000
387  -0.040000
388  -0.085000
389  -0.100000
390  -0.015000
391  -0.085000
392  -0.015000
393  -0.065000
394   0.050000
395  -0.050000
396   0.005000
397  -0.045000
398   0.015000
399  -0.025000
400   0.020000
401   0.090000
402  -0.035000
403  -0.000000
404  -0.090000
405  -0.025000
406  -0.020000
407   0.000000
408  -0.020000
409   0.035000
410   0.065000
411   0.060000
412  -0.065000
413  -0.035000
414  -0.075000
415   0.025000
416   0.000000
417   0.000000
418   0.030000
419   0.000000
420   0.000000
421  -0.050000
422   0.015000
423   0.115000
424  -0.060000
425   0.025000
426  -0.065000
427  -0.025000
428  -0.020000
429   0.045000
430  -0.055000
431   0.015000
432   0.065000
433  -0.110000
434   0.080000
435   0.050000
436  -0.020000
437  -0.065000
438  -0.060000
439   0.080000
440  -0.010000
441  -0.030000
442  -0.025000
443  -0.000000
444   0.025000
445   0.055000
446  -0.015000
447   0.030000
448  -0.025000
449   0.075000
450  -0.005000
451  -0.085000
452   0.115000
453  -0.070000
454  -0.070000
455  -0.015000
456  -0.010000
457  -0.075000
458   0.030000
459  -0.035000
460   0.050000
461  -0.065000
462  -0.025000
463  -0.015000
464  -0.040000
465  -0.045000
466   0.085000
467   0.020000
468   0.105000
469  -0.000000
470  -0.045000
471   0.015000
472   0.045000
473   0.015000
474   0.015000
475  -0.055000
476   0.095000
477   0.030000
478   0.100000
479   0.045000
480  -0.005000
481  -0.065000
482   0.025000
483   0.000000
484   0.055000
485  -0.020000
486  -0.120000
487   0.035000
488   0.035000
489  -0.070000
490  -0.045000
491   0.055000
492   0.065000
493  -0.040000
494  -0.070000
495   0.050000
496   0.015000
497   0.095000
498   0.095000
499   0.005000
500  -0.055000
-499   0.045000
-498   0.040000
-497  -0.035000
-496   0.000000
-495  -0.010000
-494  -0.020000
-493   0.055000
-492  -0.030000
-491   0.100000
-490   0.045000
-489   0.015000
-488  -0.075000
-487   0.010000
-486  -0.095000
-485   0.080000
-484  -0.030000
-483  -0.025000
-482  -0.085000
-481   0.030000
-480  -0.040000
-479   0.030000
-478   0.045000
-477  -0.060000
-476   0.020000
-475   0.070000
-474   0.035000
-473   0.020000
-472   0.030000
-471   0.000000
-470   0.000000
-469  -0.065000
-468  -0.030000
-467  -0.075000
-466   0.030000
-465  -0.030000
-464  -0.055000
-463   0.065000
-462  -0.035000
-461   0.005000
-460  -0.050000
-459   0.055000
-458   0.025000
-457   0.100000
-456   0.015000
-455  -0.080000
-454   0.030000
-453  -0.070000
-452  -0.010000
-451  -0.070000
-450  -0.055000
-449   0.110000
-448   0.025000
-447   0.090000
-446   0.045000
-445  -0.040000
-444  -0.015000
-443  -0.095000
-442   0.070000
-441  -0.090000
-440   0.030000
-439   0.070000
-438  -0.025000
-437   0.065000
-436   0.055000
-435  -0.025000
-434  -0.055000
-433  -0.020000
-432  -0.070000
-431   0.020000
-430  -0.010000
-429  -0.055000
-428  -0.010000
-427  -0.055000
-426  -0.035000
-425   0.025000
-424   0.040000
-423  -0.035000
-422   0.055000
-421  -0.030000
-420   0.010000
-419  -0.000000
-418  -0.090000
-417   0.025000
-416   0.030000
-415  -0.035000
-414   0.020000
-413   0.040000
-412   0.065000
-411  -0.010000
-410   0.055000
-409   0.025000
-408  -0.010000
-407  -0.065000
-406  -0.095000
-405   0.030000
-404   0.080000
-403  -0.005000
-402   0.015000
-401   0.000000
-400  -0.055000
-399  -0.035000
-398  -0.050000
-397   0.045000
-396   0.055000
-395   0.040000
-394   0.045000
-393  -0.060000
-392   0.015000
-391  -0.025000
-390   0.080000
-389  -0.105000
-388  -0.045000
-387  -0.030000
-386   0.000000
-385  -0.025000
-384   0.100000
-383   0.065000
-382   0.005000
-381   0.010000
-380  -0.030000
-379  -0.100000
-378  -0.065000
-377   0.025000
-376   0.015000
-375   0.020000
-374   0.000000
-373  -0.035000
-372   0.040000
-371   0.010000
-370   0.075000
-369   0.000000
-368   0.000000
-367  -0.010000
-366  -0.075000
-365   0.070000
-364  -0.050000
-363   0.030000
-362   0.040000
-361   0.010000
-360   0.020000
-359   0.050000
-358   0.025000
-357  -0.045000
-356   0.020000
-355  -0.020000
-354   0.035000
-353  -0.030000
-352  -0.030000
-351   0.010000
-350   0.025000
-349  -0.000000
-348   0.000000
-347  -0.005000
-346  -0.005000
-345   0.090000
-344  -0.090000
-343   0.050000
-342  -0.035000
-341   0.095000
-340  -0.105000
-339   0.010000
-338  -0.030000
-337   0.030000
-336  -0.040000
-335   0.025000
-334   0.020000
-333  -0.015000
-332   0.040000
-331  -0.005000
-330  -0.035000
-329   0.050000
-328  -0.025000
-327  -0.030000
-326  -0.045000
-325  -0.025000
-324   0.000000
-323   0.085000
-322  -0.050000
-321  -0.015000
-320  -0.015000
-319  -0.025000
-318  -0.030000
-317  -0.065000
-316   0.075000
-315   0.075000
-314  -0.085000
-313   0.025000
-312  -0.005000
-311  -0.035000
-310  -0.025000
-309  -0.030000
-308   0.040000
-307   0.040000
-306   0.025000
-305   0.030000
-304   0.060000
-303   0.040000
-302   0.040000
-301   0.020000
-300   0.020000
-299  -0.095000
-298   0.005000
-297   0.045000
-296  -0.010000
-295  -0.015000
-294  -0.080000
-293   0.050000
-292  -0.065000
-291   0.055000
-290   0.065000
-289  -0.040000
-288   0.000000
-287   0.035000
-286  -0.040000
-285  -0.005000
-284  -0.025000
-283   0.115000
-282   0.000000
-281   0.020000
-280  -0.025000
-279  -0.040000
-278  -0.035000
-277   0.040000
-276   0.055000
-275   0.025000
-274   0.030000
-273  -0.030000
-272  -0.020000
-271   0.025000
-270   0.055000
-269  -0.035000
-268  -0.045000
-267  -0.045000
-266   0.005000
-265  -0.005000
-264   0.080000
-263   0.030000
-262   0.085000
-261   0.065000
-260  -0.020000
-259   0.010000
-258  -0.060000
-257  -0.015000
-256  -0.010000
-255  -0.030000
-254  -0.050000
-253   0.010000
-252   0.020000
-251  -0.055000
-250   0.080000
-249   0.055000
-248  -0.005000
-247  -0.010000
-246  -0.030000
-245  -0.045000
-244   0.025000
-243   0.050000
-242  -0.045000
-241   0.050000
-240   0.015000
-239  -0.035000
-238  -0.005000
-237   0.005000
-236   0.075000
-235  -0.005000
-234   0.005000
-233  -0.005000
-232  -0.015000
-231   0.025000
-230  -0.055000
-229   0.040000
-228   0.045000
-227  -0.015000
-226   0.000000
-225   0.055000
-224  -0.090000
-223   0.010000
-222   0.030000
-221  -0.090000
-220   0.020000
-219  -0.015000
-218  -0.075000
-217   0.020000
-216  -0.040000
-215  -0.065000
-214  -0.020000
-213  -0.085000
-212   0.050000
-211  -0.060000
-210   0.005000
-209  -0.030000
-208  -0.030000
-207  -0.025000
-206   0.005000
-205   0.080000
-204  -0.010000
-203   0.080000
-202  -0.040000
-201  -0.040000
-200  -0.050000
-199  -0.050000
-198  -0.025000
-197  -0.065000
-196   0.030000
-195   0.000000
-194   0.050000
-193   0.040000
-192   0.065000
-191  -0.045000
-190   0.035000
-189   0.035000
-188   0.050000
-187  -0.045000
-186   0.020000
-185   0.080000
-184  -0.035000
-183  -0.075000
-182  -0.045000
-181   0.030000
-180  -0.050000
-179   0.095000
-178  -0.045000
-177   0.050000
-176  -0.005000
-175   0.000000
-174   0.100000
-173  -0.005000
-172  -0.075000
-171   0.020000
-170   0.015000
-169   0.000000
-168  -0.025000
-167  -0.100000
-166  -0.080000
-165  -0.020000
-164  -0.110000
-163  -0.025000
-162   0.000000
-161  -0.040000
-160   0.000000
-159   0.045000
-158  -0.015000
-157   0.000000
-156   0.010000
-155   0.055000
-154  -0.045000
-153  -0.075000
-152  -0.005000
-151  -0.080000
-150  -0.095000
-149   0.005000
-148  -0.040000
-147   0.010000
-146   0.005000
-145  -0.005000
-144  -0.030000
-143  -0.020000
-142   0.075000
-141   0.065000
-140   0.095000
-139  -0.035000
-138  -0.075000
-137   0.070000
-136   0.035000
-135   0.120000
-134  -0.055000
-133  -0.025000
-132  -0.005000
-131   0.040000
-130  -0.085000
-129   0.005000
-128   0.025000
-127   0.010000
-126   0.035000
-125  -0.030000
-124   0.000000
-123  -0.085000
-122   0.140000
-121   0.035000
-120  -0.065000
-119   0.025000
-118  -0.040000
-117  -0.040000
-116   0.090000
-115   0.015000
-114  -0.025000
-113   0.085000
-112   0.070000
-111  -0.030000
-110  -0.045000
-109   0.020000
-108   0.000000
-107  -0.085000
-106  -0.040000
-105   0.000000
-104   0.000000
-103   0.050000
-102   0.065000
-101  -0.010000
-100  -0.005000
-99   0.000000
-98   0.005000
-97  -0.090000
-96   0.070000
-95  -0.065000
-94   0.080000
-93   0.080000
-92   0.015000
-91   0.005000
-90   0.070000
-89   0.025000
-88   0.065000
-87  -0.035000
-86  -0.020000
-85  -0.020000
-84   0.050000
-83  -0.010000
-82  -0.060000
-81  -0.070000
-80  -0.055000
-79  -0.020000
-78  -0.050000
-77  -0.050000
-76  -0.075000
-75  -0.030000
-74   0.015000
-73  -0.025000
-72  -0.050000
-71  -0.045000
-70   0.015000
-69   0.060000
-68   0.050000
-67  -0.015000
-66  -0.050000
-65  -0.030000
-64   0.005000
-63  -0.010000
-62   0.030000
-61   0.025000
-60  -0.020000
-59   0.115000
-58   0.010000
-57   0.070000
-56  -0.050000
-55   0.025000
-54   0.005000
-53   0.080000
-52   0.035000
-51   0.020000
-50   0.075000
-49  -0.005000
-48   0.075000
-47   0.025000
-46   0.010000
-45  -0.120000
-44   0.050000
-43  -0.025000
-42  -0.030000
-41  -0.005000
-40  -0.020000
-39  -0.090000
-38  -0.075000
-37  -0.010000
-36  -0.015000
-35  -0.010000
-34   0.030000
-33   0.065000
-32   0.005000
-31  -0.015000
-30  -0.035000
-29  -0.035000
-28   0.070000
-27  -0.020000
-26  -0.050000
-25   0.015000
-24   0.045000
-23   0.010000
-22  -0.025000
-21   0.030000
-20   0.070000
-19   0.040000
-18   0.040000
-17  -0.065000
-16  -0.020000
-15   0.005000
-14   0.040000
-13   0.015000
-12   0.030000
-11  -0.010000
-10  -0.035000
-9   0.115000
-8  -0.025000
-7  -0.020000
-6   0.000000
-5  -0.065000
-4   0.010000
-3   0.080000
-2   0.035000
-1   0.000000
