0   0.060000
1   0.070000
2   0.020000
3   0.045000
4  -0.010000
5  -0.030000
6  -0.080000
7  -0.085000
8  -0.070000
9  -0.030000
10  -0.065000
11   0.010000
12   0.020000
13  -0.060000
14  -0.025000
15   0.065000
16   0.050000
17   0.045000
18   0.015000
19  -0.030000
20  -0.015000
21  -0.005000
22  -0.075000
23  -0.115000
24  -0.010000
25  -0.035000
26  -0.060000
27  -0.100000
28  -0.015000
29  -0.020000
30   0.055000
31   0.020000
32  -0.075000
33   0.020000
34  -0.085000
35   0.000000
36  -0.075000
37   0.045000
38   0.035000
39  -0.040000
40  -0.010000
41   0.025000
42  -0.025000
43   0.010000
44   0.010000
45  -0.110000
46  -0.040000
47  -0.010000
48  -0.050000
49  -0.005000
50   0.000000
51  -0.015000
52   0.005000
53  -0.035000
54  -0.005000
55  -0.020000
56  -0.010000
57   0.030000
58  -0.020000
59  -0.025000
60   0.035000
61   0.005000
62  -0.050000
63   0.010000
64   0.035000
65   0.100000
66   0.030000
67   0.020000
68  -0.065000
69  -0.020000
70   0.015000
71  -0.040000
72  -0.105000
73   0.105000
74   0.030000
75  -0.055000
76  -0.040000
77   0.050000
78   0.000000
79   0.055000
80   0.100000
81   0.025000
82  -0.060000
83  -0.030000
84  -0.035000
85  -0.010000
86   0.110000
87   0.000000
88  -0.020000
89   0.020000
90  -0.075000
91  -0.035000
92  -0.025000
93  -0.010000
94   0.085000
95  -0.045000
96  -0.035000
97  -0.055000
98  -0.025000
99  -0.040000
100  -0.015000
101  -0.025000
102  -0.040000
103  -0.010000
104  -0.095000
105  -0.040000
106   0.000000
107  -0.015000
108  -0.020000
109  -0.015000
110   0.000000
111   0.020000
112  -0.010000
113  -0.095000
114   0.005000
115   0.020000
116   0.020000
117  -0.025000
118  -0.070000
119  -0.015000
120  -0.045000
121   0.000000
122  -0.060000
123  -0.105000
124   0.010000
125   0.030000
126   0.080000
127   0.090000
128   0.060000
129   0.100000
130   0.015000
131  -0.085000
132  -0.085000
133  -0.020000
134  -0.025000
135  -0.025000
136   0.045000
137  -0.065000
138   0.085000
139   0.005000
140  -0.060000
141  -0.030000
142   0.060000
143   0.005000
144  -0.030000
145   0.050000
146  -0.145000
147  -0.015000
148   0.045000
149   0.065000
150  -0.030000
151   0.020000
152   0.030000
153   0.015000
154  -0.005000
155   0.015000
156   0.015000
157  -0.070000
158   0.015000
159   0.055000
160   0.035000
161  -0.090000
162   0.085000
163   0.035000
164   0.035000
165   0.000000
166  -0.015000
167   0.000000
168  -0.030000
169   0.110000
170   0.015000
171  -0.020000
172   0.035000
173  -0.010000
174   0.025000
175  -0.015000
176   0.060000
177   0.060000
178  -0.005000
179  -0.080000
180   0.015000
181  -0.065000
182  -0.020000
183  -0.105000
184  -0.075000
185  -0.000000
186  -0.055000
187  -0.015000
188   0.055000
189   0.035000
190  -0.035000
191   0.030000
192   0.015000
193  -0.080000
194  -0.065000
195  -0.010000
196  -0.015000
197  -0.045000
198  -0.015000
199  -0.000000
200  -0.040000
201  -0.060000
202  -0.030000
203  -0.005000
204   0.025000
205  -0.070000
206   0.035000
207  -0.010000
208  -0.030000
209  -0.040000
210   0.000000
211   0.065000
212  -0.060000
213  -0.005000
214   0.040000
215  -0.045000
216  -0.045000
217  -0.025000
218  -0.085000
219   0.075000
220  -0.015000
221   0.015000
222  -0.040000
223  -0.075000
224   0.005000
225  -0.060000
226  -0.085000
227  -0.020000
228  -0.025000
229  -0.015000
230   0.005000
231  -0.020000
232   0.015000
233   0.075000
234   0.015000
235   0.010000
236   0.085000
237   0.080000
238  -0.050000
239   0.060000
240   0.025000
241   0.035000
242   0.070000
243   0.015000
244  -0.045000
245  -0.020000
246   0.060000
247   0.000000
248  -0.045000
249   0.020000
250  -0.030000
251  -0.055000
252  -0.000000
253   0.075000
254  -0.020000
255  -0.015000
256   0.090000
257  -0.010000
258  -0.055000
259   0.040000
260   0.090000
261   0.030000
262   0.025000
263   0.015000
264   0.035000
265  -0.005000
266  -0.060000
267   0.025000
268   0.025000
269  -0.040000
270  -0.005000
271  -0.095000
272  -0.125000
273   0.025000
274   0.035000
275  -0.040000
276  -0.080000
277   0.065000
278  -0.010000
279   0.045000
280   0.115000
281   0.015000
282   0.005000
283   0.055000
284  -0.035000
285   0.025000
286   0.005000
287   0.075000
288  -0.025000
289  -0.140000
290   0.070000
291  -0.040000
292   0.005000
293  -0.065000
294   0.080000
295  -0.055000
296  -0.075000
297   0.030000
298  -0.025000
299   0.005000
300  -0.005000
301  -0.030000
302  -0.035000
303  -0.045000
304  -0.045000
305   0.160000
306  -0.010000
307  -0.010000
308   0.020000
309   0.015000
310   0.005000
311  -0.005000
312   0.095000
313   0.095000
314  -0.055000
315  -0.035000
316  -0.045000
317  -0.040000
318   0.040000
319   0.085000
320  -0.050000
321   0.030000
322  -0.005000
323  -0.065000
324   0.025000
325   0.150000
326  -0.040000
327   0.010000
328  -0.005000
329  -0.020000
330   0.020000
331   0.045000
332  -0.000000
333   0.010000
334  -0.015000
335   0.000000
336   0.130000
337   0.025000
338   0.010000
339   0.010000
340   0.000000
341   0.150000
342   0.055000
343   0.055000
344   0.030000
345  -0.095000
346   0.010000
347   0.055000
348  -0.015000
349  -0.025000
350   0.060000
351   0.020000
352   0.005000
353  -0.025000
354  -0.100000
355  -0.070000
356   0.050000
357   0.030000
358  -0.090000
359   0.015000
360  -0.060000
361  -0.045000
362   0.010000
363  -0.045000
364  -0.085000
365  -0.010000
366  -0.015000
367   0.030000
368  -0.025000
369  -0.035000
370  -0.060000
371  -0.015000
372   0.060000
373   0.025000
374  -0.005000
375   0.005000
376  -0.030000
377  -0.090000
378  -0.040000
379   0.060000
380  -0.050000
381  -0.040000
382   0.010000
383  -0.010000
384  -0.050000
385   0.030000
386  -0.070000
387  -0.060000
388  -0.020000
389  -0.055000
390  -0.020000
391   0.070000
392  -0.020000
393  -0.035000
394  -0.115000
395  -0.035000
396  -0.035000
397   0.060000
398   0.005000
399   0.045000
400  -0.010000
401   0.010000
402   0.010000
403  -0.035000
404  -0.080000
405  -0.000000
406  -0.000000
407   0.005000
408  -0.015000
409  -0.085000
410  -0.025000
411  -0.005000
412  -0.015000
413  -0.035000
414   0.050000
415   0.020000
416   0.040000
417  -0.050000
418   0.125000
419  -0.015000
420   0.025000
421   0.065000
422  -0.055000
423  -0.040000
424   0.015000
425  -0.010000
426   0.080000
427  -0.105000
428  -0.005000
429   0.030000
430  -0.045000
431   0.010000
432   0.010000
433   0.030000
434  -0.025000
435  -0.065000
436  -0.065000
437   0.005000
438   0.025000
439  -0.040000
440  -0.045000
441  -0.035000
442  -0.060000
443   0.025000
444  -0.070000
445  -0.035000
446  -0.010000
447  -0.040000
448  -0.150000
449  -0.040000
450   0.025000
451   0.000000
452   0.045000
453   0.075000
454   0.005000
455  -0.005000
456   0.015000
457  -0.025000
458   0.005000
459   0.020000
460   0.010000
461   0.000000
462   0.005000
463   0.075000
464  -0.120000
465   0.045000
466   0.025000
467   0.060000
468   0.070000
469   0.020000
470   0.020000
471  -0.045000
472  -0.065000
473  -0.075000
474  -0.090000
475  -0.060000
476  -0.060000
477  -0.040000
478   0.010000
479   0.030000
480   0.010000
481   0.030000
482  -0.035000
483  -0.055000
484  -0.005000
485  -0.050000
486  -0.045000
487   0.065000
488   0.020000
489  -0.055000
490   0.015000
491   0.080000
492  -0.030000
493  -0.085000
494   0.040000
495  -0.045000
496  -0.005000
497  -0.015000
498   0.075000
499  -0.045000
500   0.120000
-499   0.025000
-498   0.095000
-497  -0.030000
-496   0.055000
-495  -0.030000
-494   0.065000
-493  -0.110000
-492  -0.005000
-491  -0.005000
-490   0.045000
-489   0.000000
-488   0.040000
-487   0.055000
-486   0.005000
-485  -0.020000
-484  -0.060000
-483   0.010000
-482  -0.020000
-481  -0.070000
-480  -0.035000
-479  -0.075000
-478   0.025000
-477  -0.020000
-476  -0.010000
-475   0.030000
-474  -0.040000
-473   0.075000
-472   0.010000
-471   0.015000
-470  -0.015000
-469   0.070000
-468  -0.005000
-467   0.120000
-466  -0.005000
-465  -0.030000
-464  -0.065000
-463  -0.020000
-462   0.020000
-461  -0.085000
-460  -0.015000
-459   0.060000
-458  -0.045000
-457   0.000000
-456  -0.065000
-455  -0.035000
-454   0.040000
-453  -0.005000
-452   0.045000
-451  -0.010000
-450  -0.030000
-449  -0.010000
-448   0.045000
-447  -0.035000
-446   0.085000
-445  -0.005000
-444  -0.045000
-443  -0.035000
-442   0.050000
-441  -0.085000
-440   0.025000
-439   0.030000
-438   0.090000
-437  -0.060000
-436  -0.020000
-435  -0.005000
-434  -0.025000
-433   0.025000
-432   0.035000
-431  -0.015000
-430   0.005000
-429  -0.010000
-428  -0.010000
-427  -0.065000
-426   0.125000
-425   0.025000
-424  -0.035000
-423  -0.055000
-422  -0.020000
-421   0.100000
-420   0.060000
-419  -0.000000
-418  -0.085000
-417  -0.005000
-416  -0.010000
-415  -0.020000
-414   0.070000
-413  -0.065000
-412   0.085000
-411   0.015000
-410   0.035000
-409  -0.005000
-408  -0.115000
-407  -0.045000
-406   0.010000
-405   0.010000
-404  -0.085000
-403  -0.005000
-402   0.005000
-401   0.035000
-400   0.010000
-399  -0.030000
-398   0.060000
-397   0.025000
-396   0.015000
-395   0.035000
-394  -0.090000
-393  -0.025000
-392   0.040000
-391  -0.070000
-390  -0.020000
-389   0.065000
-388   0.030000
-387   0.035000
-386   0.040000
-385  -0.065000
-384  -0.050000
-383   0.055000
-382   0.060000
-381   0.050000
-380   0.055000
-379  -0.020000
-378   0.070000
-377   0.080000
-376   0.020000
-375  -0.045000
-374   0.090000
-373  -0.065000
-372  -0.000000
-371   0.030000
-370   0.030000
-369   0.040000
-368   0.010000
-367  -0.035000
-366   0.020000
-365  -0.065000
-364  -0.015000
-363   0.035000
-362   0.055000
-361  -0.000000
-360   0.075000
-359   0.040000
-358   0.055000
-357   0.070000
-356   0.020000
-355  -0.015000
-354  -0.000000
-353  -0.020000
-352   0.040000
-351   0.015000
-350  -0.040000
-349   0.050000
-348  -0.060000
-347  -0.105000
-346   0.055000
-345  -0.050000
-344   0.075000
-343  -0.010000
-342  -0.010000
-341   0.010000
-340   0.055000
-339   0.015000
-338   0.120000
-337  -0.085000
-336   0.005000
-335  -0.050000
-334  -0.015000
-333  -0.035000
-332  -0.080000
-331  -0.010000
-330  -0.010000
-329   0.035000
-328   0.050000
-327   0.045000
-326  -0.055000
-325  -0.045000
-324  -0.010000
-323   0.005000
-322  -0.045000
-321  -0.030000
-320   0.070000
-319   0.050000
-318  -0.030000
-317  -0.050000
-316  -0.030000
-315  -0.070000
-314  -0.010000
-313  -0.085000
-312   0.085000
-311  -0.035000
-310  -0.005000
-309   0.060000
-308  -0.030000
-307   0.015000
-306   0.045000
-305   0.000000
-304  -0.005000
-303   0.045000
-302   0.010000
-301  -0.005000
-300   0.070000
-299   0.050000
-298   0.090000
-297   0.020000
-296  -0.040000
-295  -0.030000
-294  -0.015000
-293   0.060000
-292   0.080000
-291   0.045000
-290   0.045000
-289  -0.050000
-288  -0.025000
-287  -0.025000
-286   0.080000
-285  -0.040000
-284   0.005000
-283  -0.005000
-282   0.025000
-281   0.000000
-280   0.025000
-279  -0.000000
-278   0.050000
-277  -0.015000
-276   0.045000
-275  -0.015000
-274  -0.060000
-273   0.005000
-272  -0.010000
-271  -0.005000
-270   0.010000
-269   0.050000
-268   0.025000
-267  -0.025000
-266   0.035000
-265   0.025000
-264  -0.005000
-263   0.020000
-262  -0.015000
-261  -0.075000
-260   0.000000
-259   0.020000
-258   0.035000
-257   0.140000
-256  -0.025000
-255  -0.040000
-254   0.040000
-253   0.030000
-252   0.010000
-251   0.120000
-250   0.020000
-249   0.080000
-248  -0.035000
-247  -0.050000
-246  -0.075000
-245   0.025000
-244  -0.045000
-243  -0.035000
-242   0.050000
-241  -0.035000
-240  -0.020000
-239  -0.055000
-238   0.045000
-237   0.020000
-236   0.010000
-235   0.010000
-234   0.045000
-233   0.010000
-232  -0.005000
-231   0.015000
-230  -0.015000
-229   0.015000
-228  -0.030000
-227  -0.005000
-226  -0.040000
-225   0.045000
-224  -0.075000
-223  -0.100000
-222  -0.015000
-221   0.005000
-220   0.015000
-219   0.025000
-218   0.010000
-217   0.040000
-216   0.030000
-215   0.095000
-214   0.040000
-213  -0.080000
-212   0.015000
-211  -0.060000
-210  -0.015000
-209  -0.085000
-208  -0.005000
-207   0.080000
-206  -0.010000
-205  -0.025000
-204  -0.015000
-203   0.080000
-202   0.055000
-201  -0.015000
-200   0.050000
-199  -0.000000
-198   0.060000
-197   0.055000
-196  -0.075000
-195   0.000000
-194  -0.035000
-193  -0.010000
-192   0.035000
-191  -0.020000
-190  -0.005000
-189   0.020000
-188  -0.040000
-187  -0.025000
-186   0.020000
-185   0.005000
-184   0.085000
-183  -0.015000
-182   0.030000
-181  -0.025000
-180   0.025000
-179  -0.045000
-178  -0.025000
-177   0.010000
-176  -0.040000
-175   0.095000
-174  -0.005000
-173  -0.050000
-172   0.000000
-171  -0.070000
-170   0.005000
-169   0.040000
-168  -0.065000
-167  -0.035000
-166  -0.065000
-165   0.055000
-164   0.030000
-163  -0.015000
-162  -0.150000
-161   0.075000
-160   0.005000
-159   0.020000
-158   0.105000
-157   0.030000
-156  -0.025000
-155   0.005000
-154   0.065000
-153   0.040000
-152  -0.030000
-151   0.060000
-150  -0.015000
-149  -0.040000
-148  -0.040000
-147  -0.015000
-146   0.015000
-145   0.055000
-144   0.025000
-143   0.005000
-142   0.055000
-141   0.030000
-140  -0.015000
-139   0.020000
-138   0.105000
-137  -0.030000
-136  -0.025000
-135   0.065000
-134  -0.060000
-133  -0.015000
-132  -0.005000
-131  -0.015000
-130  -0.075000
-129  -0.030000
-128  -0.020000
-127   0.015000
-126  -0.045000
-125   0.085000
-124  -0.005000
-123  -0.135000
-122   0.025000
-121  -0.015000
-120  -0.045000
-119  -0.045000
-118  -0.070000
-117   0.060000
-116   0.065000
-115  -0.015000
-114   0.010000
-113   0.005000
-112   0.005000
-111   0.070000
-110   0.015000
-109   0.060000
-108  -0.020000
-107   0.040000
-106   0.065000
-105  -0.010000
-104   0.070000
-103  -0.045000
-102  -0.080000
-101  -0.065000
-100  -0.010000
-99  -0.010000
-98  -0.050000
-97   0.020000
-96  -0.035000
-95  -0.020000
-94  -0.015000
-93  -0.035000
-92   0.020000
-91  -0.010000
-90  -0.020000
-89  -0.000000
-88   0.055000
-87   0.010000
-86  -0.060000
-85   0.010000
-84  -0.005000
-83   0.055000
-82  -0.025000
-81   0.005000
-80   0.020000
-79   0.105000
-78   0.020000
-77  -0.000000
-76   0.070000
-75   0.010000
-74  -0.025000
-73   0.115000
-72   0.005000
-71  -0.045000
-70   0.005000
-69   0.005000
-68   0.015000
-67   0.000000
-66   0.005000
-65   0.065000
-64  -0.030000
-63  -0.010000
-62  -0.015000
-61   0.075000
-60  -0.030000
-59   0.015000
-58  -0.020000
-57  -0.075000
-56  -0.020000
-55  -0.065000
-54   0.075000
-53   0.030000
-52   0.035000
-51  -0.050000
-50   0.000000
-49  -0.045000
-48  -0.010000
-47   0.020000
-46  -0.015000
-45   0.025000
-44  -0.045000
-43  -0.025000
-42  -0.055000
-41   0.025000
-40  -0.020000
-39  -0.075000
-38   0.025000
-37   0.030000
-36  -0.005000
-35   0.150000
-34   0.050000
-33  -0.045000
-32  -0.050000
-31  -0.020000
-30  -0.060000
-29   0.035000
-28   0.005000
-27   0.090000
-26   0.115000
-25  -0.025000
-24   0.000000
-23   0.010000
-22   0.000000
-21  -0.125000
-20  -0.040000
-19  -0.015000
-18  -0.080000
-17   0.010000
-16  -0.020000
-15  -0.010000
-14  -0.035000
-13   0.070000
-12   0.005000
-11   0.025000
-10   0.005000
-9  -0.070000
-8  -0.040000
-7  -0.010000
-6   0.030000
-5   0.085000
-4   0.115000
-3  -0.030000
-2   0.005000
-1  -0.100000
