0   0.010000
1  -0.035000
2   0.025000
3  -0.030000
4   0.045000
5  -0.045000
6  -0.035000
7   0.085000
8   0.010000
9   0.010000
10  -0.020000
11  -0.050000
12   0.000000
13  -0.055000
14  -0.025000
15  -0.020000
16  -0.065000
17  -0.010000
18   0.010000
19   0.000000
20   0.025000
21   0.070000
22   0.015000
23  -0.010000
24  -0.070000
25  -0.020000
26   0.040000
27   0.005000
28   0.040000
29  -0.005000
30   0.025000
31   0.055000
32  -0.005000
33   0.055000
34   0.035000
35   0.090000
36   0.015000
37  -0.055000
38   0.015000
39   0.050000
40   0.050000
41   0.035000
42  -0.030000
43  -0.050000
44  -0.050000
45   0.020000
46   0.065000
47  -0.120000
48  -0.050000
49  -0.020000
50  -0.010000
51   0.090000
52  -0.045000
53  -0.010000
54  -0.025000
55   0.060000
56  -0.105000
57   0.045000
58   0.015000
59  -0.015000
60  -0.035000
61  -0.045000
62  -0.060000
63  -0.050000
64  -0.035000
65  -0.015000
66   0.075000
67   0.005000
68   0.020000
69   0.005000
70  -0.020000
71  -0.040000
72   0.020000
73   0.055000
74   0.020000
75  -0.040000
76   0.020000
77  -0.035000
78   0.045000
79   0.045000
80  -0.035000
81  -0.040000
82  -0.035000
83   0.120000
84  -0.015000
85  -0.035000
86   0.000000
87  -0.055000
88   0.045000
89   0.030000
90  -0.100000
91  -0.050000
92   0.055000
93   0.035000
94   0.010000
95  -0.000000
96   0.075000
97  -0.015000
98  -0.100000
99   0.055000
100  -0.010000
101  -0.075000
102   0.020000
103   0.105000
104   0.025000
105   0.015000
106   0.020000
107   0.030000
108  -0.005000
109   0.075000
110   0.020000
111   0.095000
112  -0.020000
113  -0.005000
114   0.050000
115  -0.010000
116  -0.045000
117   0.010000
118   0.015000
119  -0.005000
120   0.065000
121  -0.010000
122  -0.005000
123  -0.030000
124  -0.035000
125  -0.050000
126   0.030000
127  -0.035000
128   0.075000
129  -0.020000
130   0.030000
131   0.010000
132   0.065000
133  -0.030000
134  -0.075000
135  -0.025000
136  -0.025000
137  -0.015000
138   0.090000
139   0.015000
140   0.050000
141   0.085000
142  -0.015000
143   0.055000
144   0.035000
145   0.060000
146   0.010000
147   0.035000
148  -0.040000
149   0.070000
150   0.020000
151   0.000000
152  -0.095000
153   0.055000
154  -0.025000
155  -0.070000
156  -0.020000
157  -0.040000
158   0.000000
159   0.050000
160   0.035000
161  -0.050000
162   0.050000
163   0.015000
164   0.020000
165   0.060000
166  -0.030000
167  -0.035000
168  -0.005000
169   0.030000
170   0.045000
171  -0.010000
172  -0.020000
173   0.060000
174  -0.040000
175   0.060000
176  -0.055000
177   0.015000
178  -0.005000
179   0.010000
180   0.090000
181  -0.040000
182  -0.025000
183  -0.025000
184   0.040000
185  -0.015000
186   0.030000
187  -0.100000
188  -0.010000
189  -0.010000
190  -0.015000
191   0.050000
192  -0.030000
193  -0.025000
194   0.025000
195   0.020000
196  -0.030000
197   0.015000
198   0.045000
199  -0.130000
200  -0.130000
201  -0.080000
202  -0.010000
203   0.010000
204  -0.030000
205  -0.025000
206  -0.020000
207  -0.080000
208   0.010000
209   0.020000
210  -0.015000
211  -0.025000
212  -0.055000
213  -0.020000
214   0.015000
215   0.005000
216   0.045000
217   0.035000
218  -0.085000
219   0.045000
220  -0.030000
221  -0.025000
222  -0.005000
223  -0.035000
224   0.045000
225  -0.060000
226  -0.035000
227   0.000000
228  -0.035000
229   0.015000
230   0.035000
231   0.125000
232   0.005000
233  -0.140000
234  -0.070000
235  -0.035000
236  -0.010000
237  -0.005000
238  -0.055000
239   0.025000
240   0.045000
241   0.025000
242  -0.005000
243   0.025000
244  -0.020000
245  -0.100000
246  -0.050000
247   0.025000
248  -0.010000
249   0.035000
250   0.055000
251  -0.030000
252  -0.100000
253  -0.005000
254   0.060000
255  -0.030000
256   0.085000
257  -0.050000
258   0.060000
259   0.080000
260   0.025000
261  -0.030000
262   0.030000
263  -0.025000
264   0.060000
265  -0.015000
266  -0.015000
267  -0.015000
268   0.040000
269   0.020000
270   0.040000
271   0.005000
272  -0.005000
273  -0.040000
274   0.010000
275   0.010000
276  -0.035000
277   0.025000
278  -0.065000
279   0.025000
280  -0.040000
281   0.010000
282  -0.005000
283   0.010000
284  -0.075000
285   0.010000
286  -0.015000
287  -0.045000
288   0.020000
289  -0.010000
290   0.065000
291   0.060000
292   0.030000
293  -0.040000
294  -0.030000
295  -0.030000
296   0.100000
297   0.005000
298  -0.035000
299  -0.085000
300   0.120000
301  -0.040000
302   0.040000
303  -0.055000
304  -0.015000
305  -0.065000
306   0.000000
307  -0.010000
308   0.030000
309  -0.010000
310   0.065000
311  -0.080000
312   0.060000
313   0.065000
314  -0.050000
315   0.075000
316   0.085000
317   0.055000
318  -0.005000
319   0.020000
320   0.005000
321  -0.070000
322   0.000000
323  -0.070000
324   0.085000
325   0.070000
326   0.070000
327  -0.035000
328   0.035000
329   0.095000
330  -0.020000
331  -0.055000
332  -0.000000
333   0.040000
334  -0.045000
335  -0.060000
336  -0.070000
337  -0.050000
338  -0.015000
339  -0.045000
340   0.020000
341  -0.025000
342   0.035000
343   0.025000
344  -0.055000
345   0.125000
346  -0.030000
347   0.025000
348   0.105000
349   0.005000
350  -0.030000
351  -0.030000
352  -0.040000
353   0.030000
354  -0.015000
355   0.060000
356  -0.010000
357  -0.080000
358   0.030000
359  -0.080000
360  -0.015000
361  -0.020000
362   0.060000
363   0.045000
364  -0.065000
365  -0.055000
366   0.015000
367   0.030000
368  -0.030000
369   0.040000
370  -0.090000
371  -0.025000
372  -0.115000
373   0.025000
374   0.005000
375  -0.020000
376   0.040000
377   0.050000
378  -0.045000
379   0.040000
380   0.035000
381   0.005000
382  -0.020000
383   0.150000
384  -0.060000
385   0.020000
386   0.005000
387   0.060000
388  -0.090000
389   0.005000
390   0.060000
391   0.100000
392   0.030000
393  -0.090000
394   0.070000
395   0.010000
396  -0.070000
397  -0.020000
398  -0.025000
399  -0.045000
400  -0.030000
401   0.105000
402   0.095000
403   0.050000
404  -0.030000
405  -0.090000
406   0.060000
407   0.010000
408  -0.130000
409  -0.015000
410  -0.050000
411  -0.025000
412   0.080000
413   0.060000
414   0.020000
415   0.015000
416   0.075000
417   0.000000
418   0.010000
419  -0.055000
420   0.070000
421   0.015000
422  -0.020000
423  -0.080000
424  -0.055000
425   0.045000
426   0.025000
427   0.030000
428  -0.040000
429   0.015000
430  -0.030000
431  -0.030000
432   0.020000
433  -0.010000
434   0.020000
435   0.040000
436   0.080000
437   0.020000
438   0.065000
439   0.040000
440   0.005000
441  -0.020000
442   0.065000
443   0.005000
444  -0.095000
445   0.065000
446   0.005000
447   0.015000
448   0.005000
449   0.040000
450   0.035000
451  -0.080000
452   0.020000
453   0.085000
454  -0.005000
455   0.050000
456   0.085000
457   0.005000
458  -0.030000
459   0.015000
460  -0.070000
461  -0.020000
462   0.065000
463   0.045000
464   0.130000
465   0.010000
466   0.055000
467  -0.015000
468  -0.045000
469   0.055000
470  -0.055000
471   0.025000
472  -0.020000
473   0.055000
474   0.055000
475   0.095000
476   0.055000
477   0.055000
478  -0.045000
479   0.045000
480   0.010000
481  -0.080000
482   0.020000
483  -0.090000
484   0.030000
485  -0.115000
486   0.015000
487   0.050000
488  -0.090000
489   0.035000
490   0.015000
491  -0.010000
492  -0.040000
493   0.065000
494   0.005000
495   0.050000
496  -0.030000
497   0.075000
498   0.050000
499   0.015000
500  -0.085000
-499  -0.115000
-498  -0.035000
-497   0.045000
-496  -0.050000
-495  -0.095000
-494   0.065000
-493   0.005000
-492  -0.030000
-491  -0.005000
-490   0.005000
-489  -0.030000
-488   0.040000
-487   0.015000
-486   0.150000
-485  -0.015000
-484  -0.005000
-483   0.020000
-482  -0.040000
-481   0.000000
-480  -0.045000
-479  -0.010000
-478   0.100000
-477   0.070000
-476   0.010000
-475  -0.020000
-474   0.005000
-473  -0.000000
-472   0.040000
-471  -0.065000
-470  -0.005000
-469   0.130000
-468  -0.025000
-467  -0.080000
-466  -0.040000
-465   0.075000
-464  -0.035000
-463   0.005000
-462   0.135000
-461  -0.070000
-460  -0.070000
-459   0.005000
-458   0.080000
-457  -0.020000
-456   0.095000
-455  -0.065000
-454  -0.030000
-453  -0.060000
-452  -0.010000
-451  -0.035000
-450   0.060000
-449   0.070000
-448  -0.030000
-447   0.030000
-446  -0.050000
-445  -0.015000
-444  -0.035000
-443  -0.005000
-442   0.050000
-441   0.005000
-440   0.050000
-439   0.005000
-438   0.090000
-437  -0.050000
-436  -0.050000
-435   0.050000
-434   0.000000
-433   0.020000
-432  -0.045000
-431   0.020000
-430  -0.035000
-429   0.000000
-428  -0.080000
-427  -0.100000
-426   0.095000
-425   0.020000
-424   0.005000
-423  -0.025000
-422  -0.055000
-421   0.040000
-420   0.030000
-419  -0.020000
-418   0.040000
-417   0.005000
-416  -0.045000
-415   0.055000
-414   0.015000
-413   0.025000
-412   0.005000
-411   0.030000
-410  -0.010000
-409   0.030000
-408   0.015000
-407  -0.005000
-406   0.005000
-405   0.030000
-404   0.045000
-403  -0.005000
-402  -0.060000
-401  -0.010000
-400  -0.035000
-399   0.015000
-398   0.060000
-397   0.055000
-396   0.075000
-395  -0.100000
-394  -0.050000
-393   0.015000
-392   0.025000
-391   0.045000
-390  -0.040000
-389   0.030000
-388   0.025000
-387  -0.045000
-386  -0.015000
-385   0.095000
-384  -0.020000
-383  -0.105000
-382   0.025000
-381  -0.015000
-380   0.010000
-379  -0.005000
-378   0.000000
-377  -0.105000
-376   0.050000
-375   0.005000
-374   0.030000
-373  -0.055000
-372   0.010000
-371  -0.005000
-370   0.020000
-369   0.060000
-368  -0.010000
-367   0.025000
-366  -0.010000
-365   0.045000
-364   0.010000
-363   0.075000
-362  -0.040000
-361  -0.075000
-360   0.060000
-359   0.010000
-358  -0.085000
-357   0.025000
-356   0.060000
-355  -0.025000
-354  -0.005000
-353   0.060000
-352   0.035000
-351  -0.075000
-350  -0.045000
-349  -0.040000
-348  -0.000000
-347  -0.060000
-346   0.005000
-345   0.015000
-344   0.015000
-343  -0.035000
-342  -0.010000
-341   0.005000
-340  -0.080000
-339  -0.045000
-338   0.020000
-337  -0.015000
-336  -0.020000
-335   0.085000
-334   0.005000
-333   0.055000
-332  -0.140000
-331  -0.020000
-330   0.115000
-329  -0.045000
-328   0.035000
-327  -0.030000
-326   0.035000
-325  -0.005000
-324   0.055000
-323  -0.035000
-322   0.090000
-321   0.000000
-320   0.025000
-319   0.070000
-318  -0.005000
-317   0.025000
-316   0.040000
-315   0.030000
-314   0.060000
-313   0.000000
-312   0.070000
-311  -0.070000
-310  -0.010000
-309   0.000000
-308   0.075000
-307   0.010000
-306  -0.015000
-305  -0.065000
-304   0.020000
-303  -0.010000
-302   0.040000
-301   0.010000
-300   0.060000
-299   0.055000
-298  -0.015000
-297  -0.015000
-296   0.085000
-295  -0.035000
-294  -0.075000
-293  -0.005000
-292   0.035000
-291  -0.090000
-290  -0.000000
-289   0.030000
-288   0.050000
-287  -0.015000
-286  -0.020000
-285  -0.005000
-284  -0.065000
-283   0.040000
-282  -0.080000
-281   0.115000
-280   0.010000
-279   0.025000
-278  -0.055000
-277  -0.105000
-276  -0.045000
-275   0.050000
-274   0.015000
-273  -0.095000
-272   0.025000
-271  -0.100000
-270  -0.030000
-269  -0.045000
-268   0.010000
-267  -0.015000
-266   0.045000
-265   0.085000
-264  -0.005000
-263  -0.035000
-262   0.020000
-261   0.005000
-260  -0.025000
-259   0.050000
-258   0.040000
-257   0.030000
-256   0.000000
-255   0.000000
-254  -0.005000
-253   0.030000
-252   0.020000
-251  -0.015000
-250  -0.030000
-249  -0.010000
-248   0.025000
-247   0.000000
-246   0.005000
-245  -0.040000
-244  -0.060000
-243   0.005000
-242   0.080000
-241  -0.020000
-240  -0.015000
-239  -0.040000
-238   0.020000
-237  -0.045000
-236  -0.000000
-235   0.025000
-234  -0.055000
-233  -0.040000
-232   0.010000
-231   0.015000
-230   0.060000
-229  -0.080000
-228   0.000000
-227  -0.105000
-226  -0.010000
-225   0.010000
-224  -0.010000
-223   0.010000
-222  -0.040000
-221   0.030000
-220   0.035000
-219  -0.065000
-218  -0.055000
-217  -0.025000
-216   0.035000
-215  -0.060000
-214   0.055000
-213  -0.020000
-212   0.040000
-211   0.010000
-210   0.125000
-209   0.120000
-208  -0.090000
-207   0.025000
-206  -0.000000
-205  -0.025000
-204  -0.045000
-203   0.060000
-202  -0.015000
-201   0.040000
-200   0.010000
-199   0.055000
-198  -0.085000
-197   0.030000
-196  -0.040000
-195  -0.060000
-194  -0.070000
-193   0.000000
-192   0.035000
-191   0.040000
-190  -0.050000
-189   0.015000
-188   0.045000
-187  -0.005000
-186   0.050000
-185  -0.075000
-184  -0.055000
-183  -0.075000
-182  -0.005000
-181   0.065000
-180   0.100000
-179   0.070000
-178  -0.020000
-177   0.000000
-176   0.015000
-175   0.045000
-174  -0.015000
-173  -0.020000
-172   0.075000
-171  -0.005000
-170  -0.085000
-169  -0.005000
-168  -0.015000
-167  -0.075000
-166   0.055000
-165   0.010000
-164  -0.050000
-163   0.045000
-162   0.005000
-161   0.005000
-160   0.080000
-159  -0.110000
-158  -0.030000
-157   0.015000
-156   0.010000
-155  -0.040000
-154   0.030000
-153  -0.035000
-152   0.000000
-151  -0.055000
-150   0.055000
-149  -0.010000
-148  -0.045000
-147  -0.085000
-146   0.010000
-145   0.060000
-144   0.055000
-143   0.045000
-142  -0.020000
-141   0.040000
-140  -0.020000
-139  -0.160000
-138   0.090000
-137  -0.010000
-136  -0.065000
-135   0.045000
-134  -0.105000
-133   0.045000
-132   0.010000
-131   0.030000
-130   0.050000
-129  -0.005000
-128  -0.035000
-127   0.145000
-126   0.015000
-125  -0.040000
-124  -0.110000
-123  -0.075000
-122   0.070000
-121   0.020000
-120  -0.090000
-119  -0.050000
-118  -0.085000
-117   0.015000
-116   0.115000
-115  -0.030000
-114  -0.005000
-113  -0.010000
-112  -0.010000
-111   0.020000
-110  -0.065000
-109   0.015000
-108   0.075000
-107   0.005000
-106  -0.020000
-105  -0.055000
-104   0.015000
-103  -0.010000
-102  -0.015000
-101  -0.040000
-100  -0.065000
-99   0.035000
-98  -0.020000
-97  -0.070000
-96  -0.030000
-95   0.030000
-94  -0.115000
-93  -0.120000
-92   0.000000
-91   0.030000
-90   0.035000
-89   0.035000
-88   0.025000
-87  -0.070000
-86   0.010000
-85  -0.040000
-84   0.010000
-83  -0.035000
-82   0.005000
-81   0.000000
-80  -0.010000
-79  -0.025000
-78   0.005000
-77  -0.020000
-76  -0.055000
-75  -0.045000
-74   0.025000
-73  -0.010000
-72   0.015000
-71  -0.055000
-70  -0.010000
-69  -0.010000
-68   0.055000
-67  -0.015000
-66  -0.050000
-65  -0.040000
-64   0.050000
-63   0.020000
-62   0.005000
-61   0.040000
-60   0.035000
-59   0.050000
-58   0.020000
-57  -0.035000
-56   0.015000
-55  -0.030000
-54  -0.020000
-53   0.025000
-52  -0.015000
-51   0.025000
-50  -0.015000
-49  -0.035000
-48  -0.020000
-47   0.040000
-46  -0.010000
-45   0.005000
-44   0.050000
-43  -0.075000
-42  -0.070000
-41   0.090000
-40  -0.045000
-39   0.055000
-38   0.010000
-37  -0.025000
-36   0.080000
-35  -0.045000
-34  -0.055000
-33  -0.030000
-32   0.055000
-31   0.075000
-30  -0.010000
-29   0.015000
-28   0.020000
-27  -0.015000
-26  -0.060000
-25   0.005000
-24   0.015000
-23  -0.050000
-22   0.015000
-21   0.030000
-20   0.030000
-19  -0.075000
-18  -0.015000
-17   0.025000
-16   0.035000
-15   0.010000
-14  -0.045000
-13   0.055000
-12   0.010000
-11  -0.060000
-10   0.030000
-9   0.020000
-8   0.000000
-7  -0.030000
-6   0.065000
-5  -0.045000
-4  -0.020000
-3  -0.090000
-2  -0.040000
-1  -0.020000
