0   0.055000
1  -0.040000
2   0.040000
3  -0.020000
4  -0.045000
5  -0.005000
6   0.030000
7  -0.030000
8  -0.000000
9   0.050000
10   0.030000
11  -0.095000
12   0.085000
13  -0.150000
14  -0.035000
15  -0.075000
16   0.095000
17   0.105000
18   0.060000
19  -0.065000
20   0.020000
21  -0.105000
22  -0.000000
23  -0.090000
24  -0.020000
25  -0.010000
26  -0.015000
27  -0.050000
28  -0.100000
29   0.030000
30   0.000000
31   0.005000
32   0.035000
33   0.005000
34  -0.105000
35   0.025000
36  -0.070000
37  -0.015000
38   0.020000
39  -0.045000
40  -0.045000
41  -0.000000
42  -0.005000
43  -0.050000
44  -0.080000
45   0.065000
46   0.015000
47  -0.030000
48  -0.005000
49   0.010000
50  -0.000000
51   0.035000
52   0.025000
53   0.060000
54  -0.055000
55   0.115000
56  -0.070000
57  -0.005000
58   0.085000
59  -0.005000
60  -0.070000
61  -0.070000
62   0.010000
63   0.060000
64  -0.005000
65   0.030000
66   0.075000
67   0.030000
68  -0.065000
69  -0.015000
70  -0.005000
71   0.010000
72  -0.015000
73   0.030000
74   0.005000
75  -0.025000
76   0.005000
77  -0.045000
78   0.020000
79   0.005000
80  -0.035000
81  -0.010000
82  -0.020000
83   0.030000
84  -0.080000
85   0.000000
86   0.035000
87   0.020000
88  -0.030000
89   0.020000
90   0.025000
91   0.125000
92  -0.020000
93  -0.065000
94  -0.040000
95  -0.040000
96  -0.015000
97   0.035000
98   0.015000
99   0.060000
100   0.025000
101   0.050000
102  -0.020000
103  -0.005000
104  -0.030000
105  -0.015000
106  -0.045000
107   0.050000
108  -0.055000
109  -0.045000
110  -0.035000
111  -0.050000
112   0.080000
113   0.015000
114   0.065000
115  -0.020000
116   0.015000
117   0.070000
118   0.035000
119  -0.015000
120  -0.030000
121  -0.005000
122   0.045000
123  -0.070000
124  -0.020000
125  -0.040000
126   0.035000
127  -0.090000
128  -0.030000
129  -0.045000
130  -0.070000
131   0.025000
132   0.000000
133  -0.010000
134   0.115000
135  -0.120000
136   0.015000
137  -0.055000
138  -0.030000
139   0.035000
140   0.015000
141   0.070000
142   0.005000
143  -0.075000
144   0.015000
145   0.010000
146  -0.015000
147  -0.015000
148  -0.015000
149   0.055000
150   0.055000
151  -0.000000
152  -0.035000
153   0.005000
154  -0.050000
155  -0.045000
156  -0.040000
157   0.075000
158   0.035000
159  -0.050000
160  -0.040000
161  -0.035000
162   0.010000
163  -0.040000
164  -0.000000
165  -0.030000
166  -0.010000
167   0.055000
168  -0.030000
169   0.010000
170   0.025000
171  -0.015000
172  -0.135000
173   0.030000
174   0.025000
175   0.035000
176   0.030000
177   0.010000
178  -0.010000
179  -0.020000
180   0.025000
181   0.015000
182  -0.075000
183   0.035000
184   0.010000
185  -0.005000
186   0.030000
187   0.000000
188   0.035000
189   0.010000
190   0.080000
191   0.035000
192   0.035000
193  -0.015000
194   0.060000
195  -0.055000
196  -0.025000
197  -0.020000
198  -0.065000
199   0.020000
200  -0.030000
201  -0.005000
202   0.020000
203   0.065000
204   0.040000
205  -0.040000
206   0.040000
207  -0.045000
208  -0.025000
209   0.000000
210  -0.045000
211   0.010000
212   0.045000
213  -0.060000
214   0.060000
215   0.010000
216  -0.030000
217  -0.070000
218   0.090000
219  -0.045000
220   0.020000
221   0.010000
222  -0.010000
223  -0.050000
224   0.060000
225  -0.085000
226  -0.020000
227  -0.110000
228  -0.025000
229  -0.085000
230  -0.060000
231   0.025000
232   0.115000
233   0.025000
234  -0.030000
235   0.085000
236   0.005000
237   0.015000
238   0.075000
239   0.000000
240  -0.040000
241   0.000000
242   0.040000
243  -0.090000
244   0.025000
245   0.005000
246   0.100000
247   0.050000
248  -0.015000
249   0.055000
250  -0.010000
251   0.140000
252   0.030000
253  -0.005000
254  -0.030000
255   0.060000
256   0.080000
257   0.060000
258  -0.060000
259  -0.035000
260   0.075000
261   0.055000
262   0.090000
263  -0.050000
264  -0.030000
265   0.025000
266   0.065000
267   0.050000
268  -0.010000
269   0.085000
270  -0.040000
271  -0.020000
272  -0.090000
273  -0.035000
274   0.025000
275   0.010000
276  -0.015000
277   0.085000
278  -0.045000
279  -0.055000
280  -0.085000
281   0.035000
282   0.110000
283  -0.015000
284   0.020000
285  -0.040000
286   0.045000
287   0.035000
288   0.055000
289   0.090000
290   0.005000
291   0.010000
292   0.080000
293   0.100000
294  -0.045000
295  -0.015000
296   0.085000
297   0.000000
298  -0.040000
299  -0.100000
300   0.025000
301   0.070000
302   0.045000
303  -0.005000
304  -0.075000
305  -0.025000
306  -0.010000
307   0.045000
308  -0.035000
309   0.050000
310   0.055000
311  -0.050000
312   0.080000
313  -0.050000
314   0.050000
315  -0.045000
316   0.000000
317  -0.020000
318  -0.040000
319   0.105000
320   0.065000
321  -0.025000
322   0.010000
323   0.070000
324   0.020000
325   0.075000
326   0.105000
327  -0.010000
328   0.005000
329  -0.060000
330   0.135000
331   0.085000
332  -0.025000
333  -0.090000
334   0.015000
335   0.000000
336  -0.040000
337   0.025000
338   0.005000
339   0.025000
340   0.035000
341   0.085000
342  -0.020000
343   0.005000
344   0.105000
345   0.030000
346   0.020000
347   0.030000
348  -0.045000
349  -0.025000
350  -0.040000
351  -0.055000
352   0.005000
353  -0.070000
354  -0.070000
355   0.020000
356   0.010000
357   0.040000
358  -0.095000
359   0.115000
360  -0.065000
361   0.025000
362   0.010000
363  -0.055000
364  -0.115000
365  -0.015000
366   0.025000
367   0.035000
368  -0.020000
369   0.040000
370  -0.045000
371   0.030000
372  -0.010000
373   0.060000
374  -0.050000
375  -0.055000
376   0.040000
377   0.030000
378  -0.065000
379  -0.085000
380  -0.080000
381   0.020000
382   0.045000
383   0.005000
384   0.000000
385   0.025000
386  -0.055000
387  -0.050000
388   0.010000
389  -0.070000
390   0.065000
391  -0.010000
392   0.045000
393  -0.010000
394  -0.025000
395   0.050000
396   0.020000
397  -0.025000
398   0.060000
399   0.025000
400   0.065000
401  -0.025000
402  -0.005000
403   0.025000
404  -0.115000
405   0.035000
406  -0.070000
407  -0.025000
408  -0.010000
409  -0.030000
410   0.055000
411  -0.075000
412  -0.045000
413   0.040000
414  -0.025000
415   0.025000
416  -0.015000
417   0.045000
418   0.030000
419   0.060000
420  -0.040000
421  -0.035000
422  -0.045000
423  -0.025000
424   0.030000
425  -0.010000
426  -0.055000
427  -0.050000
428   0.000000
429  -0.005000
430   0.055000
431  -0.030000
432   0.015000
433  -0.035000
434   0.060000
435   0.060000
436  -0.000000
437  -0.040000
438   0.015000
439   0.005000
440   0.025000
441   0.030000
442  -0.100000
443   0.050000
444   0.055000
445  -0.065000
446  -0.025000
447  -0.070000
448   0.095000
449  -0.020000
450  -0.010000
451   0.010000
452   0.045000
453  -0.010000
454   0.100000
455   0.025000
456   0.085000
457  -0.110000
458  -0.045000
459  -0.015000
460   0.025000
461  -0.040000
462   0.040000
463   0.040000
464   0.120000
465   0.025000
466  -0.065000
467  -0.025000
468  -0.065000
469   0.005000
470   0.040000
471   0.000000
472   0.020000
473   0.030000
474   0.095000
475  -0.025000
476   0.070000
477  -0.005000
478   0.080000
479   0.050000
480  -0.045000
481  -0.030000
482  -0.020000
483  -0.020000
484  -0.065000
485  -0.015000
486   0.005000
487   0.030000
488  -0.100000
489   0.050000
490   0.025000
491   0.005000
492  -0.015000
493  -0.100000
494  -0.020000
495  -0.060000
496  -0.020000
497  -0.025000
498  -0.015000
499  -0.065000
500   0.020000
-499   0.085000
-498   0.020000
-497  -0.090000
-496   0.105000
-495  -0.030000
-494  -0.010000
-493   0.030000
-492  -0.025000
-491   0.090000
-490  -0.020000
-489   0.020000
-488   0.000000
-487   0.035000
-486   0.015000
-485  -0.020000
-484   0.070000
-483  -0.075000
-482   0.075000
-481  -0.005000
-480   0.005000
-479  -0.090000
-478   0.030000
-477   0.025000
-476   0.035000
-475   0.020000
-474   0.040000
-473  -0.010000
-472   0.030000
-471  -0.015000
-470   0.055000
-469  -0.045000
-468  -0.120000
-467   0.015000
-466   0.060000
-465  -0.040000
-464  -0.090000
-463   0.035000
-462  -0.035000
-461  -0.015000
-460  -0.050000
-459  -0.055000
-458  -0.045000
-457  -0.070000
-456   0.015000
-455   0.095000
-454   0.110000
-453  -0.060000
-452   0.040000
-451  -0.065000
-450  -0.010000
-449  -0.040000
-448   0.010000
-447  -0.055000
-446   0.010000
-445  -0.025000
-444  -0.035000
-443   0.070000
-442  -0.080000
-441   0.025000
-440  -0.040000
-439   0.030000
-438   0.040000
-437  -0.050000
-436   0.020000
-435  -0.015000
-434   0.000000
-433  -0.035000
-432  -0.025000
-431   0.085000
-430  -0.035000
-429  -0.075000
-428  -0.005000
-427   0.010000
-426  -0.010000
-425  -0.010000
-424  -0.050000
-423   0.015000
-422   0.025000
-421  -0.030000
-420   0.040000
-419   0.035000
-418  -0.005000
-417  -0.010000
-416  -0.040000
-415  -0.050000
-414  -0.105000
-413  -0.025000
-412  -0.015000
-411   0.025000
-410   0.015000
-409   0.055000
-408   0.050000
-407  -0.085000
-406   0.060000
-405   0.025000
-404   0.020000
-403   0.045000
-402   0.005000
-401  -0.095000
-400  -0.015000
-399  -0.045000
-398   0.050000
-397   0.025000
-396  -0.080000
-395   0.010000
-394  -0.015000
-393   0.040000
-392   0.040000
-391   0.025000
-390   0.055000
-389   0.055000
-388   0.035000
-387  -0.040000
-386   0.040000
-385  -0.100000
-384   0.010000
-383   0.075000
-382   0.035000
-381   0.055000
-380  -0.045000
-379  -0.000000
-378  -0.055000
-377   0.055000
-376   0.075000
-375   0.020000
-374   0.045000
-373   0.005000
-372   0.040000
-371  -0.030000
-370  -0.040000
-369  -0.040000
-368   0.015000
-367  -0.025000
-366   0.050000
-365  -0.025000
-364  -0.095000
-363  -0.000000
-362   0.050000
-361   0.015000
-360  -0.010000
-359  -0.010000
-358   0.045000
-357  -0.005000
-356  -0.075000
-355  -0.055000
-354  -0.030000
-353   0.025000
-352  -0.050000
-351   0.020000
-350  -0.050000
-349   0.015000
-348  -0.025000
-347  -0.035000
-346   0.035000
-345   0.025000
-344   0.005000
-343  -0.050000
-342   0.005000
-341   0.040000
-340  -0.005000
-339   0.045000
-338   0.015000
-337  -0.030000
-336  -0.025000
-335  -0.010000
-334  -0.020000
-333  -0.025000
-332   0.055000
-331  -0.015000
-330  -0.015000
-329  -0.005000
-328  -0.080000
-327  -0.025000
-326   0.000000
-325  -0.065000
-324   0.035000
-323  -0.010000
-322  -0.020000
-321  -0.080000
-320   0.030000
-319   0.050000
-318   0.040000
-317   0.035000
-316  -0.010000
-315  -0.105000
-314  -0.035000
-313   0.025000
-312  -0.010000
-311   0.000000
-310  -0.010000
-309  -0.065000
-308   0.035000
-307  -0.010000
-306  -0.060000
-305  -0.060000
-304   0.015000
-303   0.010000
-302   0.070000
-301  -0.015000
-300  -0.010000
-299   0.000000
-298   0.070000
-297   0.035000
-296  -0.015000
-295  -0.030000
-294   0.005000
-293  -0.050000
-292  -0.005000
-291  -0.060000
-290  -0.095000
-289   0.020000
-288  -0.050000
-287   0.010000
-286  -0.005000
-285   0.000000
-284  -0.025000
-283  -0.005000
-282   0.005000
-281  -0.025000
-280  -0.010000
-279  -0.005000
-278   0.025000
-277  -0.070000
-276  -0.025000
-275   0.020000
-274  -0.005000
-273  -0.075000
-272  -0.065000
-271   0.015000
-270   0.015000
-269   0.030000
-268  -0.015000
-267   0.010000
-266   0.035000
-265   0.110000
-264   0.020000
-263  -0.005000
-262   0.125000
-261   0.045000
-260   0.000000
-259   0.015000
-258   0.005000
-257   0.015000
-256  -0.015000
-255  -0.020000
-254  -0.055000
-253   0.035000
-252  -0.025000
-251   0.145000
-250   0.080000
-249   0.020000
-248   0.075000
-247  -0.040000
-246   0.010000
-245   0.020000
-244  -0.015000
-243  -0.045000
-242  -0.035000
-241   0.030000
-240   0.005000
-239   0.005000
-238  -0.060000
-237  -0.025000
-236   0.035000
-235  -0.080000
-234  -0.050000
-233   0.050000
-232   0.070000
-231   0.060000
-230  -0.035000
-229   0.035000
-228   0.155000
-227  -0.045000
-226  -0.070000
-225   0.030000
-224  -0.065000
-223   0.000000
-222   0.060000
-221  -0.005000
-220  -0.015000
-219  -0.030000
-218   0.095000
-217   0.005000
-216   0.000000
-215  -0.025000
-214  -0.040000
-213  -0.035000
-212  -0.065000
-211   0.020000
-210   0.015000
-209  -0.105000
-208   0.075000
-207   0.045000
-206  -0.015000
-205  -0.025000
-204   0.030000
-203   0.080000
-202   0.010000
-201  -0.025000
-200  -0.015000
-199   0.035000
-198   0.015000
-197   0.000000
-196   0.010000
-195   0.080000
-194   0.010000
-193  -0.135000
-192   0.050000
-191   0.050000
-190   0.030000
-189   0.020000
-188  -0.015000
-187  -0.030000
-186   0.050000
-185  -0.065000
-184  -0.015000
-183   0.020000
-182  -0.035000
-181   0.020000
-180   0.015000
-179  -0.040000
-178  -0.060000
-177  -0.005000
-176   0.060000
-175   0.090000
-174  -0.100000
-173  -0.020000
-172  -0.075000
-171   0.040000
-170   0.015000
-169  -0.020000
-168  -0.005000
-167   0.030000
-166   0.000000
-165   0.080000
-164   0.085000
-163   0.050000
-162   0.035000
-161   0.025000
-160   0.035000
-159  -0.010000
-158   0.035000
-157  -0.035000
-156   0.055000
-155  -0.060000
-154  -0.020000
-153   0.035000
-152   0.030000
-151   0.055000
-150   0.035000
-149  -0.075000
-148   0.100000
-147   0.030000
-146   0.050000
-145   0.035000
-144  -0.025000
-143   0.010000
-142  -0.135000
-141  -0.040000
-140   0.020000
-139  -0.015000
-138   0.030000
-137   0.090000
-136  -0.030000
-135   0.005000
-134  -0.025000
-133   0.010000
-132   0.065000
-131  -0.045000
-130  -0.060000
-129  -0.055000
-128   0.020000
-127   0.035000
-126   0.045000
-125   0.075000
-124   0.010000
-123  -0.125000
-122  -0.020000
-121  -0.020000
-120  -0.015000
-119   0.055000
-118  -0.020000
-117   0.020000
-116  -0.035000
-115   0.020000
-114   0.025000
-113   0.010000
-112   0.005000
-111   0.050000
-110   0.060000
-109   0.005000
-108  -0.040000
-107  -0.070000
-106   0.095000
-105  -0.005000
-104  -0.020000
-103   0.005000
-102  -0.005000
-101   0.010000
-100   0.010000
-99   0.000000
-98   0.015000
-97   0.015000
-96  -0.080000
-95   0.060000
-94   0.110000
-93   0.000000
-92   0.015000
-91  -0.020000
-90  -0.065000
-89   0.055000
-88   0.030000
-87   0.040000
-86   0.015000
-85  -0.020000
-84   0.110000
-83   0.045000
-82  -0.010000
-81   0.030000
-80   0.085000
-79   0.055000
-78  -0.025000
-77  -0.025000
-76  -0.015000
-75   0.030000
-74   0.005000
-73   0.035000
-72   0.030000
-71  -0.025000
-70  -0.025000
-69   0.020000
-68   0.115000
-67   0.015000
-66  -0.035000
-65   0.025000
-64  -0.050000
-63  -0.040000
-62   0.075000
-61   0.015000
-60  -0.035000
-59  -0.030000
-58   0.015000
-57  -0.020000
-56   0.020000
-55   0.005000
-54   0.100000
-53   0.025000
-52   0.035000
-51   0.065000
-50  -0.030000
-49  -0.035000
-48   0.010000
-47   0.005000
-46  -0.120000
-45  -0.085000
-44  -0.135000
-43  -0.070000
-42  -0.055000
-41   0.035000
-40  -0.020000
-39   0.095000
-38   0.080000
-37   0.045000
-36   0.045000
-35  -0.015000
-34  -0.020000
-33  -0.030000
-32   0.000000
-31   0.015000
-30   0.000000
-29  -0.035000
-28  -0.060000
-27   0.040000
-26  -0.010000
-25  -0.075000
-24  -0.085000
-23   0.000000
-22  -0.080000
-21  -0.040000
-20  -0.025000
-19  -0.030000
-18   0.060000
-17  -0.020000
-16  -0.095000
-15   0.125000
-14   0.040000
-13   0.045000
-12  -0.010000
-11   0.010000
-10  -0.015000
-9  -0.045000
-8  -0.040000
-7  -0.095000
-6  -0.050000
-5  -0.080000
-4   0.025000
-3  -0.000000
-2  -0.015000
-1   0.020000
