0   0.025000
1   0.065000
2   0.070000
3  -0.015000
4  -0.005000
5   0.010000
6   0.045000
7  -0.065000
8  -0.020000
9  -0.050000
10  -0.030000
11   0.015000
12  -0.040000
13   0.000000
14   0.010000
15   0.050000
16  -0.015000
17   0.020000
18   0.125000
19   0.045000
20  -0.055000
21  -0.090000
22  -0.025000
23   0.050000
24  -0.095000
25   0.035000
26   0.060000
27  -0.095000
28  -0.010000
29   0.025000
30   0.040000
31  -0.025000
32  -0.040000
33  -0.025000
34   0.025000
35   0.030000
36  -0.025000
37  -0.035000
38  -0.010000
39  -0.050000
40  -0.005000
41   0.045000
42  -0.010000
43   0.040000
44   0.130000
45  -0.030000
46  -0.040000
47   0.015000
48   0.065000
49   0.060000
50  -0.040000
51   0.015000
52   0.000000
53   0.075000
54   0.015000
55   0.005000
56  -0.070000
57  -0.035000
58   0.055000
59   0.040000
60   0.025000
61  -0.060000
62  -0.145000
63   0.015000
64   0.025000
65  -0.060000
66  -0.075000
67  -0.070000
68   0.075000
69   0.060000
70   0.090000
71  -0.035000
72   0.120000
73   0.120000
74  -0.035000
75   0.055000
76   0.025000
77  -0.025000
78  -0.010000
79   0.015000
80  -0.010000
81  -0.035000
82   0.005000
83  -0.030000
84  -0.020000
85  -0.030000
86  -0.055000
87   0.005000
88   0.005000
89  -0.015000
90  -0.080000
91  -0.000000
92  -0.005000
93  -0.050000
94  -0.020000
95  -0.050000
96   0.020000
97   0.010000
98   0.030000
99  -0.035000
100   0.015000
101  -0.020000
102  -0.035000
103   0.050000
104   0.035000
105  -0.030000
106   0.050000
107  -0.060000
108  -0.050000
109   0.035000
110   0.075000
111   0.005000
112   0.025000
113   0.060000
114   0.020000
115   0.070000
116  -0.115000
117   0.005000
118   0.015000
119   0.065000
120  -0.020000
121   0.015000
122  -0.135000
123   0.000000
124  -0.055000
125   0.040000
126   0.060000
127   0.115000
128  -0.035000
129   0.045000
130   0.035000
131   0.025000
132  -0.070000
133  -0.030000
134  -0.005000
135   0.090000
136  -0.010000
137   0.045000
138   0.075000
139   0.045000
140   0.020000
141   0.045000
142  -0.040000
143  -0.050000
144  -0.135000
145   0.010000
146  -0.015000
147  -0.095000
148  -0.030000
149  -0.010000
150   0.070000
151  -0.095000
152  -0.055000
153  -0.070000
154  -0.100000
155   0.025000
156   0.085000
157   0.030000
158   0.040000
159  -0.025000
160   0.035000
161   0.005000
162   0.085000
163   0.040000
164   0.020000
165  -0.020000
166  -0.025000
167   0.030000
168   0.035000
169   0.045000
170  -0.040000
171  -0.035000
172  -0.015000
173  -0.050000
174   0.040000
175   0.025000
176   0.020000
177  -0.050000
178   0.045000
179   0.020000
180  -0.095000
181   0.005000
182  -0.105000
183  -0.000000
184  -0.010000
185  -0.015000
186   0.040000
187   0.045000
188  -0.055000
189   0.090000
190  -0.090000
191   0.020000
192  -0.050000
193  -0.050000
194   0.060000
195   0.010000
196   0.000000
197  -0.020000
198  -0.060000
199   0.110000
200   0.030000
201   0.000000
202   0.025000
203   0.090000
204   0.025000
205   0.060000
206  -0.070000
207  -0.055000
208  -0.015000
209  -0.015000
210  -0.155000
211  -0.060000
212   0.015000
213  -0.005000
214   0.060000
215   0.145000
216  -0.010000
217   0.050000
218  -0.055000
219   0.015000
220   0.035000
221   0.025000
222   0.040000
223   0.010000
224   0.005000
225   0.105000
226  -0.065000
227   0.045000
228   0.020000
229  -0.005000
230   0.050000
231   0.040000
232  -0.040000
233   0.055000
234   0.015000
235   0.000000
236  -0.055000
237   0.005000
238  -0.005000
239  -0.110000
240  -0.025000
241  -0.045000
242   0.025000
243  -0.035000
244   0.025000
245   0.105000
246  -0.050000
247   0.015000
248  -0.095000
249   0.125000
250  -0.055000
251   0.000000
252   0.010000
253  -0.055000
254  -0.030000
255  -0.110000
256   0.120000
257   0.085000
258   0.050000
259   0.000000
260  -0.005000
261   0.035000
262   0.070000
263   0.010000
264  -0.050000
265  -0.015000
266   0.080000
267   0.095000
268   0.010000
269   0.005000
270  -0.065000
271   0.005000
272  -0.115000
273   0.020000
274  -0.060000
275   0.055000
276   0.020000
277   0.120000
278  -0.015000
279  -0.050000
280   0.045000
281  -0.040000
282   0.030000
283  -0.040000
284   0.045000
285  -0.100000
286   0.000000
287  -0.115000
288   0.040000
289  -0.065000
290   0.105000
291  -0.040000
292   0.040000
293  -0.085000
294  -0.010000
295   0.025000
296  -0.020000
297  -0.005000
298  -0.025000
299  -0.040000
300  -0.010000
301   0.025000
302  -0.070000
303   0.030000
304  -0.050000
305  -0.035000
306   0.055000
307  -0.035000
308  -0.140000
309   0.010000
310   0.015000
311   0.095000
312  -0.110000
313  -0.005000
314  -0.030000
315   0.025000
316   0.010000
317  -0.015000
318   0.065000
319  -0.010000
320  -0.030000
321  -0.045000
322   0.060000
323   0.090000
324   0.055000
325  -0.015000
326  -0.025000
327  -0.085000
328   0.000000
329  -0.035000
330  -0.060000
331  -0.005000
332   0.070000
333   0.020000
334  -0.060000
335  -0.025000
336  -0.010000
337  -0.005000
338  -0.005000
339  -0.005000
340  -0.035000
341   0.030000
342   0.100000
343  -0.030000
344   0.065000
345   0.045000
346   0.055000
347   0.060000
348  -0.055000
349   0.005000
350  -0.005000
351   0.010000
352   0.005000
353   0.025000
354  -0.090000
355   0.025000
356   0.015000
357  -0.035000
358  -0.025000
359  -0.000000
360  -0.070000
361   0.005000
362   0.080000
363  -0.005000
364   0.030000
365   0.050000
366   0.045000
367   0.045000
368   0.030000
369  -0.075000
370   0.035000
371   0.000000
372  -0.025000
373  -0.075000
374   0.010000
375   0.005000
376  -0.020000
377  -0.045000
378  -0.040000
379  -0.020000
380  -0.060000
381   0.005000
382  -0.005000
383   0.055000
384  -0.040000
385   0.035000
386  -0.035000
387  -0.065000
388  -0.065000
389   0.005000
390   0.015000
391   0.045000
392   0.055000
393   0.075000
394  -0.025000
395   0.000000
396   0.015000
397   0.035000
398   0.045000
399   0.000000
400   0.025000
401   0.040000
402  -0.080000
403  -0.065000
404   0.040000
405   0.035000
406   0.020000
407   0.015000
408   0.020000
409   0.015000
410   0.020000
411   0.010000
412  -0.045000
413  -0.025000
414   0.040000
415  -0.050000
416   0.010000
417  -0.105000
418  -0.030000
419   0.010000
420  -0.045000
421  -0.015000
422   0.050000
423   0.010000
424  -0.075000
425   0.020000
426   0.035000
427   0.050000
428   0.000000
429  -0.000000
430   0.065000
431  -0.070000
432   0.000000
433   0.015000
434  -0.035000
435  -0.090000
436   0.010000
437  -0.045000
438  -0.005000
439  -0.015000
440   0.065000
441   0.090000
442  -0.065000
443   0.065000
444  -0.025000
445  -0.020000
446  -0.045000
447   0.075000
448  -0.035000
449   0.010000
450   0.055000
451  -0.095000
452   0.020000
453   0.015000
454  -0.010000
455   0.035000
456  -0.010000
457  -0.055000
458  -0.045000
459  -0.005000
460   0.000000
461  -0.080000
462  -0.070000
463   0.065000
464  -0.040000
465  -0.030000
466  -0.060000
467  -0.040000
468  -0.015000
469  -0.035000
470  -0.030000
471   0.085000
472  -0.035000
473   0.030000
474   0.040000
475   0.005000
476   0.080000
477   0.005000
478  -0.020000
479   0.065000
480   0.015000
481   0.010000
482  -0.155000
483  -0.035000
484   0.045000
485  -0.030000
486  -0.025000
487  -0.035000
488   0.000000
489   0.065000
490   0.015000
491   0.000000
492   0.005000
493  -0.015000
494   0.025000
495  -0.035000
496   0.005000
497  -0.065000
498   0.030000
499   0.085000
500  -0.105000
-499   0.005000
-498  -0.000000
-497   0.020000
-496  -0.010000
-495   0.030000
-494   0.040000
-493   0.020000
-492   0.035000
-491   0.050000
-490   0.055000
-489  -0.000000
-488  -0.000000
-487   0.040000
-486  -0.020000
-485   0.035000
-484   0.020000
-483   0.040000
-482   0.055000
-481  -0.030000
-480   0.005000
-479  -0.040000
-478   0.025000
-477  -0.015000
-476  -0.030000
-475  -0.065000
-474  -0.075000
-473   0.035000
-472   0.010000
-471  -0.030000
-470  -0.040000
-469   0.095000
-468  -0.070000
-467  -0.060000
-466  -0.095000
-465   0.050000
-464   0.050000
-463  -0.025000
-462  -0.030000
-461   0.035000
-460  -0.035000
-459  -0.060000
-458   0.085000
-457   0.050000
-456   0.110000
-455   0.030000
-454   0.050000
-453   0.060000
-452   0.055000
-451  -0.065000
-450   0.020000
-449   0.010000
-448  -0.025000
-447   0.075000
-446   0.050000
-445   0.020000
-444   0.010000
-443   0.060000
-442  -0.010000
-441  -0.090000
-440  -0.120000
-439  -0.010000
-438   0.110000
-437  -0.080000
-436  -0.010000
-435   0.065000
-434   0.025000
-433   0.040000
-432   0.050000
-431   0.010000
-430  -0.015000
-429   0.130000
-428   0.055000
-427   0.025000
-426  -0.005000
-425  -0.025000
-424   0.010000
-423   0.005000
-422   0.110000
-421   0.000000
-420  -0.015000
-419   0.005000
-418   0.010000
-417  -0.005000
-416   0.025000
-415   0.055000
-414   0.110000
-413  -0.030000
-412   0.015000
-411   0.035000
-410   0.060000
-409   0.025000
-408   0.005000
-407   0.065000
-406  -0.015000
-405  -0.085000
-404  -0.015000
-403   0.025000
-402  -0.015000
-401   0.085000
-400  -0.085000
-399   0.040000
-398  -0.050000
-397  -0.060000
-396   0.040000
-395   0.000000
-394  -0.020000
-393  -0.130000
-392  -0.020000
-391  -0.005000
-390   0.095000
-389  -0.030000
-388   0.030000
-387  -0.035000
-386   0.050000
-385  -0.010000
-384  -0.010000
-383   0.030000
-382  -0.105000
-381  -0.050000
-380  -0.010000
-379  -0.070000
-378  -0.045000
-377   0.095000
-376  -0.050000
-375  -0.075000
-374  -0.090000
-373   0.020000
-372   0.095000
-371  -0.035000
-370  -0.010000
-369  -0.045000
-368   0.000000
-367   0.040000
-366  -0.020000
-365  -0.040000
-364  -0.040000
-363   0.005000
-362   0.035000
-361  -0.045000
-360  -0.065000
-359   0.005000
-358   0.055000
-357   0.025000
-356   0.030000
-355   0.045000
-354  -0.000000
-353  -0.100000
-352  -0.020000
-351  -0.065000
-350   0.035000
-349  -0.030000
-348   0.005000
-347  -0.015000
-346  -0.005000
-345  -0.010000
-344   0.045000
-343   0.060000
-342   0.075000
-341  -0.010000
-340   0.110000
-339   0.020000
-338  -0.035000
-337   0.000000
-336   0.100000
-335  -0.005000
-334  -0.050000
-333   0.070000
-332  -0.045000
-331   0.070000
-330  -0.010000
-329  -0.035000
-328  -0.060000
-327   0.070000
-326   0.045000
-325   0.050000
-324   0.040000
-323   0.050000
-322  -0.065000
-321  -0.100000
-320   0.025000
-319   0.010000
-318   0.050000
-317  -0.030000
-316  -0.000000
-315  -0.010000
-314  -0.025000
-313   0.025000
-312  -0.010000
-311  -0.015000
-310  -0.065000
-309   0.015000
-308   0.080000
-307  -0.005000
-306   0.090000
-305  -0.065000
-304   0.015000
-303   0.045000
-302   0.040000
-301   0.050000
-300   0.035000
-299   0.010000
-298   0.060000
-297  -0.080000
-296   0.090000
-295   0.115000
-294   0.005000
-293   0.075000
-292  -0.055000
-291  -0.050000
-290   0.000000
-289   0.040000
-288   0.075000
-287   0.010000
-286   0.005000
-285  -0.115000
-284  -0.025000
-283   0.010000
-282   0.050000
-281   0.025000
-280  -0.000000
-279  -0.030000
-278  -0.045000
-277  -0.000000
-276  -0.015000
-275   0.010000
-274  -0.005000
-273  -0.025000
-272  -0.020000
-271   0.045000
-270   0.005000
-269  -0.020000
-268   0.060000
-267  -0.065000
-266  -0.020000
-265   0.005000
-264   0.020000
-263  -0.010000
-262   0.055000
-261   0.070000
-260  -0.030000
-259   0.040000
-258   0.155000
-257   0.025000
-256  -0.035000
-255  -0.045000
-254  -0.005000
-253   0.075000
-252  -0.040000
-251  -0.025000
-250   0.025000
-249   0.035000
-248  -0.005000
-247   0.050000
-246  -0.010000
-245  -0.105000
-244   0.000000
-243   0.000000
-242   0.050000
-241   0.005000
-240   0.010000
-239  -0.020000
-238   0.060000
-237   0.020000
-236  -0.025000
-235  -0.030000
-234   0.055000
-233  -0.005000
-232   0.110000
-231  -0.025000
-230   0.045000
-229  -0.025000
-228   0.055000
-227   0.125000
-226   0.095000
-225  -0.025000
-224   0.015000
-223  -0.090000
-222   0.040000
-221  -0.035000
-220  -0.010000
-219  -0.025000
-218  -0.115000
-217  -0.050000
-216  -0.000000
-215   0.040000
-214   0.085000
-213   0.045000
-212   0.015000
-211   0.055000
-210  -0.030000
-209   0.015000
-208   0.005000
-207   0.010000
-206   0.000000
-205   0.035000
-204  -0.010000
-203  -0.030000
-202   0.045000
-201   0.060000
-200   0.040000
-199  -0.005000
-198   0.035000
-197  -0.010000
-196   0.010000
-195   0.025000
-194   0.020000
-193   0.030000
-192  -0.045000
-191  -0.075000
-190   0.040000
-189   0.060000
-188  -0.035000
-187   0.010000
-186   0.060000
-185   0.000000
-184  -0.010000
-183  -0.050000
-182  -0.080000
-181   0.020000
-180   0.025000
-179   0.075000
-178   0.005000
-177   0.020000
-176   0.050000
-175  -0.105000
-174  -0.055000
-173   0.010000
-172   0.035000
-171   0.030000
-170   0.015000
-169   0.020000
-168  -0.045000
-167  -0.010000
-166   0.105000
-165  -0.045000
-164  -0.070000
-163  -0.055000
-162   0.095000
-161   0.005000
-160  -0.005000
-159  -0.030000
-158   0.010000
-157  -0.060000
-156  -0.055000
-155  -0.085000
-154   0.060000
-153  -0.015000
-152   0.105000
-151   0.060000
-150   0.085000
-149   0.080000
-148   0.040000
-147   0.005000
-146   0.055000
-145   0.015000
-144   0.025000
-143  -0.005000
-142   0.010000
-141  -0.060000
-140  -0.035000
-139   0.045000
-138   0.015000
-137  -0.090000
-136  -0.080000
-135   0.065000
-134  -0.010000
-133   0.005000
-132  -0.020000
-131  -0.030000
-130   0.040000
-129   0.000000
-128  -0.045000
-127   0.035000
-126   0.025000
-125  -0.070000
-124   0.025000
-123   0.000000
-122  -0.020000
-121   0.065000
-120   0.010000
-119  -0.105000
-118  -0.015000
-117  -0.040000
-116   0.075000
-115   0.015000
-114   0.050000
-113   0.085000
-112   0.030000
-111  -0.025000
-110  -0.045000
-109  -0.050000
-108  -0.010000
-107   0.005000
-106  -0.045000
-105   0.055000
-104  -0.000000
-103   0.030000
-102  -0.030000
-101   0.010000
-100  -0.010000
-99  -0.020000
-98  -0.065000
-97  -0.065000
-96  -0.035000
-95  -0.045000
-94   0.040000
-93  -0.005000
-92  -0.110000
-91   0.090000
-90  -0.045000
-89  -0.015000
-88   0.060000
-87   0.000000
-86   0.060000
-85   0.055000
-84  -0.050000
-83   0.010000
-82  -0.055000
-81   0.000000
-80   0.005000
-79   0.035000
-78  -0.030000
-77   0.065000
-76   0.025000
-75  -0.095000
-74   0.080000
-73  -0.095000
-72  -0.050000
-71  -0.085000
-70   0.020000
-69  -0.055000
-68  -0.030000
-67   0.040000
-66  -0.060000
-65  -0.005000
-64  -0.025000
-63   0.085000
-62   0.000000
-61  -0.040000
-60   0.020000
-59   0.000000
-58   0.035000
-57  -0.080000
-56  -0.005000
-55   0.020000
-54  -0.085000
-53  -0.000000
-52   0.085000
-51  -0.040000
-50  -0.080000
-49   0.060000
-48   0.085000
-47  -0.015000
-46  -0.055000
-45  -0.005000
-44  -0.020000
-43   0.015000
-42   0.015000
-41   0.040000
-40   0.020000
-39  -0.080000
-38   0.060000
-37   0.000000
-36   0.040000
-35   0.140000
-34  -0.060000
-33  -0.035000
-32  -0.120000
-31  -0.040000
-30   0.090000
-29  -0.005000
-28   0.035000
-27  -0.030000
-26   0.015000
-25   0.035000
-24   0.005000
-23  -0.060000
-22   0.010000
-21   0.035000
-20   0.005000
-19   0.040000
-18   0.055000
-17   0.055000
-16  -0.050000
-15  -0.050000
-14  -0.015000
-13   0.025000
-12  -0.040000
-11   0.105000
-10   0.075000
-9  -0.005000
-8   0.020000
-7   0.070000
-6  -0.040000
-5   0.045000
-4   0.070000
-3  -0.010000
-2  -0.030000
-1   0.025000
