0  -0.015000
1  -0.015000
2   0.040000
3   0.050000
4   0.070000
5   0.100000
6  -0.015000
7   0.120000
8   0.015000
9   0.090000
10   0.050000
11   0.055000
12  -0.025000
13   0.010000
14  -0.040000
15  -0.030000
16  -0.005000
17  -0.010000
18  -0.010000
19  -0.015000
20   0.055000
21   0.025000
22  -0.035000
23   0.010000
24  -0.065000
25   0.050000
26   0.090000
27   0.060000
28  -0.035000
29  -0.055000
30  -0.030000
31  -0.010000
32  -0.030000
33  -0.040000
34  -0.020000
35   0.025000
36  -0.010000
37   0.040000
38   0.005000
39   0.010000
40   0.030000
41   0.030000
42  -0.070000
43  -0.120000
44   0.010000
45  -0.100000
46   0.065000
47  -0.030000
48   0.035000
49   0.055000
50   0.125000
51  -0.035000
52  -0.100000
53   0.015000
54  -0.050000
55  -0.020000
56  -0.035000
57  -0.015000
58  -0.040000
59  -0.010000
60   0.040000
61  -0.010000
62  -0.025000
63   0.010000
64  -0.010000
65  -0.075000
66  -0.025000
67   0.075000
68   0.060000
69  -0.095000
70  -0.020000
71   0.005000
72  -0.030000
73   0.025000
74  -0.015000
75  -0.075000
76  -0.055000
77  -0.080000
78  -0.035000
79   0.015000
80  -0.030000
81  -0.065000
82  -0.005000
83   0.055000
84   0.015000
85   0.015000
86  -0.090000
87  -0.060000
88   0.045000
89  -0.040000
90  -0.080000
91   0.065000
92  -0.005000
93  -0.030000
94   0.025000
95  -0.110000
96  -0.075000
97   0.060000
98  -0.005000
99   0.040000
100  -0.015000
101  -0.030000
102  -0.090000
103   0.050000
104   0.080000
105   0.025000
106  -0.010000
107  -0.065000
108  -0.000000
109  -0.025000
110   0.040000
111  -0.050000
112   0.020000
113   0.040000
114  -0.025000
115   0.050000
116  -0.015000
117   0.010000
118  -0.030000
119  -0.030000
120  -0.095000
121  -0.030000
122  -0.030000
123   0.005000
124  -0.005000
125   0.025000
126   0.025000
127   0.015000
128   0.075000
129  -0.145000
130  -0.040000
131  -0.040000
132  -0.155000
133   0.050000
134   0.070000
135   0.005000
136   0.055000
137  -0.025000
138  -0.045000
139  -0.005000
140  -0.020000
141   0.020000
142  -0.010000
143  -0.110000
144   0.045000
145  -0.110000
146  -0.045000
147   0.005000
148  -0.085000
149  -0.025000
150   0.005000
151  -0.015000
152   0.025000
153   0.050000
154  -0.000000
155   0.045000
156   0.065000
157   0.070000
158   0.080000
159  -0.000000
160   0.020000
161   0.045000
162   0.050000
163   0.075000
164   0.025000
165   0.015000
166  -0.045000
167   0.080000
168   0.000000
169   0.000000
170   0.000000
171   0.050000
172  -0.020000
173  -0.030000
174   0.030000
175  -0.045000
176  -0.020000
177  -0.035000
178   0.075000
179   0.005000
180  -0.020000
181   0.035000
182   0.025000
183  -0.020000
184   0.045000
185   0.000000
186   0.065000
187  -0.045000
188  -0.015000
189  -0.100000
190  -0.025000
191  -0.050000
192   0.020000
193   0.050000
194  -0.035000
195   0.010000
196   0.040000
197  -0.010000
198  -0.070000
199  -0.010000
200  -0.045000
201  -0.015000
202  -0.035000
203   0.040000
204   0.005000
205  -0.050000
206   0.025000
207  -0.025000
208   0.090000
209  -0.030000
210   0.045000
211  -0.020000
212   0.055000
213  -0.000000
214   0.060000
215  -0.085000
216   0.000000
217  -0.130000
218  -0.015000
219  -0.105000
220  -0.040000
221   0.000000
222  -0.045000
223   0.010000
224  -0.020000
225  -0.025000
226  -0.050000
227   0.030000
228  -0.075000
229  -0.055000
230   0.055000
231   0.000000
232  -0.085000
233   0.035000
234   0.000000
235   0.050000
236   0.010000
237   0.020000
238  -0.030000
239   0.000000
240   0.065000
241  -0.175000
242   0.065000
243   0.035000
244   0.070000
245  -0.105000
246  -0.080000
247   0.015000
248   0.050000
249  -0.020000
250  -0.075000
251   0.030000
252  -0.040000
253   0.025000
254  -0.005000
255  -0.050000
256   0.000000
257   0.000000
258  -0.040000
259   0.105000
260  -0.015000
261  -0.050000
262   0.040000
263   0.005000
264   0.005000
265   0.035000
266  -0.020000
267   0.015000
268  -0.100000
269  -0.035000
270   0.045000
271   0.095000
272  -0.040000
273  -0.090000
274   0.070000
275  -0.050000
276   0.005000
277   0.025000
278  -0.035000
279  -0.085000
280   0.010000
281  -0.080000
282   0.010000
283  -0.020000
284  -0.035000
285  -0.085000
286  -0.090000
287  -0.050000
288   0.045000
289  -0.085000
290   0.045000
291   0.045000
292   0.010000
293   0.010000
294  -0.040000
295   0.090000
296  -0.140000
297   0.055000
298   0.100000
299  -0.045000
300  -0.060000
301   0.090000
302   0.055000
303   0.060000
304   0.040000
305  -0.035000
306   0.060000
307  -0.050000
308  -0.050000
309  -0.010000
310  -0.010000
311   0.050000
312   0.015000
313   0.060000
314  -0.055000
315  -0.055000
316  -0.000000
317   0.000000
318  -0.095000
319  -0.080000
320   0.000000
321   0.040000
322   0.045000
323   0.025000
324   0.070000
325   0.005000
326   0.065000
327  -0.005000
328  -0.085000
329   0.090000
330  -0.005000
331   0.005000
332  -0.015000
333  -0.030000
334   0.035000
335  -0.055000
336  -0.120000
337  -0.030000
338  -0.085000
339   0.035000
340  -0.020000
341   0.120000
342   0.075000
343  -0.015000
344   0.040000
345  -0.015000
346   0.005000
347  -0.050000
348  -0.010000
349  -0.020000
350  -0.035000
351  -0.015000
352  -0.040000
353   0.005000
354  -0.030000
355   0.045000
356   0.050000
357  -0.025000
358  -0.005000
359  -0.020000
360   0.030000
361  -0.030000
362   0.040000
363  -0.030000
364   0.025000
365  -0.085000
366   0.040000
367   0.020000
368  -0.040000
369   0.045000
370   0.035000
371  -0.030000
372  -0.015000
373  -0.055000
374   0.040000
375   0.110000
376   0.055000
377   0.015000
378  -0.010000
379   0.080000
380   0.080000
381   0.000000
382   0.065000
383   0.000000
384  -0.040000
385  -0.055000
386   0.070000
387   0.030000
388  -0.065000
389   0.035000
390   0.070000
391  -0.055000
392   0.020000
393   0.015000
394   0.090000
395  -0.005000
396   0.010000
397  -0.040000
398   0.070000
399   0.035000
400  -0.035000
401   0.050000
402   0.045000
403  -0.005000
404   0.030000
405   0.025000
406  -0.045000
407  -0.075000
408  -0.005000
409   0.015000
410   0.030000
411  -0.035000
412   0.020000
413  -0.100000
414  -0.040000
415  -0.040000
416   0.085000
417  -0.060000
418  -0.055000
419  -0.050000
420  -0.020000
421  -0.150000
422  -0.045000
423  -0.015000
424   0.095000
425   0.050000
426   0.000000
427   0.025000
428   0.015000
429   0.010000
430  -0.020000
431   0.010000
432  -0.005000
433  -0.030000
434   0.035000
435   0.075000
436   0.045000
437   0.005000
438   0.040000
439   0.070000
440   0.055000
441  -0.070000
442   0.065000
443  -0.005000
444   0.050000
445  -0.020000
446   0.020000
447   0.055000
448   0.010000
449  -0.015000
450   0.025000
451  -0.005000
452   0.035000
453   0.120000
454  -0.070000
455  -0.060000
456   0.040000
457   0.040000
458   0.015000
459  -0.040000
460  -0.045000
461   0.005000
462  -0.020000
463  -0.015000
464  -0.035000
465  -0.090000
466  -0.030000
467  -0.075000
468  -0.010000
469  -0.065000
470   0.000000
471   0.050000
472  -0.045000
473  -0.020000
474  -0.035000
475   0.030000
476   0.075000
477  -0.085000
478   0.000000
479   0.010000
480  -0.015000
481   0.005000
482   0.065000
483  -0.025000
484  -0.040000
485  -0.050000
486  -0.010000
487  -0.010000
488  -0.010000
489   0.055000
490   0.040000
491   0.030000
492  -0.015000
493   0.080000
494  -0.010000
495  -0.050000
496  -0.030000
497  -0.005000
498  -0.005000
499   0.005000
500   0.085000
-499   0.025000
-498   0.000000
-497  -0.015000
-496  -0.010000
-495  -0.015000
-494  -0.065000
-493  -0.000000
-492  -0.070000
-491   0.005000
-490   0.005000
-489   0.010000
-488  -0.095000
-487   0.045000
-486  -0.030000
-485  -0.055000
-484  -0.075000
-483   0.040000
-482   0.035000
-481  -0.040000
-480   0.020000
-479   0.085000
-478  -0.005000
-477   0.010000
-476  -0.060000
-475   0.020000
-474   0.015000
-473  -0.005000
-472   0.030000
-471  -0.085000
-470   0.005000
-469  -0.035000
-468  -0.040000
-467  -0.065000
-466  -0.060000
-465  -0.035000
-464  -0.035000
-463  -0.030000
-462   0.050000
-461  -0.030000
-460   0.000000
-459   0.015000
-458   0.035000
-457   0.100000
-456  -0.090000
-455   0.055000
-454  -0.045000
-453  -0.095000
-452   0.020000
-451  -0.030000
-450  -0.045000
-449  -0.005000
-448   0.030000
-447  -0.025000
-446   0.015000
-445   0.125000
-444  -0.030000
-443  -0.040000
-442   0.035000
-441   0.015000
-440  -0.005000
-439  -0.040000
-438  -0.025000
-437   0.020000
-436  -0.000000
-435   0.000000
-434  -0.020000
-433   0.060000
-432  -0.015000
-431  -0.005000
-430   0.010000
-429  -0.045000
-428   0.075000
-427  -0.045000
-426   0.000000
-425  -0.000000
-424  -0.070000
-423  -0.080000
-422   0.010000
-421   0.070000
-420  -0.020000
-419   0.045000
-418  -0.040000
-417  -0.030000
-416  -0.035000
-415   0.040000
-414  -0.020000
-413  -0.010000
-412   0.130000
-411  -0.050000
-410  -0.045000
-409   0.115000
-408   0.085000
-407  -0.005000
-406  -0.035000
-405  -0.025000
-404   0.060000
-403   0.025000
-402   0.050000
-401   0.055000
-400   0.060000
-399  -0.060000
-398   0.025000
-397   0.055000
-396  -0.070000
-395   0.060000
-394  -0.010000
-393   0.005000
-392  -0.030000
-391   0.005000
-390   0.070000
-389   0.000000
-388  -0.030000
-387  -0.045000
-386  -0.005000
-385  -0.020000
-384   0.010000
-383  -0.000000
-382  -0.030000
-381   0.075000
-380   0.015000
-379  -0.015000
-378   0.000000
-377   0.020000
-376   0.010000
-375   0.045000
-374   0.035000
-373   0.035000
-372   0.000000
-371   0.010000
-370   0.015000
-369  -0.040000
-368   0.095000
-367   0.085000
-366  -0.005000
-365   0.005000
-364  -0.025000
-363   0.130000
-362   0.035000
-361  -0.075000
-360  -0.025000
-359   0.050000
-358  -0.030000
-357   0.030000
-356   0.000000
-355   0.025000
-354   0.070000
-353   0.025000
-352  -0.030000
-351   0.025000
-350   0.075000
-349   0.095000
-348   0.055000
-347   0.040000
-346  -0.015000
-345  -0.065000
-344   0.055000
-343  -0.015000
-342   0.090000
-341  -0.035000
-340   0.020000
-339  -0.020000
-338  -0.095000
-337   0.050000
-336  -0.005000
-335   0.040000
-334   0.085000
-333  -0.055000
-332  -0.010000
-331   0.065000
-330  -0.010000
-329   0.050000
-328   0.020000
-327   0.045000
-326  -0.040000
-325  -0.005000
-324   0.055000
-323  -0.060000
-322  -0.075000
-321  -0.055000
-320  -0.090000
-319   0.080000
-318  -0.025000
-317   0.060000
-316   0.045000
-315   0.005000
-314   0.010000
-313   0.000000
-312   0.015000
-311   0.045000
-310   0.005000
-309   0.005000
-308  -0.035000
-307   0.035000
-306   0.040000
-305   0.005000
-304  -0.020000
-303  -0.025000
-302   0.015000
-301   0.025000
-300  -0.110000
-299   0.015000
-298   0.025000
-297  -0.065000
-296  -0.025000
-295   0.005000
-294   0.010000
-293  -0.070000
-292   0.035000
-291   0.105000
-290   0.000000
-289  -0.020000
-288  -0.070000
-287  -0.065000
-286   0.065000
-285  -0.050000
-284   0.005000
-283   0.110000
-282   0.045000
-281  -0.045000
-280   0.025000
-279   0.000000
-278  -0.015000
-277   0.035000
-276   0.050000
-275   0.020000
-274   0.005000
-273   0.105000
-272  -0.055000
-271  -0.005000
-270   0.010000
-269  -0.015000
-268   0.025000
-267  -0.030000
-266   0.015000
-265   0.020000
-264   0.015000
-263  -0.015000
-262   0.110000
-261   0.055000
-260  -0.010000
-259  -0.060000
-258   0.075000
-257  -0.020000
-256   0.005000
-255   0.040000
-254  -0.105000
-253   0.010000
-252   0.120000
-251  -0.025000
-250   0.080000
-249   0.090000
-248   0.005000
-247  -0.055000
-246   0.055000
-245  -0.020000
-244  -0.035000
-243   0.030000
-242  -0.010000
-241  -0.020000
-240  -0.085000
-239  -0.025000
-238   0.055000
-237  -0.020000
-236   0.070000
-235  -0.055000
-234   0.055000
-233  -0.005000
-232   0.015000
-231  -0.040000
-230   0.040000
-229  -0.020000
-228   0.035000
-227  -0.035000
-226  -0.025000
-225   0.015000
-224  -0.020000
-223   0.055000
-222   0.015000
-221  -0.005000
-220   0.000000
-219  -0.040000
-218  -0.035000
-217  -0.035000
-216   0.010000
-215  -0.010000
-214   0.020000
-213   0.010000
-212  -0.025000
-211  -0.010000
-210   0.020000
-209  -0.030000
-208  -0.010000
-207  -0.060000
-206   0.010000
-205  -0.085000
-204  -0.010000
-203  -0.040000
-202   0.015000
-201  -0.010000
-200   0.055000
-199  -0.005000
-198  -0.070000
-197  -0.015000
-196   0.035000
-195   0.075000
-194   0.065000
-193  -0.115000
-192   0.025000
-191  -0.010000
-190  -0.025000
-189  -0.055000
-188   0.005000
-187   0.010000
-186   0.030000
-185   0.060000
-184   0.025000
-183   0.110000
-182   0.125000
-181   0.050000
-180   0.020000
-179   0.075000
-178  -0.075000
-177   0.005000
-176   0.030000
-175   0.045000
-174   0.075000
-173   0.020000
-172   0.055000
-171   0.065000
-170  -0.025000
-169   0.015000
-168  -0.005000
-167  -0.020000
-166  -0.020000
-165   0.025000
-164  -0.065000
-163  -0.040000
-162   0.000000
-161   0.025000
-160   0.070000
-159   0.020000
-158   0.145000
-157  -0.025000
-156   0.040000
-155   0.030000
-154   0.025000
-153  -0.040000
-152   0.000000
-151  -0.045000
-150   0.015000
-149  -0.090000
-148   0.025000
-147  -0.080000
-146   0.005000
-145   0.015000
-144   0.075000
-143   0.020000
-142   0.020000
-141  -0.010000
-140  -0.085000
-139   0.020000
-138   0.060000
-137   0.020000
-136  -0.040000
-135  -0.015000
-134   0.035000
-133   0.095000
-132   0.055000
-131   0.115000
-130   0.015000
-129   0.015000
-128   0.015000
-127  -0.025000
-126  -0.070000
-125   0.025000
-124   0.015000
-123   0.035000
-122   0.045000
-121  -0.045000
-120   0.005000
-119   0.015000
-118  -0.030000
-117   0.050000
-116   0.005000
-115  -0.075000
-114  -0.050000
-113   0.020000
-112   0.030000
-111  -0.015000
-110  -0.060000
-109  -0.025000
-108   0.055000
-107  -0.050000
-106  -0.045000
-105   0.095000
-104   0.010000
-103   0.045000
-102  -0.035000
-101   0.050000
-100  -0.045000
-99  -0.010000
-98  -0.020000
-97   0.000000
-96  -0.015000
-95   0.025000
-94  -0.045000
-93  -0.020000
-92  -0.050000
-91  -0.015000
-90  -0.035000
-89   0.145000
-88   0.030000
-87   0.065000
-86   0.035000
-85  -0.035000
-84  -0.040000
-83  -0.020000
-82  -0.015000
-81   0.095000
-80  -0.065000
-79  -0.015000
-78  -0.035000
-77   0.005000
-76   0.070000
-75  -0.040000
-74  -0.030000
-73   0.095000
-72   0.070000
-71   0.040000
-70  -0.010000
-69  -0.035000
-68   0.110000
-67   0.070000
-66  -0.060000
-65   0.045000
-64  -0.040000
-63  -0.005000
-62   0.070000
-61  -0.060000
-60  -0.040000
-59   0.035000
-58   0.035000
-57  -0.100000
-56  -0.000000
-55  -0.095000
-54  -0.010000
-53   0.015000
-52   0.020000
-51  -0.050000
-50  -0.060000
-49  -0.015000
-48  -0.100000
-47   0.000000
-46  -0.015000
-45  -0.000000
-44  -0.035000
-43   0.075000
-42  -0.110000
-41  -0.020000
-40  -0.020000
-39   0.090000
-38  -0.065000
-37   0.095000
-36   0.000000
-35   0.045000
-34  -0.055000
-33  -0.035000
-32   0.025000
-31  -0.015000
-30  -0.055000
-29   0.010000
-28   0.005000
-27   0.060000
-26   0.035000
-25   0.035000
-24  -0.100000
-23   0.050000
-22  -0.015000
-21   0.015000
-20   0.090000
-19  -0.035000
-18  -0.020000
-17   0.010000
-16  -0.000000
-15  -0.025000
-14   0.085000
-13  -0.010000
-12   0.060000
-11  -0.030000
-10  -0.015000
-9   0.025000
-8  -0.000000
-7  -0.025000
-6   0.060000
-5   0.040000
-4   0.025000
-3   0.045000
-2  -0.010000
-1   0.065000
