0  -0.000000
1   0.025000
2   0.020000
3  -0.040000
4  -0.025000
5   0.025000
6  -0.030000
7   0.040000
8  -0.020000
9   0.030000
10   0.040000
11  -0.000000
12  -0.070000
13   0.060000
14   0.060000
15   0.035000
16  -0.035000
17   0.015000
18  -0.065000
19   0.005000
20  -0.095000
21   0.050000
22   0.040000
23   0.020000
24  -0.095000
25   0.015000
26  -0.095000
27   0.000000
28   0.005000
29  -0.025000
30   0.050000
31  -0.135000
32   0.010000
33  -0.050000
34   0.050000
35  -0.025000
36   0.040000
37  -0.045000
38   0.000000
39  -0.025000
40   0.005000
41  -0.040000
42  -0.090000
43  -0.005000
44  -0.050000
45  -0.050000
46   0.000000
47  -0.050000
48  -0.020000
49  -0.045000
50  -0.025000
51  -0.060000
52  -0.020000
53  -0.000000
54   0.000000
55   0.070000
56  -0.075000
57  -0.005000
58   0.000000
59  -0.030000
60   0.005000
61   0.010000
62  -0.020000
63   0.025000
64   0.035000
65  -0.015000
66   0.000000
67   0.005000
68   0.115000
69  -0.015000
70  -0.015000
71   0.045000
72   0.005000
73  -0.000000
74  -0.075000
75  -0.020000
76  -0.095000
77   0.015000
78   0.035000
79   0.025000
80  -0.045000
81  -0.000000
82  -0.035000
83   0.090000
84  -0.055000
85  -0.010000
86   0.050000
87   0.025000
88  -0.075000
89   0.060000
90  -0.015000
91   0.035000
92  -0.130000
93   0.035000
94   0.055000
95  -0.090000
96  -0.020000
97  -0.090000
98   0.000000
99  -0.045000
100  -0.010000
101  -0.120000
102  -0.100000
103  -0.030000
104  -0.060000
105   0.025000
106   0.040000
107   0.055000
108  -0.010000
109   0.010000
110   0.060000
111  -0.005000
112  -0.005000
113   0.070000
114   0.090000
115   0.005000
116   0.020000
117   0.025000
118   0.010000
119   0.110000
120  -0.005000
121  -0.010000
122  -0.090000
123  -0.005000
124  -0.020000
125   0.100000
126   0.005000
127  -0.030000
128   0.035000
129  -0.025000
130   0.045000
131   0.015000
132  -0.020000
133   0.055000
134  -0.015000
135   0.010000
136   0.070000
137   0.030000
138   0.030000
139   0.050000
140   0.085000
141   0.010000
142   0.000000
143  -0.025000
144  -0.000000
145  -0.075000
146  -0.140000
147   0.005000
148  -0.015000
149   0.065000
150   0.085000
151   0.080000
152   0.025000
153  -0.010000
154   0.055000
155  -0.040000
156  -0.040000
157   0.055000
158  -0.025000
159   0.075000
160  -0.025000
161  -0.020000
162   0.020000
163   0.100000
164  -0.000000
165  -0.050000
166   0.055000
167  -0.015000
168   0.050000
169   0.060000
170  -0.085000
171   0.070000
172  -0.055000
173   0.060000
174   0.010000
175  -0.030000
176   0.090000
177   0.010000
178   0.040000
179   0.025000
180  -0.005000
181  -0.010000
182   0.080000
183  -0.035000
184   0.075000
185  -0.030000
186   0.085000
187   0.005000
188   0.005000
189  -0.010000
190   0.095000
191   0.050000
192   0.045000
193  -0.060000
194  -0.040000
195  -0.070000
196   0.010000
197   0.055000
198  -0.005000
199  -0.005000
200   0.105000
201  -0.050000
202   0.000000
203   0.020000
204   0.065000
205   0.095000
206  -0.030000
207   0.015000
208   0.055000
209  -0.030000
210   0.000000
211   0.065000
212   0.020000
213   0.010000
214  -0.065000
215   0.020000
216  -0.020000
217   0.065000
218   0.020000
219  -0.045000
220  -0.025000
221   0.030000
222  -0.110000
223   0.025000
224   0.045000
225   0.005000
226  -0.010000
227  -0.045000
228   0.020000
229   0.020000
230   0.005000
231  -0.075000
232   0.010000
233  -0.055000
234   0.060000
235   0.035000
236  -0.055000
237   0.020000
238  -0.015000
239  -0.080000
240  -0.035000
241   0.010000
242   0.015000
243  -0.045000
244  -0.010000
245   0.070000
246   0.025000
247   0.005000
248   0.010000
249   0.010000
250   0.065000
251   0.050000
252  -0.015000
253   0.115000
254  -0.005000
255  -0.170000
256   0.005000
257   0.025000
258  -0.015000
259  -0.025000
260  -0.035000
261   0.015000
262   0.030000
263   0.025000
264  -0.030000
265  -0.030000
266  -0.070000
267   0.005000
268  -0.020000
269  -0.025000
270   0.025000
271  -0.010000
272   0.070000
273   0.120000
274  -0.020000
275  -0.005000
276  -0.000000
277   0.040000
278   0.060000
279  -0.050000
280   0.010000
281  -0.075000
282   0.060000
283  -0.010000
284  -0.015000
285   0.000000
286   0.030000
287   0.080000
288  -0.015000
289   0.085000
290   0.080000
291   0.045000
292   0.070000
293   0.070000
294  -0.030000
295  -0.050000
296   0.030000
297   0.010000
298  -0.060000
299  -0.010000
300  -0.025000
301   0.050000
302  -0.005000
303  -0.015000
304  -0.030000
305   0.070000
306   0.055000
307   0.005000
308   0.015000
309  -0.030000
310   0.015000
311  -0.010000
312  -0.015000
313  -0.065000
314  -0.020000
315   0.040000
316  -0.065000
317   0.005000
318  -0.075000
319  -0.095000
320   0.010000
321  -0.005000
322  -0.020000
323   0.055000
324  -0.075000
325  -0.055000
326   0.025000
327  -0.075000
328  -0.065000
329   0.005000
330  -0.045000
331  -0.030000
332  -0.015000
333  -0.055000
334   0.000000
335   0.040000
336   0.010000
337   0.055000
338   0.015000
339  -0.010000
340  -0.140000
341  -0.110000
342  -0.035000
343  -0.025000
344   0.045000
345  -0.070000
346   0.000000
347  -0.055000
348  -0.045000
349  -0.080000
350   0.025000
351   0.040000
352  -0.060000
353  -0.005000
354  -0.025000
355  -0.035000
356   0.030000
357  -0.010000
358   0.000000
359  -0.030000
360  -0.045000
361  -0.125000
362  -0.015000
363  -0.040000
364   0.030000
365   0.025000
366  -0.010000
367  -0.030000
368   0.025000
369  -0.015000
370   0.030000
371   0.105000
372   0.085000
373   0.065000
374  -0.050000
375   0.050000
376   0.005000
377  -0.020000
378   0.025000
379  -0.025000
380  -0.010000
381   0.075000
382   0.135000
383   0.080000
384  -0.005000
385   0.015000
386   0.055000
387  -0.085000
388  -0.010000
389   0.040000
390  -0.010000
391  -0.020000
392  -0.075000
393  -0.050000
394  -0.060000
395   0.070000
396   0.050000
397   0.035000
398  -0.075000
399  -0.005000
400  -0.115000
401   0.005000
402  -0.020000
403  -0.020000
404  -0.030000
405  -0.020000
406  -0.035000
407  -0.140000
408   0.020000
409  -0.020000
410  -0.040000
411  -0.105000
412  -0.130000
413  -0.005000
414  -0.010000
415   0.050000
416   0.000000
417   0.020000
418   0.050000
419   0.010000
420  -0.035000
421  -0.140000
422  -0.090000
423  -0.035000
424   0.050000
425  -0.025000
426   0.030000
427   0.065000
428   0.015000
429   0.000000
430   0.020000
431  -0.070000
432   0.025000
433  -0.035000
434   0.090000
435  -0.005000
436  -0.025000
437  -0.025000
438  -0.010000
439   0.040000
440  -0.005000
441   0.065000
442   0.025000
443   0.030000
444   0.025000
445   0.030000
446  -0.040000
447  -0.010000
448  -0.005000
449   0.025000
450  -0.020000
451   0.010000
452  -0.020000
453   0.060000
454  -0.005000
455   0.030000
456   0.000000
457  -0.080000
458   0.015000
459  -0.005000
460   0.010000
461  -0.045000
462   0.020000
463   0.075000
464   0.065000
465   0.020000
466  -0.080000
467  -0.030000
468   0.015000
469   0.010000
470   0.045000
471  -0.045000
472   0.010000
473  -0.015000
474  -0.000000
475  -0.060000
476   0.015000
477   0.045000
478   0.075000
479   0.030000
480  -0.030000
481   0.000000
482   0.040000
483   0.030000
484   0.020000
485   0.015000
486  -0.020000
487  -0.070000
488  -0.040000
489   0.000000
490   0.030000
491   0.040000
492  -0.015000
493   0.075000
494  -0.060000
495  -0.075000
496  -0.025000
497  -0.035000
498   0.015000
499  -0.005000
500  -0.065000
-499   0.095000
-498  -0.005000
-497  -0.030000
-496   0.090000
-495  -0.000000
-494  -0.055000
-493  -0.035000
-492   0.010000
-491  -0.075000
-490  -0.010000
-489   0.050000
-488  -0.005000
-487  -0.045000
-486   0.010000
-485  -0.045000
-484   0.035000
-483  -0.005000
-482  -0.030000
-481   0.040000
-480  -0.070000
-479   0.020000
-478   0.025000
-477  -0.000000
-476  -0.055000
-475  -0.045000
-474   0.070000
-473   0.155000
-472  -0.040000
-471   0.010000
-470  -0.080000
-469   0.010000
-468   0.050000
-467  -0.015000
-466  -0.035000
-465  -0.020000
-464  -0.030000
-463   0.055000
-462   0.105000
-461   0.045000
-460  -0.035000
-459  -0.010000
-458   0.100000
-457  -0.040000
-456   0.070000
-455   0.130000
-454   0.045000
-453   0.055000
-452  -0.025000
-451   0.060000
-450   0.095000
-449   0.060000
-448  -0.085000
-447   0.050000
-446  -0.010000
-445   0.020000
-444   0.025000
-443  -0.005000
-442  -0.050000
-441  -0.030000
-440   0.025000
-439  -0.040000
-438  -0.050000
-437   0.035000
-436   0.010000
-435  -0.070000
-434   0.000000
-433   0.005000
-432   0.055000
-431   0.070000
-430   0.045000
-429   0.060000
-428  -0.025000
-427   0.000000
-426   0.060000
-425  -0.060000
-424   0.025000
-423   0.055000
-422   0.010000
-421   0.010000
-420   0.030000
-419  -0.035000
-418   0.140000
-417  -0.060000
-416  -0.070000
-415  -0.070000
-414  -0.050000
-413  -0.005000
-412   0.035000
-411  -0.045000
-410   0.135000
-409  -0.045000
-408   0.025000
-407  -0.060000
-406   0.050000
-405  -0.015000
-404   0.035000
-403  -0.095000
-402  -0.030000
-401   0.030000
-400   0.045000
-399  -0.035000
-398   0.030000
-397  -0.005000
-396   0.080000
-395   0.045000
-394  -0.040000
-393  -0.095000
-392  -0.005000
-391   0.015000
-390   0.090000
-389   0.030000
-388   0.005000
-387   0.060000
-386   0.000000
-385  -0.050000
-384  -0.020000
-383   0.015000
-382  -0.090000
-381  -0.090000
-380   0.080000
-379   0.075000
-378   0.060000
-377   0.015000
-376  -0.050000
-375  -0.025000
-374   0.005000
-373   0.000000
-372   0.015000
-371   0.020000
-370  -0.030000
-369   0.005000
-368  -0.045000
-367   0.065000
-366  -0.020000
-365  -0.100000
-364  -0.045000
-363  -0.085000
-362   0.025000
-361   0.050000
-360   0.035000
-359   0.025000
-358   0.080000
-357   0.025000
-356   0.010000
-355   0.005000
-354  -0.045000
-353  -0.005000
-352  -0.055000
-351   0.035000
-350  -0.035000
-349   0.030000
-348   0.010000
-347  -0.015000
-346  -0.010000
-345   0.025000
-344   0.065000
-343  -0.010000
-342  -0.025000
-341  -0.010000
-340  -0.040000
-339   0.010000
-338  -0.015000
-337  -0.100000
-336  -0.065000
-335  -0.010000
-334   0.005000
-333   0.050000
-332  -0.000000
-331  -0.025000
-330   0.055000
-329  -0.050000
-328  -0.035000
-327   0.005000
-326  -0.045000
-325  -0.000000
-324  -0.070000
-323  -0.025000
-322   0.025000
-321   0.025000
-320  -0.015000
-319  -0.050000
-318   0.050000
-317  -0.015000
-316  -0.050000
-315   0.020000
-314   0.005000
-313   0.000000
-312   0.015000
-311  -0.015000
-310  -0.005000
-309   0.075000
-308  -0.045000
-307  -0.030000
-306   0.005000
-305   0.000000
-304  -0.050000
-303  -0.040000
-302   0.085000
-301  -0.025000
-300  -0.100000
-299   0.050000
-298   0.015000
-297  -0.100000
-296  -0.050000
-295  -0.030000
-294   0.000000
-293  -0.020000
-292   0.095000
-291   0.080000
-290   0.080000
-289  -0.025000
-288   0.095000
-287  -0.085000
-286   0.055000
-285   0.080000
-284  -0.005000
-283  -0.060000
-282   0.020000
-281  -0.030000
-280   0.035000
-279  -0.005000
-278   0.015000
-277  -0.035000
-276  -0.035000
-275   0.085000
-274  -0.030000
-273   0.045000
-272  -0.065000
-271   0.045000
-270  -0.055000
-269   0.025000
-268  -0.020000
-267  -0.065000
-266  -0.010000
-265   0.010000
-264   0.020000
-263   0.065000
-262   0.015000
-261   0.050000
-260   0.050000
-259  -0.065000
-258   0.005000
-257  -0.025000
-256   0.050000
-255   0.065000
-254   0.085000
-253   0.010000
-252  -0.005000
-251  -0.085000
-250   0.015000
-249  -0.040000
-248  -0.030000
-247   0.075000
-246   0.045000
-245   0.045000
-244   0.070000
-243  -0.055000
-242  -0.010000
-241   0.025000
-240  -0.050000
-239   0.015000
-238   0.020000
-237  -0.070000
-236  -0.010000
-235  -0.005000
-234   0.040000
-233  -0.005000
-232   0.050000
-231  -0.025000
-230  -0.000000
-229  -0.005000
-228  -0.030000
-227  -0.015000
-226  -0.040000
-225  -0.020000
-224  -0.010000
-223  -0.050000
-222   0.015000
-221   0.000000
-220  -0.025000
-219  -0.035000
-218  -0.070000
-217  -0.020000
-216   0.015000
-215   0.035000
-214   0.015000
-213  -0.050000
-212   0.000000
-211   0.055000
-210   0.100000
-209   0.045000
-208  -0.010000
-207   0.030000
-206  -0.060000
-205   0.065000
-204  -0.130000
-203   0.015000
-202   0.055000
-201   0.040000
-200  -0.030000
-199  -0.020000
-198  -0.075000
-197   0.040000
-196  -0.030000
-195   0.065000
-194  -0.030000
-193   0.080000
-192  -0.095000
-191  -0.010000
-190   0.060000
-189  -0.035000
-188  -0.020000
-187  -0.105000
-186  -0.075000
-185  -0.040000
-184   0.005000
-183   0.075000
-182  -0.085000
-181  -0.010000
-180  -0.070000
-179  -0.085000
-178  -0.010000
-177  -0.065000
-176   0.060000
-175   0.015000
-174  -0.015000
-173  -0.045000
-172   0.025000
-171  -0.095000
-170   0.015000
-169  -0.025000
-168   0.005000
-167  -0.015000
-166  -0.090000
-165   0.045000
-164   0.035000
-163   0.090000
-162  -0.020000
-161  -0.010000
-160   0.015000
-159   0.015000
-158  -0.050000
-157   0.000000
-156   0.070000
-155   0.040000
-154  -0.025000
-153   0.015000
-152   0.040000
-151  -0.030000
-150   0.070000
-149  -0.010000
-148   0.025000
-147  -0.125000
-146   0.010000
-145   0.115000
-144  -0.010000
-143  -0.100000
-142   0.065000
-141   0.075000
-140  -0.020000
-139  -0.055000
-138   0.005000
-137  -0.015000
-136  -0.050000
-135   0.065000
-134  -0.055000
-133   0.025000
-132  -0.130000
-131   0.060000
-130  -0.040000
-129   0.035000
-128   0.060000
-127   0.070000
-126   0.005000
-125   0.000000
-124   0.020000
-123   0.095000
-122  -0.000000
-121  -0.025000
-120  -0.010000
-119  -0.045000
-118   0.055000
-117   0.095000
-116   0.080000
-115   0.020000
-114  -0.060000
-113   0.060000
-112  -0.095000
-111   0.025000
-110  -0.025000
-109   0.075000
-108  -0.010000
-107  -0.060000
-106  -0.065000
-105   0.040000
-104   0.010000
-103  -0.075000
-102   0.030000
-101  -0.130000
-100  -0.015000
-99  -0.050000
-98  -0.035000
-97   0.075000
-96   0.050000
-95   0.015000
-94   0.015000
-93  -0.010000
-92   0.050000
-91  -0.025000
-90   0.120000
-89   0.060000
-88   0.025000
-87  -0.040000
-86  -0.005000
-85   0.055000
-84  -0.015000
-83  -0.035000
-82   0.035000
-81  -0.035000
-80  -0.075000
-79  -0.005000
-78  -0.055000
-77  -0.120000
-76   0.000000
-75   0.025000
-74  -0.040000
-73  -0.070000
-72  -0.025000
-71  -0.055000
-70   0.045000
-69  -0.060000
-68  -0.015000
-67  -0.015000
-66  -0.015000
-65   0.005000
-64   0.005000
-63   0.035000
-62  -0.035000
-61   0.060000
-60  -0.050000
-59  -0.050000
-58   0.105000
-57  -0.055000
-56  -0.015000
-55  -0.055000
-54   0.020000
-53   0.055000
-52   0.050000
-51  -0.025000
-50   0.060000
-49   0.030000
-48  -0.045000
-47  -0.005000
-46   0.040000
-45  -0.045000
-44  -0.020000
-43  -0.020000
-42   0.050000
-41  -0.040000
-40   0.015000
-39   0.015000
-38  -0.060000
-37  -0.045000
-36   0.030000
-35   0.010000
-34   0.010000
-33   0.000000
-32   0.015000
-31   0.030000
-30   0.010000
-29   0.055000
-28   0.045000
-27  -0.060000
-26   0.040000
-25   0.020000
-24   0.070000
-23   0.100000
-22   0.045000
-21  -0.075000
-20  -0.025000
-19  -0.010000
-18   0.030000
-17   0.010000
-16  -0.095000
-15   0.010000
-14  -0.045000
-13  -0.055000
-12  -0.110000
-11   0.025000
-10   0.060000
-9  -0.070000
-8  -0.125000
-7   0.020000
-6   0.000000
-5   0.050000
-4  -0.060000
-3   0.060000
-2  -0.010000
-1  -0.030000
