0   0.000000
1  -0.035000
2  -0.010000
3  -0.015000
4   0.040000
5   0.015000
6  -0.015000
7  -0.065000
8  -0.005000
9  -0.005000
10   0.005000
11  -0.010000
12  -0.050000
13   0.080000
14  -0.040000
15   0.025000
16   0.075000
17  -0.030000
18   0.050000
19  -0.055000
20   0.025000
21  -0.075000
22   0.035000
23  -0.060000
24   0.100000
25   0.065000
26  -0.065000
27  -0.040000
28  -0.060000
29  -0.045000
30  -0.020000
31   0.010000
32  -0.045000
33  -0.095000
34   0.000000
35   0.080000
36  -0.065000
37   0.065000
38   0.000000
39  -0.040000
40   0.020000
41   0.000000
42   0.055000
43  -0.095000
44  -0.010000
45  -0.095000
46  -0.015000
47   0.050000
48  -0.070000
49  -0.015000
50  -0.060000
51   0.020000
52  -0.060000
53  -0.005000
54  -0.035000
55  -0.020000
56   0.040000
57  -0.015000
58   0.025000
59  -0.045000
60  -0.100000
61   0.015000
62   0.010000
63   0.050000
64  -0.055000
65   0.010000
66  -0.025000
67   0.025000
68   0.030000
69   0.005000
70  -0.005000
71   0.015000
72   0.020000
73  -0.045000
74   0.045000
75   0.065000
76  -0.040000
77   0.095000
78   0.010000
79   0.035000
80  -0.000000
81   0.010000
82   0.040000
83  -0.050000
84   0.005000
85  -0.040000
86  -0.015000
87   0.030000
88  -0.015000
89  -0.120000
90  -0.000000
91  -0.020000
92  -0.040000
93  -0.020000
94   0.010000
95  -0.100000
96  -0.040000
97   0.045000
98   0.000000
99   0.050000
100  -0.055000
101  -0.020000
102  -0.010000
103   0.035000
104  -0.000000
105   0.045000
106  -0.080000
107  -0.060000
108   0.025000
109   0.100000
110   0.020000
111   0.005000
112  -0.095000
113  -0.010000
114   0.070000
115   0.070000
116  -0.050000
117   0.010000
118   0.015000
119   0.085000
120  -0.005000
121  -0.015000
122   0.060000
123  -0.105000
124   0.010000
125  -0.020000
126  -0.055000
127   0.060000
128   0.075000
129   0.115000
130   0.035000
131  -0.040000
132  -0.045000
133  -0.005000
134   0.035000
135  -0.025000
136  -0.050000
137  -0.060000
138   0.015000
139  -0.015000
140   0.040000
141  -0.010000
142   0.025000
143   0.125000
144   0.005000
145   0.045000
146  -0.065000
147   0.015000
148   0.095000
149   0.045000
150   0.005000
151   0.005000
152   0.010000
153  -0.020000
154  -0.100000
155  -0.100000
156   0.015000
157   0.010000
158  -0.025000
159  -0.005000
160  -0.050000
161   0.015000
162  -0.005000
163  -0.085000
164  -0.020000
165   0.060000
166  -0.025000
167   0.005000
168  -0.135000
169   0.045000
170   0.020000
171  -0.040000
172  -0.025000
173   0.035000
174  -0.070000
175   0.055000
176  -0.040000
177  -0.065000
178  -0.015000
179  -0.105000
180  -0.035000
181  -0.030000
182   0.070000
183  -0.085000
184  -0.055000
185  -0.020000
186   0.040000
187  -0.050000
188   0.090000
189  -0.000000
190   0.030000
191   0.020000
192   0.030000
193  -0.060000
194   0.005000
195   0.040000
196  -0.070000
197   0.010000
198   0.000000
199   0.030000
200  -0.030000
201   0.090000
202   0.045000
203   0.050000
204   0.035000
205   0.065000
206   0.055000
207   0.085000
208   0.020000
209   0.025000
210  -0.065000
211  -0.015000
212   0.070000
213   0.010000
214  -0.100000
215   0.020000
216   0.060000
217  -0.025000
218  -0.020000
219   0.065000
220  -0.035000
221   0.015000
222  -0.010000
223  -0.050000
224   0.080000
225   0.000000
226   0.025000
227  -0.010000
228  -0.025000
229  -0.045000
230  -0.005000
231   0.040000
232   0.070000
233   0.005000
234  -0.015000
235   0.020000
236   0.020000
237   0.015000
238   0.020000
239   0.035000
240  -0.100000
241  -0.025000
242  -0.065000
243  -0.035000
244   0.005000
245  -0.070000
246  -0.070000
247   0.080000
248   0.045000
249   0.000000
250  -0.010000
251   0.055000
252   0.065000
253  -0.005000
254  -0.020000
255   0.035000
256   0.025000
257   0.120000
258   0.010000
259  -0.070000
260   0.020000
261  -0.035000
262  -0.035000
263   0.000000
264   0.010000
265  -0.105000
266   0.040000
267  -0.035000
268   0.035000
269   0.060000
270  -0.075000
271   0.025000
272   0.005000
273  -0.005000
274  -0.030000
275   0.050000
276  -0.030000
277  -0.090000
278  -0.050000
279  -0.065000
280  -0.015000
281   0.065000
282   0.040000
283   0.005000
284   0.070000
285   0.020000
286  -0.045000
287  -0.070000
288  -0.050000
289   0.060000
290  -0.060000
291   0.020000
292  -0.125000
293   0.010000
294  -0.020000
295   0.060000
296   0.075000
297  -0.080000
298   0.075000
299  -0.045000
300  -0.020000
301   0.040000
302  -0.005000
303  -0.020000
304  -0.005000
305  -0.055000
306   0.010000
307   0.000000
308  -0.010000
309  -0.100000
310  -0.095000
311  -0.065000
312  -0.090000
313  -0.160000
314   0.045000
315   0.000000
316   0.045000
317  -0.055000
318   0.035000
319  -0.050000
320  -0.065000
321   0.020000
322   0.065000
323  -0.055000
324   0.070000
325  -0.010000
326  -0.080000
327  -0.020000
328  -0.030000
329  -0.050000
330  -0.065000
331  -0.065000
332   0.060000
333  -0.050000
334   0.005000
335   0.045000
336  -0.075000
337  -0.055000
338   0.025000
339   0.010000
340   0.000000
341  -0.025000
342   0.040000
343   0.030000
344   0.010000
345  -0.090000
346   0.025000
347   0.010000
348  -0.005000
349  -0.025000
350   0.065000
351   0.060000
352  -0.005000
353  -0.015000
354   0.075000
355   0.005000
356   0.050000
357   0.035000
358  -0.010000
359  -0.060000
360   0.070000
361   0.095000
362   0.030000
363  -0.020000
364   0.040000
365  -0.005000
366  -0.045000
367   0.020000
368  -0.120000
369  -0.090000
370   0.050000
371   0.025000
372   0.015000
373  -0.010000
374  -0.055000
375  -0.050000
376  -0.020000
377   0.055000
378  -0.015000
379  -0.015000
380   0.005000
381   0.010000
382  -0.040000
383  -0.010000
384  -0.010000
385   0.030000
386   0.025000
387   0.025000
388   0.040000
389   0.080000
390   0.105000
391  -0.035000
392  -0.075000
393   0.010000
394  -0.010000
395  -0.050000
396  -0.010000
397   0.045000
398   0.095000
399  -0.055000
400  -0.100000
401   0.095000
402  -0.100000
403   0.025000
404   0.120000
405  -0.015000
406   0.040000
407  -0.040000
408   0.055000
409   0.020000
410  -0.090000
411  -0.080000
412   0.010000
413  -0.050000
414   0.040000
415  -0.010000
416  -0.075000
417  -0.040000
418   0.105000
419  -0.005000
420   0.030000
421  -0.100000
422  -0.045000
423  -0.085000
424  -0.030000
425  -0.025000
426  -0.020000
427   0.040000
428   0.040000
429   0.020000
430   0.010000
431  -0.085000
432   0.080000
433  -0.080000
434   0.025000
435   0.015000
436  -0.015000
437   0.080000
438   0.030000
439  -0.095000
440   0.000000
441   0.010000
442   0.010000
443  -0.095000
444  -0.025000
445   0.050000
446   0.085000
447  -0.105000
448   0.010000
449   0.025000
450  -0.075000
451   0.135000
452  -0.010000
453  -0.015000
454   0.045000
455  -0.035000
456  -0.040000
457   0.015000
458  -0.005000
459  -0.030000
460  -0.065000
461   0.040000
462   0.030000
463  -0.100000
464   0.020000
465   0.020000
466   0.010000
467   0.060000
468   0.010000
469   0.030000
470  -0.030000
471  -0.005000
472   0.030000
473   0.055000
474   0.060000
475  -0.035000
476  -0.030000
477  -0.075000
478   0.010000
479  -0.105000
480  -0.015000
481  -0.035000
482   0.005000
483  -0.040000
484  -0.025000
485  -0.010000
486   0.105000
487  -0.045000
488  -0.075000
489   0.100000
490   0.010000
491  -0.010000
492   0.010000
493  -0.040000
494  -0.035000
495  -0.015000
496   0.005000
497   0.050000
498  -0.060000
499  -0.040000
500   0.070000
-499  -0.040000
-498  -0.060000
-497  -0.035000
-496   0.045000
-495   0.090000
-494   0.055000
-493   0.055000
-492   0.075000
-491  -0.015000
-490  -0.020000
-489   0.020000
-488  -0.035000
-487  -0.035000
-486  -0.040000
-485   0.045000
-484  -0.090000
-483  -0.005000
-482   0.015000
-481   0.070000
-480   0.005000
-479  -0.065000
-478  -0.070000
-477  -0.050000
-476  -0.040000
-475  -0.035000
-474  -0.090000
-473  -0.010000
-472  -0.090000
-471  -0.010000
-470  -0.030000
-469  -0.020000
-468  -0.080000
-467   0.010000
-466  -0.075000
-465  -0.075000
-464   0.060000
-463   0.010000
-462   0.045000
-461   0.060000
-460   0.060000
-459  -0.025000
-458   0.025000
-457  -0.005000
-456  -0.030000
-455   0.005000
-454   0.005000
-453  -0.040000
-452  -0.005000
-451   0.005000
-450   0.005000
-449  -0.005000
-448   0.035000
-447   0.015000
-446   0.000000
-445  -0.020000
-444   0.135000
-443  -0.020000
-442   0.100000
-441  -0.025000
-440   0.025000
-439   0.055000
-438  -0.000000
-437   0.060000
-436  -0.080000
-435   0.045000
-434   0.005000
-433  -0.070000
-432  -0.050000
-431   0.045000
-430  -0.060000
-429  -0.035000
-428  -0.130000
-427   0.050000
-426  -0.030000
-425  -0.005000
-424   0.105000
-423   0.030000
-422  -0.095000
-421   0.070000
-420   0.010000
-419  -0.060000
-418   0.000000
-417  -0.030000
-416  -0.065000
-415   0.110000
-414  -0.060000
-413  -0.020000
-412   0.010000
-411  -0.005000
-410   0.045000
-409   0.035000
-408  -0.015000
-407  -0.025000
-406  -0.010000
-405   0.005000
-404  -0.020000
-403   0.065000
-402   0.045000
-401  -0.015000
-400  -0.095000
-399  -0.010000
-398  -0.100000
-397   0.065000
-396  -0.140000
-395  -0.060000
-394   0.065000
-393   0.005000
-392  -0.140000
-391  -0.095000
-390  -0.080000
-389   0.015000
-388   0.025000
-387  -0.015000
-386  -0.015000
-385   0.015000
-384   0.000000
-383   0.015000
-382   0.000000
-381   0.070000
-380   0.035000
-379  -0.005000
-378   0.080000
-377   0.055000
-376   0.035000
-375   0.025000
-374   0.025000
-373   0.055000
-372  -0.030000
-371  -0.055000
-370   0.035000
-369   0.015000
-368  -0.070000
-367   0.075000
-366  -0.060000
-365  -0.000000
-364  -0.005000
-363   0.010000
-362   0.020000
-361   0.045000
-360   0.060000
-359  -0.045000
-358  -0.080000
-357  -0.095000
-356  -0.010000
-355  -0.050000
-354  -0.020000
-353  -0.060000
-352   0.090000
-351  -0.020000
-350  -0.055000
-349  -0.050000
-348   0.035000
-347   0.055000
-346   0.100000
-345   0.015000
-344   0.140000
-343  -0.060000
-342  -0.015000
-341   0.185000
-340   0.035000
-339   0.045000
-338   0.010000
-337  -0.005000
-336   0.000000
-335   0.005000
-334  -0.070000
-333  -0.035000
-332  -0.045000
-331  -0.025000
-330  -0.045000
-329  -0.020000
-328   0.035000
-327  -0.010000
-326  -0.050000
-325   0.040000
-324   0.080000
-323   0.045000
-322   0.010000
-321  -0.015000
-320  -0.000000
-319  -0.025000
-318  -0.005000
-317   0.010000
-316  -0.005000
-315   0.010000
-314  -0.045000
-313   0.055000
-312   0.000000
-311   0.030000
-310   0.030000
-309   0.045000
-308   0.030000
-307  -0.100000
-306  -0.050000
-305  -0.005000
-304   0.045000
-303   0.000000
-302   0.015000
-301  -0.060000
-300   0.050000
-299   0.030000
-298   0.020000
-297  -0.005000
-296   0.070000
-295  -0.005000
-294  -0.025000
-293   0.010000
-292  -0.030000
-291   0.010000
-290   0.010000
-289   0.035000
-288   0.020000
-287   0.020000
-286  -0.090000
-285  -0.025000
-284   0.005000
-283  -0.030000
-282  -0.050000
-281   0.085000
-280   0.050000
-279  -0.025000
-278  -0.030000
-277  -0.045000
-276  -0.030000
-275   0.015000
-274   0.035000
-273   0.070000
-272  -0.045000
-271   0.005000
-270  -0.030000
-269   0.035000
-268  -0.025000
-267   0.120000
-266   0.030000
-265  -0.035000
-264  -0.090000
-263   0.005000
-262   0.050000
-261   0.010000
-260  -0.030000
-259  -0.000000
-258  -0.020000
-257  -0.005000
-256   0.020000
-255   0.030000
-254   0.055000
-253   0.020000
-252   0.025000
-251  -0.005000
-250   0.060000
-249   0.025000
-248  -0.020000
-247   0.035000
-246   0.015000
-245  -0.010000
-244   0.035000
-243  -0.045000
-242   0.045000
-241  -0.005000
-240  -0.075000
-239  -0.020000
-238  -0.030000
-237  -0.135000
-236   0.100000
-235  -0.030000
-234  -0.000000
-233  -0.010000
-232  -0.005000
-231  -0.045000
-230   0.010000
-229   0.025000
-228  -0.040000
-227   0.015000
-226  -0.070000
-225   0.010000
-224   0.010000
-223  -0.025000
-222  -0.110000
-221   0.030000
-220   0.010000
-219   0.015000
-218  -0.065000
-217   0.000000
-216  -0.065000
-215   0.025000
-214   0.010000
-213   0.035000
-212  -0.040000
-211  -0.005000
-210  -0.090000
-209   0.050000
-208  -0.055000
-207  -0.025000
-206   0.015000
-205  -0.090000
-204  -0.005000
-203   0.010000
-202   0.035000
-201  -0.100000
-200  -0.000000
-199  -0.015000
-198  -0.015000
-197  -0.045000
-196   0.010000
-195   0.015000
-194   0.025000
-193   0.095000
-192  -0.060000
-191  -0.060000
-190   0.025000
-189  -0.000000
-188  -0.065000
-187  -0.055000
-186  -0.020000
-185  -0.050000
-184   0.010000
-183  -0.035000
-182  -0.060000
-181   0.065000
-180  -0.050000
-179   0.010000
-178   0.090000
-177  -0.025000
-176   0.105000
-175  -0.050000
-174   0.030000
-173  -0.015000
-172  -0.025000
-171  -0.030000
-170  -0.115000
-169   0.065000
-168  -0.020000
-167   0.130000
-166   0.015000
-165  -0.030000
-164   0.065000
-163   0.085000
-162   0.010000
-161  -0.080000
-160   0.125000
-159   0.010000
-158  -0.040000
-157  -0.080000
-156  -0.005000
-155  -0.055000
-154  -0.035000
-153   0.050000
-152  -0.025000
-151  -0.015000
-150  -0.035000
-149  -0.035000
-148   0.005000
-147   0.040000
-146  -0.055000
-145  -0.130000
-144  -0.015000
-143  -0.000000
-142   0.055000
-141   0.005000
-140   0.090000
-139   0.015000
-138   0.020000
-137   0.010000
-136  -0.025000
-135   0.030000
-134   0.005000
-133  -0.040000
-132  -0.040000
-131  -0.015000
-130  -0.030000
-129  -0.040000
-128  -0.055000
-127  -0.050000
-126   0.045000
-125  -0.010000
-124  -0.000000
-123  -0.020000
-122   0.055000
-121  -0.010000
-120   0.030000
-119  -0.035000
-118   0.000000
-117  -0.020000
-116   0.045000
-115   0.065000
-114  -0.010000
-113  -0.005000
-112   0.015000
-111  -0.020000
-110  -0.010000
-109  -0.035000
-108  -0.020000
-107   0.060000
-106   0.010000
-105  -0.030000
-104  -0.080000
-103  -0.010000
-102   0.025000
-101   0.040000
-100  -0.015000
-99   0.035000
-98   0.135000
-97   0.020000
-96   0.005000
-95  -0.050000
-94  -0.090000
-93   0.025000
-92  -0.125000
-91  -0.040000
-90   0.070000
-89   0.025000
-88   0.055000
-87   0.105000
-86  -0.065000
-85   0.030000
-84  -0.050000
-83  -0.035000
-82   0.060000
-81   0.045000
-80   0.025000
-79  -0.070000
-78   0.005000
-77  -0.015000
-76   0.030000
-75  -0.025000
-74  -0.045000
-73   0.025000
-72  -0.010000
-71   0.025000
-70  -0.000000
-69  -0.005000
-68  -0.030000
-67   0.050000
-66  -0.015000
-65   0.085000
-64  -0.025000
-63  -0.060000
-62   0.115000
-61  -0.015000
-60  -0.095000
-59   0.050000
-58  -0.010000
-57   0.000000
-56  -0.075000
-55  -0.010000
-54   0.065000
-53  -0.040000
-52  -0.040000
-51  -0.055000
-50   0.020000
-49   0.030000
-48  -0.050000
-47   0.035000
-46  -0.075000
-45  -0.130000
-44   0.050000
-43  -0.000000
-42  -0.080000
-41  -0.005000
-40  -0.045000
-39   0.040000
-38   0.005000
-37  -0.020000
-36   0.030000
-35   0.075000
-34   0.010000
-33   0.020000
-32   0.015000
-31  -0.015000
-30  -0.055000
-29  -0.010000
-28   0.030000
-27  -0.070000
-26   0.050000
-25  -0.045000
-24  -0.015000
-23  -0.045000
-22  -0.005000
-21   0.015000
-20   0.025000
-19   0.070000
-18  -0.010000
-17  -0.070000
-16   0.070000
-15  -0.095000
-14   0.040000
-13   0.040000
-12   0.030000
-11   0.060000
-10   0.085000
-9   0.100000
-8   0.060000
-7   0.055000
-6  -0.050000
-5   0.080000
-4   0.025000
-3  -0.105000
-2   0.055000
-1   0.065000
