0   0.015000
1   0.040000
2   0.015000
3  -0.060000
4  -0.005000
5  -0.010000
6  -0.070000
7  -0.030000
8  -0.100000
9  -0.010000
10   0.040000
11   0.005000
12  -0.090000
13   0.005000
14   0.040000
15   0.025000
16   0.005000
17   0.065000
18   0.005000
19   0.030000
20  -0.020000
21  -0.060000
22   0.025000
23  -0.070000
24   0.030000
25   0.115000
26   0.030000
27  -0.145000
28  -0.055000
29  -0.030000
30  -0.010000
31   0.025000
32  -0.030000
33   0.000000
34  -0.100000
35  -0.015000
36  -0.005000
37   0.040000
38   0.065000
39   0.000000
40  -0.080000
41   0.010000
42   0.000000
43   0.010000
44  -0.030000
45  -0.040000
46   0.005000
47  -0.030000
48  -0.055000
49  -0.040000
50  -0.015000
51  -0.120000
52   0.015000
53   0.000000
54  -0.015000
55  -0.050000
56   0.030000
57   0.005000
58  -0.065000
59   0.075000
60   0.015000
61   0.040000
62   0.005000
63  -0.055000
64  -0.010000
65   0.050000
66   0.040000
67  -0.095000
68  -0.005000
69  -0.025000
70   0.060000
71  -0.025000
72  -0.035000
73  -0.015000
74   0.045000
75  -0.125000
76   0.020000
77   0.015000
78   0.025000
79   0.010000
80   0.035000
81   0.035000
82  -0.000000
83  -0.045000
84  -0.115000
85   0.065000
86   0.055000
87   0.070000
88   0.055000
89   0.030000
90  -0.035000
91  -0.005000
92   0.025000
93   0.060000
94   0.090000
95  -0.090000
96  -0.080000
97  -0.010000
98   0.030000
99  -0.055000
100  -0.025000
101  -0.000000
102  -0.060000
103  -0.010000
104   0.040000
105  -0.050000
106  -0.000000
107  -0.070000
108   0.070000
109  -0.040000
110  -0.010000
111  -0.015000
112   0.050000
113  -0.050000
114   0.055000
115  -0.115000
116  -0.025000
117  -0.025000
118  -0.100000
119  -0.015000
120  -0.080000
121  -0.000000
122  -0.035000
123  -0.065000
124  -0.040000
125  -0.000000
126  -0.030000
127   0.110000
128   0.055000
129  -0.050000
130   0.085000
131  -0.085000
132   0.050000
133  -0.040000
134   0.005000
135  -0.030000
136  -0.040000
137   0.075000
138   0.045000
139   0.060000
140  -0.050000
141   0.050000
142  -0.070000
143   0.010000
144   0.000000
145   0.035000
146  -0.040000
147   0.000000
148  -0.045000
149   0.065000
150   0.005000
151   0.055000
152   0.060000
153  -0.035000
154  -0.045000
155  -0.020000
156  -0.005000
157  -0.080000
158   0.040000
159   0.015000
160   0.035000
161  -0.055000
162   0.035000
163   0.065000
164  -0.020000
165   0.065000
166   0.070000
167   0.015000
168  -0.015000
169   0.070000
170   0.000000
171   0.020000
172  -0.065000
173  -0.030000
174   0.085000
175  -0.040000
176  -0.010000
177   0.005000
178  -0.065000
179   0.040000
180   0.030000
181  -0.040000
182   0.015000
183  -0.005000
184   0.025000
185  -0.015000
186  -0.010000
187  -0.025000
188   0.115000
189  -0.040000
190  -0.125000
191  -0.010000
192   0.025000
193  -0.030000
194  -0.090000
195   0.015000
196   0.025000
197  -0.005000
198  -0.010000
199  -0.005000
200  -0.030000
201  -0.035000
202   0.060000
203  -0.025000
204   0.015000
205   0.075000
206   0.090000
207  -0.035000
208   0.095000
209   0.015000
210  -0.010000
211   0.085000
212   0.020000
213  -0.015000
214  -0.030000
215  -0.090000
216  -0.030000
217   0.025000
218  -0.020000
219   0.105000
220  -0.040000
221  -0.010000
222  -0.010000
223  -0.005000
224  -0.020000
225  -0.005000
226  -0.065000
227   0.065000
228   0.030000
229   0.040000
230  -0.035000
231  -0.035000
232  -0.090000
233  -0.000000
234   0.030000
235   0.040000
236   0.120000
237   0.030000
238   0.045000
239   0.040000
240   0.035000
241   0.120000
242   0.020000
243  -0.025000
244  -0.015000
245  -0.125000
246   0.010000
247  -0.070000
248   0.050000
249  -0.045000
250  -0.065000
251  -0.005000
252   0.035000
253   0.075000
254  -0.000000
255  -0.045000
256   0.055000
257   0.010000
258  -0.060000
259   0.065000
260   0.010000
261   0.055000
262   0.010000
263  -0.015000
264  -0.040000
265   0.015000
266  -0.020000
267   0.025000
268   0.020000
269  -0.005000
270  -0.035000
271   0.095000
272   0.025000
273   0.100000
274   0.060000
275   0.015000
276  -0.050000
277   0.020000
278   0.075000
279   0.065000
280   0.060000
281  -0.015000
282   0.050000
283  -0.055000
284   0.005000
285   0.040000
286   0.025000
287   0.040000
288   0.055000
289  -0.030000
290   0.010000
291  -0.005000
292   0.015000
293  -0.040000
294   0.020000
295  -0.040000
296  -0.055000
297  -0.025000
298  -0.060000
299   0.030000
300  -0.000000
301   0.005000
302  -0.095000
303  -0.020000
304   0.010000
305   0.010000
306   0.010000
307   0.030000
308   0.050000
309  -0.085000
310  -0.080000
311   0.065000
312   0.065000
313  -0.035000
314   0.010000
315  -0.050000
316  -0.010000
317   0.060000
318   0.045000
319  -0.000000
320  -0.065000
321   0.050000
322  -0.010000
323   0.060000
324  -0.020000
325   0.030000
326  -0.070000
327   0.050000
328   0.015000
329   0.015000
330  -0.040000
331  -0.015000
332   0.080000
333   0.090000
334   0.010000
335  -0.080000
336   0.050000
337   0.015000
338  -0.090000
339   0.045000
340  -0.005000
341   0.005000
342  -0.040000
343   0.030000
344  -0.045000
345  -0.030000
346  -0.015000
347   0.005000
348   0.045000
349   0.015000
350   0.050000
351   0.130000
352  -0.110000
353  -0.050000
354  -0.050000
355  -0.025000
356   0.035000
357  -0.045000
358  -0.100000
359  -0.085000
360  -0.005000
361  -0.075000
362   0.000000
363  -0.005000
364   0.025000
365  -0.035000
366  -0.070000
367   0.075000
368   0.030000
369  -0.020000
370  -0.045000
371  -0.005000
372  -0.060000
373   0.050000
374  -0.000000
375   0.000000
376  -0.030000
377   0.025000
378  -0.070000
379   0.045000
380  -0.010000
381  -0.015000
382  -0.010000
383  -0.095000
384   0.015000
385  -0.015000
386  -0.090000
387   0.040000
388   0.015000
389   0.040000
390   0.060000
391  -0.005000
392  -0.130000
393  -0.035000
394  -0.095000
395  -0.020000
396   0.005000
397   0.025000
398  -0.065000
399   0.070000
400  -0.060000
401  -0.045000
402   0.010000
403   0.060000
404  -0.035000
405  -0.020000
406   0.050000
407  -0.070000
408   0.015000
409   0.060000
410  -0.075000
411  -0.020000
412  -0.010000
413  -0.030000
414   0.045000
415  -0.055000
416   0.000000
417   0.015000
418   0.100000
419  -0.020000
420   0.055000
421  -0.015000
422  -0.035000
423  -0.060000
424   0.115000
425   0.030000
426   0.040000
427  -0.070000
428  -0.005000
429   0.000000
430  -0.005000
431   0.050000
432  -0.020000
433  -0.035000
434  -0.070000
435   0.055000
436  -0.005000
437   0.085000
438  -0.020000
439  -0.040000
440  -0.065000
441  -0.095000
442  -0.070000
443   0.005000
444  -0.065000
445   0.015000
446   0.050000
447   0.060000
448  -0.035000
449  -0.020000
450   0.010000
451   0.025000
452   0.050000
453   0.010000
454   0.085000
455  -0.055000
456   0.020000
457   0.005000
458   0.035000
459   0.015000
460   0.060000
461  -0.030000
462   0.010000
463   0.020000
464  -0.040000
465   0.030000
466  -0.020000
467   0.035000
468   0.060000
469   0.055000
470   0.010000
471   0.020000
472  -0.025000
473   0.030000
474   0.005000
475  -0.010000
476  -0.095000
477  -0.035000
478  -0.025000
479   0.085000
480   0.055000
481   0.035000
482  -0.005000
483  -0.105000
484  -0.005000
485   0.015000
486   0.005000
487   0.060000
488   0.045000
489  -0.040000
490  -0.005000
491   0.010000
492  -0.085000
493  -0.035000
494   0.015000
495  -0.025000
496   0.015000
497   0.065000
498   0.010000
499  -0.050000
500  -0.020000
-499   0.015000
-498   0.105000
-497  -0.005000
-496   0.075000
-495  -0.015000
-494   0.100000
-493  -0.075000
-492   0.095000
-491  -0.055000
-490   0.035000
-489   0.015000
-488   0.020000
-487   0.015000
-486   0.020000
-485  -0.030000
-484  -0.005000
-483   0.065000
-482   0.010000
-481  -0.035000
-480  -0.025000
-479  -0.005000
-478  -0.035000
-477   0.030000
-476  -0.050000
-475  -0.010000
-474   0.025000
-473   0.015000
-472   0.095000
-471  -0.025000
-470  -0.005000
-469  -0.005000
-468   0.035000
-467   0.070000
-466  -0.105000
-465  -0.065000
-464  -0.035000
-463  -0.010000
-462  -0.015000
-461  -0.075000
-460   0.050000
-459  -0.015000
-458  -0.020000
-457   0.085000
-456   0.005000
-455  -0.020000
-454   0.010000
-453   0.010000
-452   0.125000
-451   0.010000
-450  -0.020000
-449   0.005000
-448   0.050000
-447  -0.040000
-446   0.085000
-445   0.040000
-444  -0.080000
-443   0.085000
-442   0.025000
-441  -0.040000
-440  -0.000000
-439   0.040000
-438   0.015000
-437  -0.075000
-436   0.000000
-435   0.040000
-434  -0.030000
-433   0.040000
-432   0.060000
-431   0.005000
-430  -0.085000
-429   0.020000
-428  -0.050000
-427   0.035000
-426   0.035000
-425   0.075000
-424   0.010000
-423  -0.030000
-422  -0.015000
-421  -0.025000
-420   0.020000
-419   0.005000
-418  -0.015000
-417  -0.015000
-416   0.045000
-415   0.035000
-414   0.015000
-413  -0.050000
-412   0.070000
-411  -0.045000
-410   0.005000
-409  -0.005000
-408  -0.075000
-407   0.000000
-406  -0.045000
-405  -0.070000
-404   0.020000
-403  -0.025000
-402   0.020000
-401   0.015000
-400  -0.025000
-399  -0.025000
-398  -0.020000
-397  -0.050000
-396   0.005000
-395   0.030000
-394  -0.030000
-393   0.005000
-392   0.100000
-391  -0.045000
-390  -0.055000
-389   0.035000
-388   0.040000
-387   0.035000
-386   0.010000
-385   0.060000
-384  -0.050000
-383   0.045000
-382   0.065000
-381   0.060000
-380   0.010000
-379  -0.060000
-378   0.000000
-377   0.020000
-376  -0.055000
-375   0.050000
-374   0.010000
-373  -0.020000
-372  -0.115000
-371   0.000000
-370   0.010000
-369   0.030000
-368   0.005000
-367   0.040000
-366   0.050000
-365  -0.035000
-364   0.110000
-363   0.015000
-362   0.035000
-361  -0.010000
-360   0.075000
-359   0.065000
-358   0.015000
-357   0.075000
-356  -0.045000
-355  -0.015000
-354  -0.035000
-353   0.045000
-352   0.055000
-351  -0.040000
-350  -0.050000
-349   0.020000
-348   0.000000
-347  -0.015000
-346   0.065000
-345  -0.070000
-344   0.070000
-343   0.010000
-342  -0.045000
-341  -0.055000
-340   0.015000
-339   0.035000
-338   0.065000
-337  -0.040000
-336  -0.005000
-335  -0.015000
-334  -0.030000
-333  -0.080000
-332  -0.075000
-331  -0.015000
-330  -0.010000
-329   0.015000
-328   0.025000
-327   0.040000
-326  -0.010000
-325   0.005000
-324  -0.030000
-323   0.015000
-322   0.045000
-321  -0.015000
-320   0.010000
-319   0.035000
-318   0.080000
-317   0.065000
-316   0.015000
-315  -0.005000
-314   0.015000
-313  -0.025000
-312  -0.005000
-311  -0.050000
-310   0.000000
-309   0.110000
-308  -0.015000
-307  -0.070000
-306   0.035000
-305   0.070000
-304   0.005000
-303   0.060000
-302   0.015000
-301   0.035000
-300   0.090000
-299   0.055000
-298   0.110000
-297   0.095000
-296   0.005000
-295   0.040000
-294  -0.005000
-293   0.060000
-292  -0.030000
-291  -0.065000
-290  -0.035000
-289  -0.035000
-288  -0.060000
-287  -0.065000
-286   0.115000
-285  -0.015000
-284  -0.060000
-283   0.005000
-282   0.010000
-281   0.040000
-280   0.030000
-279  -0.015000
-278   0.010000
-277  -0.020000
-276   0.050000
-275   0.040000
-274  -0.040000
-273  -0.005000
-272  -0.025000
-271   0.120000
-270  -0.030000
-269   0.020000
-268   0.040000
-267   0.055000
-266   0.020000
-265  -0.035000
-264  -0.010000
-263   0.005000
-262   0.005000
-261   0.030000
-260   0.045000
-259   0.025000
-258  -0.050000
-257   0.030000
-256   0.125000
-255   0.040000
-254  -0.015000
-253   0.020000
-252   0.055000
-251   0.060000
-250  -0.010000
-249  -0.005000
-248  -0.045000
-247  -0.020000
-246  -0.100000
-245   0.025000
-244  -0.025000
-243  -0.015000
-242  -0.020000
-241   0.005000
-240  -0.085000
-239  -0.030000
-238   0.030000
-237  -0.010000
-236   0.030000
-235   0.045000
-234  -0.030000
-233   0.010000
-232  -0.000000
-231   0.065000
-230  -0.040000
-229  -0.015000
-228   0.015000
-227  -0.050000
-226  -0.020000
-225   0.025000
-224  -0.030000
-223  -0.065000
-222   0.015000
-221  -0.010000
-220   0.065000
-219   0.045000
-218   0.025000
-217   0.020000
-216  -0.045000
-215   0.035000
-214  -0.010000
-213  -0.045000
-212   0.020000
-211   0.035000
-210   0.025000
-209  -0.040000
-208  -0.040000
-207   0.005000
-206  -0.065000
-205  -0.035000
-204  -0.045000
-203   0.080000
-202   0.055000
-201   0.050000
-200   0.040000
-199  -0.010000
-198   0.125000
-197   0.015000
-196  -0.165000
-195  -0.055000
-194   0.005000
-193  -0.005000
-192   0.090000
-191   0.060000
-190   0.005000
-189   0.005000
-188  -0.075000
-187  -0.055000
-186   0.015000
-185   0.070000
-184   0.075000
-183   0.050000
-182   0.000000
-181  -0.015000
-180  -0.005000
-179  -0.020000
-178  -0.010000
-177   0.050000
-176   0.035000
-175   0.045000
-174   0.020000
-173  -0.025000
-172  -0.010000
-171  -0.010000
-170  -0.055000
-169   0.110000
-168   0.040000
-167   0.035000
-166  -0.085000
-165   0.125000
-164   0.025000
-163  -0.055000
-162  -0.090000
-161   0.055000
-160   0.020000
-159  -0.035000
-158   0.025000
-157  -0.020000
-156   0.015000
-155  -0.140000
-154  -0.010000
-153   0.040000
-152  -0.045000
-151  -0.050000
-150  -0.020000
-149  -0.030000
-148  -0.055000
-147   0.005000
-146  -0.035000
-145   0.035000
-144  -0.005000
-143   0.045000
-142   0.035000
-141   0.005000
-140  -0.010000
-139  -0.035000
-138  -0.040000
-137  -0.075000
-136  -0.000000
-135   0.110000
-134  -0.025000
-133  -0.025000
-132   0.020000
-131   0.075000
-130   0.030000
-129  -0.065000
-128   0.085000
-127  -0.015000
-126  -0.125000
-125   0.090000
-124   0.015000
-123  -0.090000
-122   0.030000
-121  -0.090000
-120  -0.045000
-119  -0.020000
-118  -0.020000
-117   0.050000
-116   0.105000
-115   0.050000
-114   0.025000
-113  -0.015000
-112  -0.090000
-111   0.090000
-110   0.055000
-109   0.030000
-108   0.005000
-107   0.020000
-106  -0.035000
-105   0.000000
-104   0.075000
-103   0.015000
-102  -0.035000
-101  -0.075000
-100  -0.050000
-99  -0.030000
-98  -0.005000
-97   0.015000
-96  -0.035000
-95  -0.025000
-94   0.015000
-93   0.015000
-92   0.000000
-91  -0.035000
-90  -0.035000
-89   0.050000
-88   0.085000
-87   0.075000
-86  -0.015000
-85  -0.050000
-84   0.035000
-83  -0.100000
-82  -0.025000
-81   0.090000
-80   0.015000
-79   0.070000
-78   0.030000
-77  -0.040000
-76   0.105000
-75   0.045000
-74   0.030000
-73   0.020000
-72   0.035000
-71   0.030000
-70   0.015000
-69   0.055000
-68  -0.010000
-67   0.105000
-66   0.030000
-65   0.030000
-64  -0.030000
-63  -0.030000
-62   0.010000
-61  -0.030000
-60  -0.085000
-59   0.040000
-58  -0.020000
-57  -0.075000
-56   0.020000
-55  -0.120000
-54   0.060000
-53   0.095000
-52   0.015000
-51   0.000000
-50  -0.005000
-49  -0.010000
-48  -0.005000
-47   0.010000
-46   0.025000
-45  -0.055000
-44  -0.100000
-43  -0.020000
-42  -0.040000
-41   0.025000
-40  -0.055000
-39  -0.060000
-38   0.005000
-37   0.040000
-36  -0.045000
-35   0.050000
-34   0.050000
-33   0.055000
-32  -0.005000
-31   0.000000
-30  -0.020000
-29  -0.010000
-28   0.045000
-27  -0.015000
-26   0.045000
-25   0.030000
-24   0.035000
-23  -0.000000
-22   0.015000
-21  -0.055000
-20  -0.010000
-19  -0.020000
-18  -0.050000
-17  -0.025000
-16  -0.010000
-15  -0.055000
-14   0.020000
-13   0.045000
-12   0.015000
-11   0.035000
-10  -0.005000
-9   0.005000
-8  -0.070000
-7   0.090000
-6  -0.020000
-5   0.005000
-4   0.075000
-3  -0.000000
-2   0.000000
-1  -0.070000
