0  -0.050000
1  -0.060000
2   0.030000
3  -0.010000
4   0.075000
5   0.040000
6   0.055000
7   0.070000
8  -0.000000
9  -0.050000
10   0.010000
11   0.015000
12   0.005000
13  -0.035000
14  -0.025000
15  -0.070000
16  -0.050000
17   0.010000
18  -0.070000
19   0.035000
20   0.015000
21  -0.070000
22  -0.015000
23  -0.035000
24  -0.040000
25  -0.005000
26  -0.055000
27   0.005000
28   0.010000
29  -0.000000
30   0.000000
31   0.015000
32   0.015000
33   0.025000
34   0.025000
35  -0.030000
36   0.040000
37  -0.005000
38  -0.060000
39  -0.005000
40   0.005000
41   0.010000
42   0.055000
43   0.030000
44  -0.030000
45  -0.095000
46   0.065000
47   0.025000
48  -0.015000
49   0.025000
50   0.130000
51   0.080000
52   0.085000
53   0.015000
54   0.010000
55   0.065000
56  -0.135000
57  -0.055000
58  -0.030000
59  -0.020000
60  -0.050000
61   0.065000
62   0.045000
63  -0.010000
64   0.020000
65  -0.080000
66   0.040000
67  -0.010000
68   0.055000
69   0.050000
70   0.090000
71  -0.045000
72   0.005000
73   0.055000
74   0.090000
75   0.070000
76   0.035000
77  -0.040000
78  -0.060000
79  -0.035000
80   0.110000
81  -0.010000
82   0.010000
83   0.005000
84  -0.050000
85  -0.030000
86  -0.025000
87  -0.045000
88  -0.065000
89   0.025000
90  -0.105000
91  -0.010000
92   0.045000
93   0.075000
94   0.015000
95  -0.005000
96  -0.095000
97  -0.035000
98  -0.010000
99  -0.080000
100  -0.020000
101   0.025000
102   0.000000
103  -0.025000
104   0.025000
105   0.025000
106   0.050000
107   0.035000
108   0.020000
109   0.015000
110   0.045000
111  -0.020000
112  -0.075000
113   0.030000
114   0.045000
115  -0.095000
116   0.070000
117  -0.110000
118  -0.035000
119  -0.035000
120  -0.070000
121   0.055000
122  -0.015000
123   0.010000
124  -0.105000
125  -0.045000
126  -0.000000
127   0.040000
128   0.060000
129  -0.030000
130  -0.070000
131  -0.055000
132   0.005000
133   0.025000
134   0.040000
135  -0.075000
136  -0.070000
137   0.100000
138   0.010000
139   0.010000
140   0.100000
141   0.000000
142  -0.010000
143   0.080000
144   0.030000
145   0.000000
146  -0.055000
147   0.020000
148  -0.080000
149  -0.075000
150  -0.015000
151  -0.120000
152   0.050000
153   0.010000
154  -0.010000
155  -0.060000
156   0.060000
157  -0.005000
158  -0.005000
159   0.025000
160  -0.035000
161   0.025000
162  -0.020000
163  -0.015000
164   0.040000
165   0.035000
166   0.040000
167   0.050000
168  -0.045000
169   0.005000
170  -0.040000
171  -0.005000
172  -0.060000
173   0.000000
174   0.005000
175  -0.070000
176  -0.040000
177   0.015000
178  -0.035000
179  -0.015000
180  -0.045000
181   0.055000
182   0.030000
183   0.045000
184   0.080000
185   0.045000
186   0.045000
187  -0.020000
188   0.030000
189  -0.020000
190   0.020000
191   0.030000
192   0.100000
193   0.050000
194   0.070000
195   0.075000
196   0.035000
197  -0.015000
198  -0.075000
199  -0.010000
200  -0.070000
201  -0.005000
202  -0.010000
203   0.065000
204   0.045000
205  -0.015000
206   0.060000
207   0.050000
208   0.000000
209   0.025000
210  -0.075000
211   0.030000
212   0.010000
213   0.010000
214   0.015000
215   0.000000
216   0.015000
217   0.020000
218   0.120000
219   0.020000
220  -0.065000
221   0.000000
222   0.020000
223  -0.060000
224  -0.005000
225   0.060000
226  -0.050000
227   0.005000
228   0.125000
229   0.000000
230  -0.045000
231   0.055000
232   0.030000
233   0.050000
234  -0.005000
235  -0.005000
236  -0.015000
237  -0.060000
238   0.005000
239  -0.060000
240  -0.035000
241   0.010000
242   0.030000
243   0.040000
244  -0.015000
245   0.015000
246  -0.080000
247   0.040000
248  -0.050000
249   0.090000
250  -0.030000
251   0.035000
252  -0.035000
253  -0.005000
254  -0.035000
255   0.065000
256  -0.005000
257   0.060000
258   0.120000
259   0.020000
260   0.040000
261  -0.045000
262   0.005000
263  -0.030000
264  -0.045000
265  -0.010000
266  -0.005000
267  -0.050000
268  -0.020000
269  -0.050000
270  -0.055000
271   0.050000
272   0.115000
273  -0.045000
274  -0.065000
275  -0.010000
276   0.080000
277   0.025000
278  -0.030000
279  -0.035000
280  -0.030000
281   0.060000
282   0.010000
283   0.055000
284  -0.055000
285  -0.020000
286   0.050000
287  -0.045000
288   0.025000
289  -0.010000
290   0.095000
291   0.005000
292  -0.060000
293  -0.035000
294  -0.040000
295  -0.000000
296  -0.045000
297  -0.055000
298  -0.025000
299  -0.010000
300   0.040000
301  -0.035000
302  -0.065000
303   0.050000
304   0.045000
305  -0.030000
306   0.100000
307  -0.005000
308  -0.030000
309   0.050000
310  -0.020000
311   0.075000
312  -0.010000
313  -0.010000
314   0.040000
315  -0.070000
316  -0.055000
317  -0.030000
318  -0.025000
319   0.015000
320   0.070000
321   0.015000
322  -0.065000
323  -0.030000
324  -0.035000
325   0.020000
326   0.030000
327  -0.020000
328  -0.020000
329   0.075000
330  -0.115000
331   0.005000
332   0.020000
333  -0.020000
334  -0.055000
335  -0.010000
336  -0.025000
337   0.050000
338  -0.045000
339   0.030000
340  -0.060000
341   0.010000
342   0.005000
343   0.035000
344  -0.010000
345   0.040000
346  -0.055000
347   0.100000
348  -0.005000
349  -0.105000
350   0.010000
351   0.030000
352   0.060000
353  -0.030000
354  -0.020000
355  -0.050000
356   0.075000
357  -0.060000
358   0.005000
359   0.060000
360   0.070000
361  -0.050000
362   0.025000
363   0.040000
364   0.015000
365   0.005000
366   0.155000
367  -0.025000
368   0.010000
369  -0.080000
370  -0.020000
371   0.005000
372  -0.105000
373   0.060000
374  -0.085000
375  -0.025000
376   0.035000
377  -0.015000
378  -0.025000
379   0.060000
380   0.055000
381  -0.010000
382   0.030000
383   0.000000
384  -0.060000
385  -0.065000
386   0.060000
387  -0.045000
388  -0.025000
389  -0.085000
390  -0.095000
391   0.040000
392   0.070000
393   0.000000
394  -0.025000
395  -0.005000
396  -0.015000
397  -0.030000
398  -0.055000
399   0.020000
400   0.045000
401   0.095000
402  -0.030000
403   0.035000
404  -0.010000
405  -0.020000
406  -0.070000
407  -0.045000
408  -0.050000
409   0.035000
410  -0.015000
411   0.005000
412   0.095000
413  -0.005000
414  -0.055000
415   0.050000
416  -0.050000
417   0.015000
418  -0.010000
419  -0.070000
420  -0.010000
421   0.030000
422   0.025000
423   0.060000
424  -0.020000
425   0.060000
426  -0.070000
427  -0.005000
428  -0.010000
429   0.030000
430  -0.045000
431  -0.035000
432  -0.010000
433  -0.015000
434   0.170000
435  -0.055000
436   0.015000
437  -0.095000
438  -0.010000
439   0.000000
440  -0.000000
441  -0.050000
442   0.065000
443  -0.080000
444  -0.010000
445   0.060000
446  -0.055000
447   0.025000
448  -0.035000
449   0.040000
450  -0.005000
451  -0.100000
452   0.070000
453  -0.045000
454   0.010000
455   0.085000
456  -0.025000
457  -0.040000
458   0.020000
459  -0.010000
460   0.095000
461  -0.060000
462  -0.000000
463   0.050000
464   0.020000
465   0.090000
466  -0.020000
467   0.045000
468  -0.005000
469  -0.050000
470   0.010000
471  -0.055000
472   0.010000
473   0.065000
474   0.015000
475  -0.015000
476  -0.030000
477   0.005000
478   0.035000
479   0.040000
480  -0.005000
481   0.020000
482   0.005000
483   0.030000
484  -0.010000
485   0.050000
486  -0.060000
487  -0.010000
488   0.000000
489   0.060000
490   0.000000
491   0.095000
492  -0.045000
493  -0.045000
494  -0.025000
495  -0.035000
496   0.030000
497  -0.055000
498   0.060000
499  -0.015000
500  -0.015000
-499   0.005000
-498  -0.015000
-497  -0.025000
-496  -0.005000
-495   0.055000
-494   0.045000
-493  -0.005000
-492  -0.060000
-491   0.090000
-490   0.035000
-489   0.010000
-488   0.040000
-487   0.105000
-486  -0.010000
-485   0.010000
-484  -0.025000
-483  -0.040000
-482  -0.040000
-481  -0.035000
-480  -0.095000
-479  -0.020000
-478  -0.010000
-477  -0.050000
-476   0.035000
-475   0.030000
-474   0.010000
-473  -0.065000
-472   0.015000
-471   0.015000
-470  -0.015000
-469   0.010000
-468  -0.035000
-467  -0.030000
-466   0.010000
-465   0.010000
-464   0.025000
-463  -0.085000
-462  -0.040000
-461  -0.020000
-460   0.070000
-459  -0.020000
-458   0.010000
-457   0.070000
-456  -0.020000
-455  -0.020000
-454   0.000000
-453   0.070000
-452  -0.025000
-451   0.035000
-450   0.070000
-449   0.095000
-448   0.050000
-447   0.045000
-446   0.015000
-445   0.005000
-444  -0.065000
-443  -0.030000
-442  -0.025000
-441  -0.115000
-440  -0.020000
-439   0.035000
-438   0.020000
-437   0.060000
-436   0.065000
-435   0.050000
-434  -0.030000
-433   0.065000
-432  -0.005000
-431  -0.030000
-430  -0.005000
-429  -0.050000
-428  -0.050000
-427  -0.030000
-426  -0.035000
-425  -0.045000
-424  -0.025000
-423   0.000000
-422  -0.020000
-421  -0.005000
-420   0.010000
-419  -0.035000
-418   0.015000
-417   0.060000
-416   0.015000
-415   0.015000
-414   0.045000
-413   0.030000
-412   0.015000
-411   0.025000
-410   0.035000
-409  -0.020000
-408  -0.010000
-407  -0.020000
-406   0.035000
-405   0.010000
-404   0.085000
-403  -0.030000
-402   0.080000
-401   0.000000
-400  -0.100000
-399   0.085000
-398  -0.005000
-397  -0.030000
-396   0.055000
-395   0.000000
-394   0.075000
-393  -0.065000
-392   0.010000
-391  -0.035000
-390  -0.040000
-389  -0.010000
-388   0.020000
-387   0.050000
-386  -0.065000
-385  -0.090000
-384   0.065000
-383  -0.030000
-382   0.045000
-381   0.050000
-380  -0.040000
-379  -0.060000
-378  -0.080000
-377  -0.020000
-376   0.030000
-375   0.040000
-374  -0.135000
-373  -0.015000
-372  -0.040000
-371   0.075000
-370   0.070000
-369   0.045000
-368   0.020000
-367   0.070000
-366   0.020000
-365   0.035000
-364   0.010000
-363  -0.050000
-362   0.015000
-361  -0.050000
-360  -0.020000
-359   0.060000
-358   0.040000
-357  -0.105000
-356   0.035000
-355   0.030000
-354  -0.020000
-353  -0.085000
-352  -0.050000
-351   0.030000
-350  -0.025000
-349  -0.095000
-348   0.010000
-347  -0.055000
-346  -0.005000
-345   0.085000
-344  -0.010000
-343   0.020000
-342  -0.075000
-341  -0.025000
-340   0.055000
-339   0.025000
-338   0.040000
-337   0.015000
-336   0.005000
-335   0.025000
-334   0.005000
-333  -0.040000
-332   0.005000
-331  -0.020000
-330  -0.015000
-329   0.085000
-328  -0.030000
-327   0.015000
-326   0.065000
-325  -0.050000
-324   0.015000
-323   0.020000
-322  -0.025000
-321   0.005000
-320   0.065000
-319   0.120000
-318  -0.060000
-317  -0.100000
-316  -0.005000
-315   0.075000
-314  -0.010000
-313  -0.040000
-312  -0.045000
-311   0.010000
-310  -0.025000
-309  -0.010000
-308   0.070000
-307   0.000000
-306  -0.035000
-305   0.035000
-304   0.120000
-303  -0.035000
-302  -0.015000
-301   0.015000
-300   0.035000
-299  -0.080000
-298   0.000000
-297   0.010000
-296  -0.015000
-295   0.025000
-294  -0.020000
-293   0.055000
-292  -0.075000
-291   0.135000
-290   0.015000
-289  -0.040000
-288   0.030000
-287  -0.010000
-286  -0.025000
-285  -0.065000
-284  -0.040000
-283   0.040000
-282  -0.020000
-281   0.005000
-280   0.015000
-279   0.030000
-278   0.045000
-277   0.015000
-276   0.010000
-275   0.070000
-274  -0.015000
-273  -0.015000
-272  -0.130000
-271   0.010000
-270   0.120000
-269   0.025000
-268   0.025000
-267  -0.045000
-266   0.045000
-265  -0.080000
-264  -0.005000
-263   0.025000
-262  -0.040000
-261   0.095000
-260  -0.030000
-259   0.035000
-258   0.030000
-257   0.030000
-256   0.045000
-255   0.070000
-254  -0.050000
-253  -0.025000
-252  -0.085000
-251  -0.125000
-250   0.060000
-249   0.025000
-248  -0.025000
-247   0.015000
-246   0.025000
-245  -0.065000
-244  -0.015000
-243   0.010000
-242   0.045000
-241  -0.040000
-240   0.045000
-239  -0.020000
-238  -0.020000
-237   0.005000
-236  -0.040000
-235  -0.020000
-234  -0.030000
-233  -0.025000
-232  -0.130000
-231  -0.010000
-230  -0.050000
-229  -0.035000
-228   0.085000
-227  -0.060000
-226   0.020000
-225  -0.005000
-224   0.070000
-223  -0.010000
-222   0.105000
-221  -0.110000
-220   0.045000
-219   0.025000
-218  -0.000000
-217   0.010000
-216  -0.010000
-215  -0.065000
-214   0.095000
-213  -0.045000
-212   0.010000
-211  -0.005000
-210  -0.010000
-209  -0.020000
-208  -0.020000
-207  -0.040000
-206   0.020000
-205   0.040000
-204   0.030000
-203  -0.050000
-202  -0.055000
-201   0.000000
-200  -0.035000
-199  -0.030000
-198   0.035000
-197  -0.070000
-196   0.070000
-195   0.005000
-194  -0.020000
-193   0.080000
-192  -0.005000
-191  -0.015000
-190  -0.050000
-189  -0.035000
-188   0.050000
-187   0.050000
-186   0.085000
-185   0.020000
-184  -0.005000
-183  -0.070000
-182   0.030000
-181  -0.070000
-180  -0.105000
-179   0.050000
-178  -0.080000
-177   0.000000
-176  -0.025000
-175   0.000000
-174   0.060000
-173  -0.070000
-172   0.035000
-171  -0.045000
-170   0.070000
-169   0.005000
-168  -0.055000
-167   0.040000
-166   0.045000
-165   0.100000
-164  -0.100000
-163   0.080000
-162  -0.080000
-161   0.055000
-160   0.030000
-159   0.065000
-158  -0.120000
-157   0.060000
-156   0.025000
-155   0.050000
-154   0.000000
-153   0.060000
-152   0.065000
-151   0.050000
-150  -0.025000
-149  -0.010000
-148   0.020000
-147   0.040000
-146  -0.045000
-145  -0.045000
-144   0.005000
-143   0.040000
-142   0.040000
-141  -0.035000
-140   0.090000
-139   0.025000
-138   0.005000
-137  -0.030000
-136   0.020000
-135   0.050000
-134  -0.070000
-133  -0.105000
-132   0.020000
-131  -0.035000
-130  -0.075000
-129  -0.015000
-128  -0.030000
-127   0.000000
-126  -0.015000
-125   0.005000
-124  -0.060000
-123   0.065000
-122   0.070000
-121   0.045000
-120  -0.015000
-119   0.015000
-118  -0.060000
-117  -0.080000
-116   0.005000
-115   0.000000
-114  -0.070000
-113  -0.025000
-112   0.050000
-111  -0.010000
-110  -0.005000
-109   0.020000
-108  -0.090000
-107   0.015000
-106   0.025000
-105  -0.080000
-104  -0.050000
-103   0.025000
-102   0.015000
-101  -0.025000
-100  -0.070000
-99  -0.065000
-98   0.105000
-97  -0.045000
-96   0.120000
-95   0.040000
-94  -0.010000
-93  -0.010000
-92   0.020000
-91   0.040000
-90   0.005000
-89   0.025000
-88  -0.040000
-87   0.010000
-86  -0.005000
-85   0.065000
-84   0.015000
-83   0.015000
-82  -0.025000
-81  -0.010000
-80  -0.020000
-79   0.000000
-78  -0.090000
-77  -0.035000
-76   0.075000
-75  -0.005000
-74   0.050000
-73  -0.020000
-72   0.095000
-71  -0.085000
-70   0.055000
-69   0.005000
-68   0.065000
-67  -0.080000
-66  -0.125000
-65   0.015000
-64  -0.010000
-63   0.035000
-62   0.025000
-61   0.000000
-60   0.050000
-59   0.030000
-58   0.020000
-57   0.005000
-56  -0.005000
-55   0.010000
-54   0.000000
-53   0.025000
-52  -0.050000
-51  -0.030000
-50   0.000000
-49  -0.025000
-48   0.035000
-47  -0.085000
-46  -0.030000
-45   0.045000
-44   0.050000
-43  -0.010000
-42   0.090000
-41  -0.010000
-40   0.000000
-39  -0.050000
-38  -0.010000
-37  -0.045000
-36  -0.015000
-35   0.030000
-34   0.000000
-33   0.090000
-32  -0.015000
-31   0.010000
-30   0.015000
-29  -0.020000
-28   0.035000
-27  -0.025000
-26  -0.050000
-25   0.005000
-24  -0.000000
-23  -0.050000
-22  -0.020000
-21   0.020000
-20   0.035000
-19  -0.040000
-18  -0.045000
-17  -0.085000
-16  -0.035000
-15  -0.015000
-14   0.045000
-13  -0.055000
-12  -0.030000
-11   0.010000
-10   0.025000
-9   0.035000
-8  -0.075000
-7  -0.025000
-6   0.000000
-5  -0.115000
-4   0.035000
-3   0.100000
-2  -0.015000
-1  -0.035000
