0   0.000000
1   0.100000
2  -0.025000
3  -0.040000
4  -0.020000
5   0.070000
6  -0.005000
7  -0.015000
8   0.020000
9  -0.020000
10  -0.025000
11  -0.090000
12  -0.040000
13   0.100000
14   0.010000
15   0.120000
16  -0.055000
17   0.030000
18  -0.000000
19   0.065000
20  -0.105000
21  -0.065000
22  -0.040000
23  -0.110000
24   0.015000
25  -0.005000
26  -0.010000
27   0.050000
28  -0.015000
29  -0.035000
30   0.060000
31  -0.040000
32  -0.025000
33  -0.120000
34  -0.030000
35   0.005000
36  -0.020000
37  -0.005000
38  -0.040000
39  -0.050000
40   0.000000
41   0.150000
42  -0.050000
43   0.050000
44   0.045000
45  -0.010000
46  -0.015000
47  -0.045000
48   0.055000
49  -0.055000
50   0.005000
51   0.055000
52  -0.020000
53   0.025000
54   0.030000
55   0.035000
56   0.010000
57  -0.045000
58   0.050000
59   0.035000
60   0.000000
61  -0.015000
62  -0.020000
63   0.040000
64   0.005000
65  -0.020000
66   0.085000
67   0.000000
68   0.080000
69   0.075000
70  -0.075000
71  -0.040000
72   0.005000
73  -0.020000
74  -0.035000
75  -0.130000
76  -0.085000
77   0.080000
78   0.050000
79   0.030000
80  -0.080000
81  -0.050000
82  -0.015000
83   0.010000
84   0.050000
85   0.010000
86  -0.015000
87   0.045000
88  -0.050000
89   0.095000
90  -0.040000
91   0.020000
92  -0.070000
93   0.035000
94  -0.010000
95  -0.025000
96   0.025000
97  -0.020000
98  -0.095000
99  -0.025000
100   0.020000
101  -0.060000
102  -0.085000
103   0.010000
104  -0.155000
105  -0.010000
106  -0.020000
107  -0.010000
108   0.015000
109  -0.050000
110  -0.000000
111   0.020000
112  -0.015000
113   0.085000
114  -0.025000
115   0.005000
116  -0.010000
117   0.050000
118  -0.065000
119   0.095000
120   0.070000
121  -0.010000
122  -0.100000
123  -0.005000
124  -0.070000
125  -0.030000
126   0.010000
127   0.000000
128  -0.010000
129   0.035000
130  -0.055000
131   0.050000
132  -0.015000
133   0.005000
134  -0.020000
135   0.000000
136  -0.020000
137   0.020000
138   0.030000
139   0.075000
140  -0.010000
141   0.045000
142  -0.065000
143   0.040000
144   0.035000
145  -0.035000
146  -0.005000
147  -0.025000
148  -0.005000
149   0.105000
150   0.040000
151   0.130000
152   0.005000
153   0.030000
154   0.095000
155  -0.020000
156  -0.030000
157   0.005000
158  -0.030000
159   0.065000
160  -0.020000
161  -0.065000
162  -0.050000
163   0.030000
164  -0.010000
165  -0.075000
166   0.055000
167  -0.070000
168  -0.025000
169   0.030000
170  -0.035000
171   0.100000
172   0.035000
173   0.040000
174  -0.025000
175  -0.070000
176   0.035000
177   0.055000
178  -0.045000
179   0.005000
180  -0.120000
181  -0.035000
182   0.050000
183  -0.050000
184   0.035000
185  -0.055000
186  -0.025000
187  -0.075000
188  -0.030000
189   0.045000
190   0.040000
191   0.005000
192   0.000000
193  -0.015000
194   0.050000
195  -0.085000
196  -0.020000
197   0.030000
198   0.060000
199  -0.060000
200  -0.005000
201   0.095000
202  -0.040000
203  -0.005000
204   0.035000
205   0.050000
206   0.045000
207  -0.045000
208   0.065000
209  -0.045000
210   0.050000
211  -0.000000
212   0.005000
213  -0.020000
214   0.005000
215  -0.030000
216  -0.000000
217   0.005000
218   0.035000
219   0.030000
220  -0.000000
221  -0.010000
222  -0.055000
223  -0.060000
224  -0.060000
225   0.005000
226   0.080000
227   0.050000
228  -0.020000
229  -0.040000
230   0.050000
231  -0.065000
232  -0.020000
233   0.095000
234   0.065000
235  -0.035000
236   0.060000
237  -0.045000
238   0.085000
239  -0.040000
240   0.075000
241   0.070000
242  -0.015000
243  -0.075000
244   0.005000
245   0.005000
246   0.030000
247  -0.035000
248  -0.040000
249  -0.085000
250   0.040000
251  -0.060000
252  -0.020000
253   0.030000
254  -0.045000
255  -0.010000
256   0.015000
257   0.030000
258  -0.015000
259   0.010000
260   0.025000
261   0.120000
262  -0.070000
263  -0.020000
264   0.030000
265  -0.075000
266   0.010000
267   0.085000
268  -0.030000
269   0.065000
270   0.060000
271   0.030000
272   0.015000
273   0.140000
274  -0.060000
275  -0.095000
276  -0.045000
277   0.015000
278   0.025000
279  -0.025000
280   0.015000
281   0.015000
282   0.050000
283  -0.015000
284  -0.040000
285  -0.000000
286  -0.010000
287   0.060000
288  -0.025000
289   0.035000
290   0.120000
291  -0.005000
292   0.115000
293  -0.010000
294   0.030000
295  -0.045000
296  -0.015000
297  -0.015000
298   0.015000
299  -0.020000
300   0.075000
301  -0.030000
302   0.045000
303  -0.040000
304   0.065000
305   0.010000
306   0.020000
307  -0.000000
308   0.020000
309  -0.040000
310   0.015000
311  -0.035000
312  -0.015000
313   0.015000
314   0.025000
315   0.040000
316  -0.030000
317   0.035000
318  -0.070000
319   0.000000
320  -0.025000
321   0.010000
322   0.015000
323   0.100000
324  -0.095000
325   0.020000
326   0.000000
327   0.060000
328  -0.020000
329   0.025000
330  -0.130000
331  -0.035000
332   0.035000
333  -0.080000
334  -0.060000
335   0.070000
336  -0.025000
337  -0.060000
338  -0.015000
339  -0.040000
340  -0.025000
341  -0.035000
342  -0.020000
343  -0.055000
344   0.015000
345  -0.015000
346   0.015000
347  -0.085000
348   0.000000
349  -0.075000
350   0.010000
351   0.010000
352   0.015000
353   0.060000
354   0.010000
355   0.020000
356  -0.015000
357   0.030000
358   0.015000
359  -0.040000
360  -0.035000
361  -0.010000
362   0.090000
363  -0.045000
364  -0.045000
365  -0.005000
366  -0.020000
367  -0.010000
368  -0.065000
369   0.020000
370  -0.025000
371   0.000000
372   0.000000
373   0.005000
374  -0.010000
375   0.040000
376   0.020000
377   0.015000
378  -0.015000
379  -0.020000
380   0.015000
381  -0.025000
382   0.030000
383   0.015000
384  -0.045000
385   0.045000
386   0.005000
387  -0.050000
388  -0.020000
389   0.020000
390   0.070000
391  -0.020000
392   0.020000
393   0.035000
394   0.010000
395   0.050000
396   0.025000
397  -0.035000
398  -0.050000
399  -0.050000
400  -0.065000
401  -0.040000
402  -0.050000
403  -0.095000
404   0.045000
405  -0.080000
406  -0.040000
407  -0.100000
408  -0.015000
409  -0.015000
410  -0.070000
411  -0.070000
412  -0.135000
413  -0.050000
414   0.020000
415   0.040000
416   0.060000
417   0.030000
418   0.045000
419  -0.030000
420   0.005000
421  -0.015000
422  -0.090000
423  -0.005000
424  -0.020000
425  -0.055000
426   0.010000
427   0.015000
428   0.060000
429   0.005000
430   0.020000
431  -0.050000
432   0.050000
433  -0.025000
434   0.055000
435  -0.030000
436   0.000000
437  -0.040000
438   0.045000
439   0.140000
440  -0.015000
441  -0.055000
442  -0.010000
443   0.045000
444  -0.060000
445  -0.025000
446   0.065000
447   0.015000
448   0.040000
449   0.015000
450   0.075000
451   0.020000
452  -0.020000
453   0.010000
454   0.005000
455   0.095000
456   0.035000
457  -0.055000
458  -0.000000
459  -0.035000
460  -0.025000
461  -0.020000
462  -0.035000
463  -0.030000
464  -0.055000
465   0.045000
466  -0.055000
467   0.005000
468  -0.095000
469   0.015000
470   0.010000
471  -0.010000
472   0.110000
473  -0.035000
474   0.020000
475   0.005000
476  -0.025000
477   0.010000
478   0.130000
479   0.060000
480   0.065000
481   0.090000
482   0.075000
483   0.025000
484   0.055000
485  -0.005000
486   0.080000
487  -0.030000
488  -0.035000
489  -0.020000
490  -0.060000
491   0.070000
492  -0.030000
493  -0.050000
494  -0.075000
495  -0.030000
496  -0.020000
497   0.025000
498  -0.025000
499  -0.030000
500   0.015000
-499   0.050000
-498  -0.045000
-497  -0.085000
-496   0.080000
-495  -0.070000
-494  -0.020000
-493   0.040000
-492   0.070000
-491  -0.075000
-490  -0.035000
-489  -0.065000
-488  -0.070000
-487  -0.080000
-486  -0.000000
-485  -0.005000
-484  -0.010000
-483  -0.080000
-482  -0.025000
-481   0.010000
-480  -0.045000
-479   0.005000
-478   0.000000
-477  -0.060000
-476   0.010000
-475  -0.050000
-474   0.065000
-473   0.095000
-472   0.045000
-471   0.045000
-470   0.065000
-469   0.025000
-468  -0.020000
-467   0.035000
-466  -0.010000
-465  -0.060000
-464   0.055000
-463   0.085000
-462   0.035000
-461   0.020000
-460  -0.000000
-459   0.050000
-458   0.075000
-457  -0.065000
-456   0.040000
-455   0.045000
-454  -0.085000
-453   0.035000
-452   0.025000
-451   0.005000
-450   0.045000
-449   0.045000
-448   0.010000
-447  -0.020000
-446  -0.075000
-445   0.010000
-444   0.015000
-443  -0.035000
-442  -0.000000
-441   0.000000
-440  -0.025000
-439  -0.020000
-438  -0.025000
-437   0.025000
-436  -0.055000
-435   0.015000
-434   0.015000
-433  -0.040000
-432   0.020000
-431  -0.005000
-430   0.010000
-429  -0.040000
-428   0.020000
-427  -0.025000
-426  -0.045000
-425  -0.070000
-424   0.040000
-423   0.060000
-422  -0.040000
-421  -0.070000
-420   0.040000
-419  -0.015000
-418   0.045000
-417  -0.055000
-416  -0.025000
-415  -0.055000
-414  -0.070000
-413  -0.040000
-412   0.025000
-411  -0.030000
-410   0.110000
-409  -0.000000
-408  -0.050000
-407  -0.000000
-406   0.010000
-405  -0.060000
-404   0.055000
-403   0.015000
-402   0.080000
-401   0.045000
-400   0.070000
-399   0.000000
-398   0.025000
-397   0.035000
-396   0.060000
-395   0.025000
-394   0.040000
-393   0.035000
-392  -0.090000
-391   0.000000
-390  -0.020000
-389  -0.030000
-388  -0.005000
-387   0.075000
-386   0.020000
-385  -0.070000
-384  -0.055000
-383   0.030000
-382  -0.035000
-381  -0.025000
-380   0.000000
-379   0.090000
-378  -0.095000
-377   0.005000
-376  -0.080000
-375   0.040000
-374   0.050000
-373   0.025000
-372  -0.005000
-371  -0.040000
-370   0.035000
-369   0.005000
-368  -0.070000
-367   0.085000
-366  -0.050000
-365  -0.160000
-364   0.005000
-363   0.015000
-362   0.010000
-361  -0.030000
-360   0.055000
-359   0.025000
-358  -0.095000
-357   0.040000
-356  -0.080000
-355  -0.035000
-354   0.025000
-353  -0.010000
-352  -0.100000
-351   0.065000
-350  -0.090000
-349   0.010000
-348  -0.100000
-347   0.030000
-346  -0.040000
-345   0.025000
-344   0.040000
-343   0.035000
-342   0.015000
-341   0.045000
-340  -0.065000
-339  -0.030000
-338   0.015000
-337  -0.075000
-336   0.025000
-335  -0.015000
-334   0.015000
-333   0.030000
-332  -0.020000
-331  -0.015000
-330   0.050000
-329   0.070000
-328   0.000000
-327  -0.070000
-326  -0.085000
-325   0.000000
-324  -0.045000
-323  -0.010000
-322   0.010000
-321  -0.100000
-320   0.040000
-319   0.050000
-318  -0.005000
-317  -0.010000
-316   0.055000
-315  -0.095000
-314  -0.005000
-313   0.055000
-312  -0.015000
-311   0.030000
-310   0.035000
-309   0.065000
-308  -0.025000
-307  -0.015000
-306   0.070000
-305  -0.035000
-304   0.020000
-303   0.000000
-302   0.030000
-301  -0.045000
-300  -0.015000
-299   0.070000
-298   0.025000
-297  -0.035000
-296   0.015000
-295  -0.065000
-294   0.025000
-293  -0.005000
-292   0.005000
-291  -0.000000
-290  -0.010000
-289  -0.065000
-288   0.050000
-287  -0.085000
-286  -0.045000
-285   0.030000
-284  -0.040000
-283  -0.105000
-282  -0.005000
-281  -0.045000
-280   0.020000
-279  -0.015000
-278   0.020000
-277  -0.015000
-276   0.020000
-275  -0.025000
-274   0.005000
-273   0.035000
-272   0.030000
-271  -0.015000
-270  -0.075000
-269  -0.010000
-268   0.080000
-267  -0.120000
-266  -0.045000
-265   0.015000
-264  -0.015000
-263   0.065000
-262   0.005000
-261   0.025000
-260  -0.035000
-259   0.020000
-258   0.025000
-257   0.075000
-256   0.030000
-255   0.075000
-254   0.130000
-253  -0.030000
-252   0.000000
-251  -0.060000
-250   0.060000
-249  -0.010000
-248  -0.025000
-247   0.005000
-246  -0.045000
-245   0.040000
-244  -0.055000
-243  -0.015000
-242  -0.020000
-241   0.060000
-240  -0.040000
-239   0.020000
-238   0.030000
-237  -0.060000
-236   0.000000
-235   0.075000
-234   0.025000
-233   0.000000
-232   0.045000
-231  -0.035000
-230   0.025000
-229   0.055000
-228  -0.010000
-227   0.010000
-226   0.000000
-225  -0.045000
-224   0.075000
-223  -0.020000
-222  -0.035000
-221   0.030000
-220  -0.005000
-219  -0.005000
-218   0.065000
-217   0.035000
-216   0.025000
-215  -0.015000
-214  -0.025000
-213  -0.085000
-212   0.050000
-211   0.035000
-210   0.150000
-209   0.075000
-208  -0.080000
-207  -0.020000
-206  -0.040000
-205   0.005000
-204  -0.040000
-203   0.020000
-202   0.025000
-201  -0.135000
-200   0.000000
-199  -0.070000
-198  -0.060000
-197   0.025000
-196  -0.010000
-195   0.085000
-194   0.025000
-193   0.015000
-192  -0.045000
-191  -0.010000
-190   0.020000
-189  -0.040000
-188  -0.040000
-187  -0.030000
-186   0.070000
-185  -0.000000
-184  -0.030000
-183   0.010000
-182  -0.030000
-181  -0.020000
-180  -0.045000
-179  -0.070000
-178  -0.020000
-177   0.005000
-176   0.125000
-175   0.015000
-174  -0.015000
-173  -0.040000
-172   0.045000
-171   0.015000
-170   0.005000
-169   0.045000
-168  -0.025000
-167  -0.020000
-166  -0.000000
-165  -0.050000
-164  -0.020000
-163   0.020000
-162  -0.025000
-161   0.015000
-160   0.000000
-159  -0.025000
-158  -0.015000
-157  -0.020000
-156   0.000000
-155   0.100000
-154  -0.010000
-153  -0.045000
-152  -0.005000
-151   0.070000
-150   0.005000
-149   0.050000
-148   0.040000
-147  -0.100000
-146  -0.055000
-145   0.035000
-144   0.040000
-143  -0.060000
-142   0.005000
-141   0.035000
-140   0.005000
-139  -0.025000
-138  -0.005000
-137   0.000000
-136  -0.055000
-135   0.035000
-134  -0.005000
-133   0.020000
-132  -0.015000
-131   0.045000
-130  -0.050000
-129  -0.070000
-128  -0.075000
-127   0.090000
-126   0.030000
-125   0.075000
-124   0.025000
-123   0.050000
-122  -0.060000
-121   0.005000
-120  -0.060000
-119  -0.030000
-118  -0.005000
-117   0.000000
-116   0.035000
-115   0.090000
-114   0.065000
-113  -0.040000
-112  -0.045000
-111   0.020000
-110   0.020000
-109   0.020000
-108  -0.015000
-107  -0.045000
-106  -0.020000
-105   0.090000
-104   0.090000
-103   0.020000
-102  -0.020000
-101  -0.060000
-100   0.015000
-99  -0.035000
-98  -0.035000
-97   0.035000
-96   0.030000
-95   0.015000
-94  -0.055000
-93  -0.055000
-92   0.030000
-91  -0.060000
-90   0.010000
-89  -0.055000
-88  -0.000000
-87   0.020000
-86   0.020000
-85   0.030000
-84  -0.020000
-83   0.030000
-82   0.050000
-81   0.085000
-80  -0.030000
-79   0.035000
-78  -0.065000
-77  -0.070000
-76   0.035000
-75   0.030000
-74  -0.045000
-73  -0.040000
-72  -0.110000
-71   0.045000
-70   0.045000
-69  -0.100000
-68   0.010000
-67  -0.050000
-66   0.015000
-65   0.065000
-64  -0.005000
-63   0.070000
-62  -0.005000
-61   0.050000
-60  -0.115000
-59   0.060000
-58   0.045000
-57   0.025000
-56  -0.070000
-55  -0.040000
-54   0.000000
-53  -0.015000
-52  -0.000000
-51   0.060000
-50  -0.040000
-49   0.070000
-48  -0.025000
-47   0.045000
-46  -0.050000
-45  -0.070000
-44  -0.005000
-43  -0.030000
-42   0.025000
-41   0.020000
-40  -0.020000
-39   0.035000
-38   0.050000
-37  -0.045000
-36  -0.010000
-35  -0.040000
-34  -0.040000
-33   0.040000
-32   0.000000
-31   0.040000
-30  -0.035000
-29   0.115000
-28   0.015000
-27   0.000000
-26  -0.020000
-25   0.045000
-24   0.055000
-23   0.040000
-22  -0.010000
-21   0.030000
-20  -0.020000
-19   0.080000
-18  -0.000000
-17   0.055000
-16  -0.010000
-15  -0.005000
-14  -0.015000
-13  -0.005000
-12  -0.135000
-11   0.010000
-10  -0.010000
-9  -0.025000
-8  -0.080000
-7   0.020000
-6  -0.070000
-5   0.050000
-4  -0.010000
-3   0.035000
-2   0.045000
-1  -0.005000
