0  -0.050000
1   0.010000
2  -0.020000
3   0.080000
4   0.015000
5   0.070000
6   0.040000
7  -0.050000
8   0.035000
9  -0.050000
10   0.040000
11   0.040000
12  -0.060000
13  -0.070000
14  -0.065000
15  -0.100000
16   0.110000
17   0.070000
18  -0.040000
19  -0.005000
20   0.060000
21  -0.060000
22   0.060000
23  -0.090000
24  -0.080000
25  -0.055000
26   0.075000
27  -0.020000
28   0.055000
29  -0.055000
30   0.075000
31   0.055000
32   0.005000
33   0.045000
34   0.055000
35   0.010000
36  -0.065000
37  -0.015000
38  -0.020000
39  -0.015000
40  -0.050000
41   0.015000
42   0.010000
43   0.085000
44  -0.080000
45  -0.015000
46   0.055000
47   0.030000
48  -0.025000
49   0.080000
50  -0.060000
51  -0.060000
52   0.045000
53   0.005000
54   0.100000
55  -0.055000
56   0.065000
57   0.015000
58   0.030000
59  -0.005000
60   0.000000
61   0.065000
62   0.050000
63  -0.050000
64   0.090000
65   0.110000
66  -0.005000
67  -0.095000
68   0.025000
69   0.020000
70  -0.020000
71  -0.020000
72   0.020000
73  -0.010000
74   0.025000
75   0.100000
76   0.040000
77  -0.035000
78   0.045000
79  -0.065000
80  -0.015000
81   0.075000
82   0.045000
83   0.010000
84   0.060000
85   0.015000
86  -0.070000
87   0.000000
88   0.020000
89   0.030000
90   0.110000
91  -0.040000
92   0.055000
93  -0.065000
94   0.015000
95  -0.075000
96  -0.035000
97   0.025000
98  -0.075000
99   0.000000
100  -0.085000
101   0.025000
102   0.020000
103  -0.035000
104   0.020000
105   0.025000
106   0.010000
107  -0.005000
108   0.010000
109   0.040000
110  -0.055000
111  -0.020000
112  -0.075000
113   0.030000
114   0.045000
115   0.095000
116  -0.075000
117  -0.035000
118   0.035000
119  -0.040000
120   0.010000
121  -0.015000
122   0.015000
123   0.085000
124   0.090000
125  -0.010000
126  -0.020000
127   0.000000
128   0.020000
129   0.055000
130  -0.060000
131  -0.015000
132  -0.015000
133   0.020000
134   0.010000
135  -0.040000
136   0.120000
137  -0.075000
138  -0.010000
139   0.010000
140   0.005000
141  -0.015000
142   0.005000
143   0.025000
144   0.005000
145  -0.040000
146  -0.055000
147  -0.030000
148  -0.060000
149  -0.055000
150   0.015000
151  -0.090000
152  -0.050000
153  -0.100000
154  -0.005000
155   0.060000
156  -0.020000
157   0.055000
158   0.030000
159  -0.090000
160  -0.020000
161  -0.025000
162   0.025000
163  -0.030000
164  -0.065000
165  -0.010000
166   0.010000
167  -0.015000
168  -0.005000
169  -0.015000
170  -0.040000
171   0.040000
172  -0.060000
173   0.040000
174   0.005000
175  -0.015000
176  -0.060000
177   0.030000
178   0.035000
179   0.035000
180  -0.055000
181  -0.070000
182  -0.065000
183  -0.070000
184  -0.010000
185   0.065000
186   0.035000
187  -0.010000
188  -0.050000
189  -0.015000
190   0.010000
191   0.000000
192  -0.020000
193   0.025000
194   0.040000
195   0.030000
196   0.000000
197   0.015000
198   0.010000
199   0.005000
200  -0.030000
201  -0.050000
202   0.070000
203   0.030000
204   0.065000
205   0.095000
206   0.015000
207  -0.070000
208  -0.075000
209  -0.005000
210  -0.030000
211   0.005000
212   0.080000
213  -0.085000
214   0.010000
215  -0.040000
216  -0.005000
217   0.020000
218   0.050000
219  -0.030000
220  -0.040000
221   0.020000
222   0.010000
223  -0.015000
224   0.085000
225   0.065000
226   0.035000
227   0.070000
228   0.040000
229   0.040000
230   0.105000
231   0.010000
232  -0.040000
233  -0.005000
234  -0.035000
235   0.010000
236   0.050000
237  -0.010000
238   0.045000
239  -0.050000
240  -0.020000
241   0.000000
242  -0.025000
243  -0.060000
244  -0.010000
245   0.030000
246  -0.010000
247   0.000000
248   0.005000
249  -0.020000
250   0.030000
251   0.050000
252   0.005000
253   0.000000
254  -0.050000
255  -0.015000
256  -0.085000
257  -0.080000
258   0.035000
259   0.070000
260  -0.000000
261  -0.055000
262   0.060000
263  -0.025000
264  -0.025000
265   0.020000
266  -0.055000
267  -0.015000
268  -0.055000
269  -0.015000
270  -0.050000
271  -0.035000
272  -0.005000
273  -0.055000
274   0.010000
275   0.050000
276  -0.010000
277   0.005000
278   0.035000
279   0.010000
280  -0.030000
281   0.015000
282  -0.010000
283  -0.055000
284   0.025000
285   0.045000
286   0.085000
287  -0.090000
288   0.085000
289  -0.030000
290  -0.040000
291   0.085000
292  -0.035000
293   0.055000
294  -0.045000
295  -0.070000
296   0.035000
297  -0.085000
298   0.085000
299   0.030000
300  -0.035000
301   0.030000
302  -0.065000
303  -0.090000
304  -0.065000
305  -0.005000
306   0.030000
307   0.015000
308   0.040000
309  -0.050000
310  -0.055000
311  -0.035000
312   0.030000
313   0.075000
314  -0.080000
315  -0.070000
316   0.040000
317   0.055000
318  -0.040000
319  -0.035000
320  -0.070000
321   0.065000
322   0.000000
323  -0.005000
324  -0.030000
325   0.030000
326  -0.000000
327   0.060000
328   0.110000
329  -0.020000
330  -0.015000
331  -0.045000
332  -0.035000
333  -0.015000
334  -0.025000
335  -0.075000
336   0.045000
337   0.065000
338  -0.040000
339   0.080000
340  -0.050000
341  -0.070000
342  -0.025000
343  -0.035000
344   0.030000
345   0.025000
346  -0.010000
347  -0.085000
348  -0.040000
349  -0.020000
350  -0.005000
351   0.000000
352  -0.030000
353   0.010000
354  -0.005000
355  -0.060000
356  -0.065000
357  -0.020000
358   0.030000
359  -0.035000
360  -0.040000
361  -0.125000
362  -0.010000
363   0.000000
364  -0.015000
365  -0.050000
366   0.045000
367  -0.060000
368   0.075000
369   0.045000
370  -0.070000
371   0.035000
372   0.075000
373  -0.010000
374   0.030000
375  -0.005000
376   0.010000
377  -0.025000
378   0.070000
379  -0.065000
380  -0.025000
381   0.040000
382  -0.035000
383   0.055000
384   0.025000
385  -0.020000
386  -0.055000
387   0.065000
388  -0.035000
389   0.010000
390  -0.010000
391  -0.010000
392  -0.005000
393   0.020000
394   0.070000
395  -0.020000
396  -0.010000
397  -0.095000
398   0.050000
399   0.005000
400  -0.050000
401   0.070000
402   0.010000
403   0.025000
404  -0.005000
405   0.050000
406   0.060000
407  -0.075000
408   0.040000
409  -0.045000
410   0.055000
411  -0.010000
412   0.015000
413  -0.075000
414  -0.055000
415  -0.015000
416  -0.025000
417   0.015000
418  -0.075000
419   0.030000
420   0.015000
421   0.005000
422   0.040000
423  -0.090000
424  -0.030000
425  -0.155000
426  -0.050000
427   0.095000
428   0.025000
429  -0.015000
430  -0.005000
431   0.005000
432   0.050000
433  -0.075000
434   0.040000
435   0.065000
436   0.055000
437   0.070000
438  -0.080000
439  -0.025000
440  -0.030000
441  -0.005000
442   0.015000
443  -0.025000
444   0.060000
445   0.020000
446   0.050000
447   0.095000
448  -0.105000
449   0.030000
450   0.020000
451  -0.055000
452   0.055000
453   0.005000
454   0.035000
455   0.120000
456  -0.015000
457  -0.035000
458   0.030000
459   0.075000
460   0.000000
461   0.005000
462   0.030000
463   0.030000
464  -0.005000
465   0.050000
466  -0.025000
467   0.000000
468  -0.030000
469  -0.025000
470  -0.065000
471   0.000000
472   0.105000
473   0.015000
474   0.025000
475  -0.055000
476   0.040000
477  -0.095000
478   0.010000
479  -0.020000
480  -0.055000
481   0.030000
482  -0.040000
483   0.010000
484  -0.015000
485   0.075000
486  -0.120000
487  -0.015000
488   0.005000
489  -0.035000
490   0.085000
491   0.080000
492   0.115000
493   0.010000
494  -0.045000
495   0.020000
496   0.065000
497   0.035000
498   0.015000
499   0.090000
500  -0.040000
-499  -0.035000
-498  -0.065000
-497   0.030000
-496  -0.015000
-495   0.015000
-494   0.035000
-493  -0.045000
-492  -0.070000
-491  -0.035000
-490  -0.065000
-489  -0.040000
-488  -0.055000
-487  -0.020000
-486  -0.075000
-485   0.015000
-484   0.040000
-483   0.000000
-482  -0.110000
-481  -0.025000
-480  -0.065000
-479  -0.085000
-478   0.005000
-477   0.015000
-476  -0.060000
-475   0.005000
-474  -0.060000
-473   0.025000
-472   0.015000
-471   0.040000
-470   0.005000
-469  -0.070000
-468   0.070000
-467   0.015000
-466  -0.050000
-465   0.035000
-464  -0.030000
-463  -0.100000
-462   0.055000
-461   0.060000
-460  -0.035000
-459   0.045000
-458   0.080000
-457   0.035000
-456   0.020000
-455   0.060000
-454   0.025000
-453   0.065000
-452  -0.085000
-451  -0.130000
-450  -0.015000
-449   0.010000
-448   0.040000
-447   0.075000
-446  -0.015000
-445   0.055000
-444   0.005000
-443  -0.115000
-442   0.030000
-441   0.075000
-440   0.070000
-439  -0.085000
-438  -0.010000
-437   0.145000
-436   0.005000
-435   0.040000
-434   0.030000
-433   0.050000
-432  -0.005000
-431   0.035000
-430   0.040000
-429  -0.045000
-428   0.040000
-427   0.030000
-426  -0.025000
-425   0.015000
-424   0.025000
-423  -0.005000
-422  -0.030000
-421   0.045000
-420   0.040000
-419   0.010000
-418  -0.025000
-417  -0.010000
-416  -0.025000
-415  -0.030000
-414   0.005000
-413   0.105000
-412  -0.045000
-411   0.075000
-410   0.035000
-409   0.060000
-408  -0.040000
-407  -0.010000
-406  -0.025000
-405   0.035000
-404   0.020000
-403  -0.000000
-402   0.000000
-401  -0.015000
-400  -0.015000
-399   0.010000
-398  -0.010000
-397   0.020000
-396   0.060000
-395  -0.040000
-394   0.050000
-393  -0.005000
-392   0.015000
-391   0.015000
-390  -0.055000
-389  -0.070000
-388   0.080000
-387   0.005000
-386   0.020000
-385  -0.010000
-384   0.020000
-383   0.080000
-382   0.015000
-381  -0.015000
-380  -0.025000
-379  -0.015000
-378   0.015000
-377   0.045000
-376   0.020000
-375   0.045000
-374   0.055000
-373  -0.030000
-372  -0.040000
-371   0.000000
-370  -0.080000
-369  -0.030000
-368   0.055000
-367   0.025000
-366  -0.100000
-365   0.090000
-364  -0.045000
-363  -0.035000
-362   0.000000
-361  -0.005000
-360  -0.015000
-359   0.005000
-358   0.020000
-357   0.035000
-356   0.015000
-355   0.000000
-354  -0.045000
-353  -0.045000
-352   0.020000
-351  -0.025000
-350  -0.015000
-349   0.060000
-348   0.040000
-347   0.015000
-346  -0.035000
-345  -0.030000
-344  -0.025000
-343   0.040000
-342   0.050000
-341   0.135000
-340   0.015000
-339   0.010000
-338  -0.055000
-337   0.000000
-336   0.020000
-335  -0.060000
-334  -0.000000
-333   0.050000
-332   0.025000
-331   0.000000
-330  -0.070000
-329  -0.085000
-328  -0.005000
-327   0.075000
-326   0.035000
-325   0.040000
-324  -0.015000
-323  -0.010000
-322   0.015000
-321  -0.020000
-320  -0.035000
-319  -0.045000
-318  -0.060000
-317  -0.100000
-316   0.070000
-315   0.035000
-314   0.005000
-313  -0.040000
-312   0.035000
-311   0.045000
-310  -0.030000
-309   0.035000
-308   0.015000
-307   0.055000
-306   0.045000
-305  -0.085000
-304  -0.055000
-303  -0.035000
-302  -0.015000
-301  -0.030000
-300   0.035000
-299   0.130000
-298   0.020000
-297  -0.060000
-296  -0.070000
-295   0.005000
-294  -0.020000
-293  -0.025000
-292  -0.005000
-291  -0.015000
-290  -0.070000
-289  -0.060000
-288   0.080000
-287  -0.035000
-286  -0.050000
-285  -0.035000
-284   0.115000
-283  -0.005000
-282  -0.065000
-281  -0.030000
-280   0.075000
-279   0.075000
-278  -0.125000
-277  -0.020000
-276  -0.010000
-275   0.050000
-274  -0.020000
-273  -0.020000
-272   0.000000
-271   0.015000
-270  -0.025000
-269  -0.035000
-268  -0.020000
-267  -0.065000
-266   0.070000
-265   0.055000
-264  -0.085000
-263  -0.065000
-262  -0.020000
-261  -0.085000
-260   0.025000
-259  -0.045000
-258  -0.035000
-257   0.010000
-256   0.025000
-255   0.025000
-254   0.015000
-253  -0.060000
-252  -0.030000
-251   0.025000
-250   0.045000
-249  -0.010000
-248  -0.080000
-247   0.045000
-246   0.005000
-245  -0.110000
-244   0.020000
-243   0.070000
-242   0.020000
-241  -0.115000
-240   0.025000
-239   0.090000
-238   0.000000
-237  -0.115000
-236  -0.035000
-235   0.065000
-234   0.015000
-233  -0.010000
-232  -0.005000
-231   0.050000
-230   0.060000
-229   0.010000
-228  -0.090000
-227  -0.035000
-226   0.005000
-225   0.050000
-224  -0.010000
-223   0.015000
-222  -0.070000
-221   0.040000
-220  -0.015000
-219   0.020000
-218   0.025000
-217   0.020000
-216  -0.005000
-215   0.015000
-214  -0.060000
-213   0.010000
-212  -0.020000
-211   0.010000
-210   0.065000
-209   0.000000
-208   0.110000
-207  -0.000000
-206  -0.100000
-205  -0.055000
-204   0.015000
-203   0.000000
-202   0.025000
-201  -0.010000
-200  -0.005000
-199  -0.115000
-198   0.065000
-197   0.025000
-196  -0.050000
-195  -0.005000
-194  -0.010000
-193  -0.025000
-192   0.155000
-191   0.090000
-190   0.000000
-189   0.005000
-188  -0.030000
-187  -0.005000
-186  -0.010000
-185  -0.060000
-184   0.050000
-183  -0.035000
-182   0.040000
-181   0.010000
-180   0.045000
-179  -0.120000
-178   0.005000
-177   0.055000
-176   0.070000
-175   0.025000
-174   0.010000
-173  -0.005000
-172  -0.045000
-171  -0.040000
-170  -0.050000
-169   0.050000
-168  -0.045000
-167  -0.035000
-166   0.015000
-165  -0.110000
-164  -0.015000
-163  -0.070000
-162   0.050000
-161   0.025000
-160   0.030000
-159   0.040000
-158   0.020000
-157  -0.010000
-156  -0.120000
-155  -0.030000
-154   0.045000
-153  -0.035000
-152  -0.080000
-151  -0.030000
-150   0.050000
-149  -0.070000
-148   0.100000
-147   0.035000
-146  -0.070000
-145  -0.010000
-144  -0.065000
-143   0.035000
-142   0.025000
-141   0.025000
-140  -0.015000
-139   0.035000
-138   0.050000
-137  -0.045000
-136  -0.120000
-135   0.055000
-134   0.010000
-133  -0.050000
-132  -0.020000
-131   0.055000
-130   0.020000
-129  -0.005000
-128   0.030000
-127   0.050000
-126   0.035000
-125  -0.055000
-124  -0.070000
-123   0.070000
-122  -0.030000
-121  -0.020000
-120   0.025000
-119   0.075000
-118   0.015000
-117  -0.030000
-116  -0.020000
-115   0.040000
-114   0.055000
-113   0.015000
-112  -0.005000
-111   0.030000
-110  -0.095000
-109   0.030000
-108  -0.040000
-107   0.070000
-106  -0.075000
-105   0.040000
-104  -0.030000
-103  -0.030000
-102  -0.005000
-101  -0.105000
-100   0.040000
-99  -0.060000
-98   0.035000
-97   0.045000
-96  -0.065000
-95  -0.010000
-94   0.060000
-93  -0.165000
-92  -0.065000
-91  -0.050000
-90  -0.030000
-89   0.045000
-88  -0.055000
-87  -0.030000
-86   0.010000
-85   0.030000
-84  -0.115000
-83  -0.000000
-82  -0.135000
-81  -0.040000
-80   0.055000
-79   0.085000
-78  -0.035000
-77  -0.030000
-76   0.030000
-75   0.025000
-74   0.010000
-73  -0.015000
-72  -0.025000
-71  -0.025000
-70   0.025000
-69  -0.045000
-68   0.010000
-67   0.020000
-66   0.010000
-65   0.025000
-64  -0.005000
-63   0.060000
-62   0.080000
-61   0.015000
-60   0.015000
-59   0.060000
-58   0.045000
-57  -0.050000
-56  -0.035000
-55  -0.060000
-54   0.025000
-53  -0.080000
-52   0.040000
-51   0.010000
-50  -0.030000
-49   0.055000
-48   0.010000
-47  -0.030000
-46   0.050000
-45   0.015000
-44   0.040000
-43   0.010000
-42   0.065000
-41  -0.055000
-40   0.030000
-39  -0.115000
-38   0.100000
-37  -0.035000
-36  -0.005000
-35  -0.100000
-34   0.030000
-33   0.000000
-32  -0.060000
-31  -0.065000
-30  -0.090000
-29  -0.080000
-28  -0.045000
-27   0.000000
-26  -0.055000
-25  -0.005000
-24   0.025000
-23   0.030000
-22   0.030000
-21   0.130000
-20  -0.030000
-19   0.010000
-18   0.045000
-17  -0.010000
-16   0.020000
-15  -0.020000
-14  -0.075000
-13   0.025000
-12  -0.090000
-11   0.025000
-10  -0.025000
-9  -0.055000
-8  -0.015000
-7   0.030000
-6   0.015000
-5  -0.055000
-4   0.020000
-3   0.005000
-2   0.090000
-1  -0.030000
