0   0.060000
1  -0.030000
2  -0.005000
3  -0.065000
4   0.080000
5  -0.020000
6  -0.030000
7  -0.010000
8  -0.120000
9   0.000000
10  -0.045000
11  -0.080000
12   0.110000
13  -0.090000
14  -0.020000
15   0.040000
16  -0.080000
17  -0.070000
18   0.065000
19   0.030000
20  -0.055000
21   0.020000
22   0.015000
23   0.005000
24   0.060000
25  -0.045000
26  -0.050000
27   0.035000
28  -0.005000
29  -0.040000
30   0.060000
31  -0.025000
32  -0.040000
33  -0.015000
34  -0.005000
35  -0.085000
36  -0.005000
37   0.015000
38  -0.015000
39   0.065000
40   0.020000
41  -0.035000
42  -0.020000
43   0.040000
44   0.015000
45  -0.010000
46  -0.060000
47  -0.020000
48   0.015000
49  -0.050000
50   0.065000
51  -0.040000
52   0.005000
53  -0.050000
54   0.015000
55   0.005000
56  -0.090000
57   0.000000
58   0.090000
59  -0.055000
60  -0.010000
61  -0.035000
62   0.010000
63  -0.040000
64   0.025000
65  -0.020000
66  -0.035000
67   0.105000
68   0.020000
69   0.010000
70  -0.010000
71   0.025000
72  -0.015000
73   0.025000
74   0.030000
75   0.085000
76  -0.045000
77   0.020000
78   0.005000
79   0.035000
80  -0.030000
81   0.070000
82  -0.045000
83  -0.035000
84   0.000000
85   0.020000
86  -0.095000
87  -0.015000
88  -0.040000
89   0.025000
90   0.070000
91   0.030000
92  -0.040000
93   0.040000
94   0.015000
95   0.040000
96   0.080000
97   0.035000
98   0.030000
99   0.050000
100   0.040000
101  -0.010000
102  -0.025000
103  -0.035000
104  -0.060000
105   0.025000
106   0.105000
107   0.065000
108  -0.005000
109   0.020000
110  -0.010000
111  -0.005000
112   0.030000
113  -0.115000
114  -0.010000
115   0.020000
116  -0.070000
117   0.040000
118   0.055000
119   0.000000
120   0.030000
121   0.065000
122   0.065000
123  -0.010000
124   0.090000
125   0.035000
126   0.035000
127   0.010000
128   0.025000
129   0.035000
130  -0.025000
131   0.020000
132   0.095000
133  -0.050000
134   0.025000
135  -0.010000
136   0.030000
137   0.015000
138   0.010000
139   0.025000
140   0.070000
141  -0.060000
142  -0.005000
143   0.035000
144  -0.090000
145   0.025000
146   0.015000
147   0.070000
148  -0.045000
149  -0.040000
150   0.035000
151  -0.075000
152  -0.080000
153   0.050000
154   0.025000
155  -0.010000
156  -0.040000
157   0.085000
158   0.020000
159  -0.020000
160  -0.025000
161   0.110000
162  -0.035000
163   0.060000
164  -0.040000
165   0.040000
166   0.040000
167  -0.080000
168   0.080000
169  -0.015000
170   0.035000
171  -0.040000
172  -0.025000
173   0.030000
174  -0.050000
175  -0.030000
176   0.135000
177   0.000000
178   0.010000
179   0.005000
180  -0.035000
181   0.005000
182  -0.005000
183   0.075000
184  -0.055000
185   0.045000
186  -0.045000
187  -0.085000
188   0.015000
189  -0.010000
190  -0.040000
191   0.070000
192  -0.005000
193  -0.070000
194  -0.010000
195  -0.045000
196   0.030000
197   0.040000
198  -0.015000
199  -0.055000
200   0.015000
201  -0.035000
202  -0.000000
203  -0.070000
204   0.040000
205  -0.005000
206  -0.025000
207   0.095000
208   0.050000
209  -0.025000
210   0.130000
211   0.020000
212  -0.070000
213  -0.010000
214  -0.005000
215  -0.060000
216  -0.020000
217   0.075000
218  -0.005000
219  -0.080000
220   0.005000
221   0.005000
222  -0.085000
223  -0.040000
224   0.015000
225   0.080000
226   0.060000
227   0.030000
228  -0.045000
229   0.030000
230  -0.010000
231  -0.045000
232   0.060000
233   0.005000
234   0.075000
235  -0.105000
236   0.000000
237  -0.015000
238  -0.005000
239   0.085000
240   0.010000
241  -0.035000
242   0.010000
243  -0.055000
244   0.050000
245  -0.025000
246  -0.055000
247  -0.010000
248  -0.035000
249  -0.100000
250  -0.020000
251   0.035000
252  -0.050000
253  -0.045000
254   0.010000
255   0.045000
256   0.030000
257  -0.050000
258  -0.080000
259  -0.020000
260   0.040000
261   0.020000
262   0.000000
263   0.070000
264   0.045000
265   0.010000
266  -0.030000
267   0.085000
268   0.025000
269   0.055000
270  -0.020000
271  -0.020000
272  -0.005000
273   0.020000
274  -0.015000
275  -0.060000
276   0.035000
277   0.030000
278  -0.030000
279  -0.030000
280   0.015000
281  -0.065000
282  -0.065000
283  -0.035000
284  -0.010000
285   0.050000
286   0.045000
287   0.000000
288   0.045000
289   0.000000
290   0.035000
291  -0.030000
292   0.045000
293  -0.080000
294  -0.005000
295   0.095000
296   0.060000
297   0.030000
298  -0.035000
299  -0.060000
300   0.050000
301  -0.040000
302  -0.030000
303  -0.070000
304  -0.025000
305   0.030000
306   0.060000
307   0.040000
308   0.065000
309  -0.025000
310  -0.085000
311   0.065000
312  -0.035000
313  -0.000000
314   0.070000
315   0.045000
316   0.075000
317  -0.040000
318  -0.030000
319   0.025000
320   0.045000
321   0.005000
322   0.070000
323   0.010000
324  -0.030000
325   0.000000
326   0.000000
327   0.025000
328   0.035000
329  -0.090000
330  -0.030000
331   0.020000
332  -0.005000
333  -0.040000
334   0.005000
335  -0.020000
336  -0.015000
337   0.085000
338  -0.005000
339  -0.025000
340  -0.090000
341   0.075000
342   0.020000
343  -0.075000
344  -0.040000
345  -0.015000
346  -0.005000
347  -0.015000
348   0.075000
349   0.015000
350  -0.030000
351  -0.005000
352   0.015000
353  -0.060000
354  -0.050000
355  -0.005000
356   0.000000
357  -0.025000
358   0.100000
359  -0.055000
360  -0.000000
361  -0.035000
362   0.045000
363   0.080000
364  -0.035000
365   0.030000
366  -0.020000
367  -0.025000
368  -0.035000
369  -0.100000
370  -0.075000
371   0.040000
372  -0.035000
373  -0.010000
374   0.050000
375   0.020000
376  -0.015000
377  -0.035000
378   0.015000
379   0.010000
380   0.055000
381   0.050000
382   0.045000
383   0.010000
384   0.015000
385   0.065000
386   0.000000
387  -0.060000
388  -0.075000
389  -0.035000
390  -0.010000
391   0.010000
392   0.040000
393  -0.015000
394  -0.010000
395   0.095000
396  -0.040000
397   0.090000
398   0.045000
399   0.135000
400   0.010000
401  -0.040000
402   0.045000
403  -0.075000
404   0.050000
405   0.030000
406  -0.020000
407   0.095000
408  -0.030000
409   0.060000
410  -0.025000
411   0.025000
412  -0.110000
413   0.000000
414  -0.045000
415   0.045000
416   0.095000
417   0.045000
418   0.020000
419   0.055000
420   0.010000
421  -0.030000
422   0.060000
423  -0.030000
424  -0.030000
425  -0.020000
426  -0.035000
427  -0.020000
428  -0.020000
429   0.005000
430   0.035000
431   0.020000
432  -0.065000
433   0.020000
434   0.080000
435   0.025000
436   0.070000
437  -0.055000
438  -0.045000
439  -0.120000
440  -0.005000
441   0.075000
442  -0.055000
443  -0.065000
444   0.065000
445  -0.025000
446   0.065000
447   0.120000
448   0.010000
449   0.080000
450   0.015000
451  -0.010000
452  -0.070000
453  -0.030000
454   0.030000
455  -0.045000
456  -0.030000
457   0.050000
458   0.040000
459  -0.005000
460   0.015000
461   0.065000
462   0.035000
463  -0.045000
464  -0.075000
465  -0.110000
466   0.050000
467  -0.030000
468   0.060000
469   0.035000
470   0.040000
471   0.010000
472   0.040000
473   0.055000
474  -0.035000
475  -0.070000
476  -0.025000
477   0.035000
478  -0.025000
479   0.040000
480  -0.030000
481  -0.020000
482   0.055000
483   0.085000
484   0.060000
485  -0.050000
486  -0.030000
487  -0.020000
488   0.025000
489  -0.045000
490   0.005000
491   0.030000
492  -0.015000
493  -0.060000
494   0.010000
495  -0.020000
496   0.000000
497   0.045000
498   0.020000
499   0.050000
500  -0.025000
-499  -0.055000
-498   0.035000
-497  -0.055000
-496  -0.020000
-495  -0.115000
-494   0.060000
-493  -0.080000
-492   0.080000
-491   0.005000
-490  -0.005000
-489   0.005000
-488   0.005000
-487   0.120000
-486   0.045000
-485   0.050000
-484   0.005000
-483  -0.000000
-482   0.015000
-481  -0.090000
-480   0.045000
-479  -0.045000
-478  -0.035000
-477   0.005000
-476  -0.005000
-475  -0.055000
-474   0.040000
-473  -0.025000
-472  -0.060000
-471   0.020000
-470   0.025000
-469   0.040000
-468   0.025000
-467  -0.010000
-466   0.055000
-465  -0.040000
-464   0.060000
-463   0.015000
-462  -0.025000
-461   0.005000
-460   0.040000
-459  -0.040000
-458   0.075000
-457  -0.000000
-456  -0.040000
-455   0.030000
-454  -0.085000
-453  -0.010000
-452  -0.025000
-451  -0.035000
-450   0.030000
-449   0.025000
-448   0.025000
-447   0.015000
-446   0.040000
-445   0.055000
-444   0.015000
-443  -0.025000
-442   0.030000
-441  -0.020000
-440   0.005000
-439   0.030000
-438   0.030000
-437  -0.060000
-436   0.000000
-435  -0.030000
-434  -0.105000
-433   0.020000
-432   0.030000
-431  -0.080000
-430  -0.070000
-429   0.135000
-428   0.090000
-427  -0.040000
-426  -0.085000
-425   0.045000
-424  -0.040000
-423   0.015000
-422   0.060000
-421  -0.010000
-420  -0.110000
-419  -0.045000
-418  -0.000000
-417   0.050000
-416  -0.030000
-415  -0.025000
-414   0.090000
-413   0.100000
-412   0.050000
-411  -0.125000
-410  -0.045000
-409   0.040000
-408  -0.050000
-407   0.015000
-406   0.105000
-405   0.040000
-404   0.035000
-403  -0.040000
-402   0.070000
-401  -0.030000
-400   0.015000
-399   0.015000
-398  -0.030000
-397   0.010000
-396  -0.030000
-395  -0.025000
-394   0.055000
-393  -0.025000
-392  -0.060000
-391  -0.055000
-390   0.075000
-389  -0.065000
-388  -0.035000
-387  -0.035000
-386  -0.020000
-385  -0.050000
-384  -0.075000
-383  -0.080000
-382   0.020000
-381  -0.000000
-380   0.075000
-379   0.030000
-378   0.000000
-377   0.150000
-376  -0.040000
-375  -0.030000
-374  -0.020000
-373  -0.010000
-372   0.060000
-371   0.005000
-370   0.015000
-369   0.020000
-368   0.040000
-367  -0.065000
-366  -0.020000
-365   0.080000
-364  -0.055000
-363  -0.035000
-362   0.050000
-361   0.080000
-360   0.080000
-359   0.105000
-358   0.035000
-357  -0.075000
-356   0.060000
-355  -0.025000
-354  -0.070000
-353  -0.015000
-352   0.035000
-351  -0.005000
-350  -0.030000
-349   0.025000
-348  -0.145000
-347  -0.010000
-346  -0.000000
-345  -0.060000
-344   0.050000
-343   0.075000
-342   0.005000
-341   0.035000
-340  -0.060000
-339  -0.030000
-338   0.045000
-337   0.040000
-336   0.005000
-335  -0.060000
-334   0.040000
-333  -0.045000
-332   0.030000
-331  -0.020000
-330   0.045000
-329  -0.095000
-328   0.035000
-327  -0.050000
-326  -0.040000
-325  -0.065000
-324  -0.105000
-323  -0.020000
-322   0.060000
-321  -0.090000
-320  -0.005000
-319  -0.030000
-318   0.065000
-317   0.035000
-316  -0.030000
-315  -0.025000
-314  -0.100000
-313   0.050000
-312  -0.025000
-311   0.050000
-310   0.065000
-309   0.025000
-308  -0.055000
-307  -0.025000
-306  -0.055000
-305  -0.100000
-304   0.030000
-303   0.085000
-302   0.005000
-301   0.065000
-300   0.020000
-299  -0.000000
-298  -0.030000
-297   0.075000
-296  -0.010000
-295  -0.065000
-294   0.080000
-293   0.020000
-292   0.130000
-291  -0.040000
-290  -0.125000
-289   0.050000
-288   0.120000
-287  -0.010000
-286   0.100000
-285  -0.055000
-284   0.040000
-283  -0.035000
-282   0.015000
-281  -0.060000
-280   0.055000
-279  -0.020000
-278  -0.045000
-277  -0.060000
-276   0.045000
-275  -0.005000
-274   0.020000
-273   0.070000
-272   0.000000
-271   0.085000
-270  -0.075000
-269   0.020000
-268   0.035000
-267  -0.035000
-266   0.005000
-265   0.090000
-264   0.040000
-263  -0.075000
-262   0.040000
-261  -0.120000
-260   0.015000
-259   0.030000
-258  -0.020000
-257  -0.030000
-256   0.005000
-255  -0.065000
-254   0.020000
-253   0.025000
-252   0.040000
-251   0.045000
-250  -0.025000
-249   0.010000
-248   0.055000
-247  -0.060000
-246   0.045000
-245   0.000000
-244   0.080000
-243  -0.050000
-242  -0.020000
-241  -0.025000
-240   0.025000
-239  -0.030000
-238  -0.010000
-237  -0.045000
-236   0.065000
-235  -0.075000
-234   0.090000
-233   0.010000
-232  -0.010000
-231  -0.075000
-230   0.005000
-229   0.015000
-228  -0.090000
-227   0.000000
-226   0.015000
-225  -0.020000
-224   0.050000
-223   0.000000
-222   0.060000
-221   0.120000
-220   0.025000
-219  -0.050000
-218  -0.030000
-217  -0.025000
-216   0.010000
-215  -0.005000
-214  -0.080000
-213  -0.055000
-212  -0.030000
-211   0.020000
-210   0.135000
-209  -0.045000
-208   0.015000
-207  -0.020000
-206  -0.055000
-205   0.015000
-204  -0.030000
-203   0.025000
-202   0.010000
-201  -0.045000
-200   0.000000
-199   0.035000
-198  -0.035000
-197  -0.085000
-196  -0.060000
-195   0.010000
-194   0.035000
-193   0.065000
-192  -0.010000
-191  -0.070000
-190  -0.050000
-189  -0.045000
-188   0.060000
-187   0.050000
-186   0.025000
-185  -0.095000
-184   0.055000
-183  -0.015000
-182   0.030000
-181  -0.090000
-180  -0.025000
-179   0.025000
-178   0.010000
-177   0.055000
-176   0.025000
-175   0.020000
-174   0.045000
-173  -0.070000
-172  -0.035000
-171  -0.005000
-170   0.065000
-169   0.025000
-168   0.035000
-167   0.020000
-166   0.020000
-165   0.075000
-164  -0.030000
-163  -0.040000
-162   0.045000
-161  -0.030000
-160   0.010000
-159   0.015000
-158   0.080000
-157  -0.000000
-156  -0.095000
-155   0.090000
-154  -0.020000
-153   0.000000
-152  -0.015000
-151  -0.025000
-150   0.045000
-149   0.010000
-148   0.100000
-147   0.010000
-146   0.080000
-145   0.020000
-144   0.040000
-143  -0.060000
-142   0.005000
-141  -0.005000
-140   0.005000
-139  -0.095000
-138  -0.030000
-137   0.010000
-136  -0.105000
-135  -0.060000
-134   0.010000
-133  -0.030000
-132  -0.060000
-131  -0.025000
-130  -0.105000
-129   0.010000
-128  -0.040000
-127  -0.035000
-126  -0.060000
-125  -0.035000
-124   0.045000
-123   0.015000
-122   0.020000
-121  -0.025000
-120  -0.005000
-119  -0.010000
-118  -0.000000
-117  -0.035000
-116   0.055000
-115  -0.060000
-114  -0.025000
-113   0.100000
-112  -0.070000
-111  -0.030000
-110   0.045000
-109   0.000000
-108   0.065000
-107  -0.035000
-106   0.015000
-105  -0.000000
-104  -0.030000
-103   0.035000
-102   0.035000
-101  -0.015000
-100  -0.045000
-99  -0.005000
-98  -0.010000
-97  -0.030000
-96   0.010000
-95  -0.080000
-94  -0.060000
-93  -0.005000
-92  -0.015000
-91  -0.020000
-90  -0.055000
-89  -0.070000
-88   0.005000
-87   0.040000
-86  -0.035000
-85   0.050000
-84  -0.015000
-83  -0.015000
-82  -0.020000
-81   0.030000
-80  -0.015000
-79  -0.040000
-78   0.005000
-77  -0.075000
-76  -0.085000
-75  -0.015000
-74  -0.085000
-73  -0.010000
-72  -0.105000
-71  -0.065000
-70  -0.015000
-69   0.035000
-68  -0.035000
-67   0.010000
-66   0.035000
-65   0.055000
-64   0.055000
-63  -0.080000
-62  -0.040000
-61  -0.045000
-60   0.065000
-59  -0.025000
-58  -0.015000
-57  -0.035000
-56  -0.010000
-55  -0.060000
-54   0.035000
-53  -0.020000
-52   0.055000
-51   0.085000
-50   0.040000
-49   0.045000
-48  -0.010000
-47   0.035000
-46  -0.025000
-45  -0.050000
-44  -0.005000
-43  -0.055000
-42   0.020000
-41  -0.070000
-40   0.130000
-39   0.035000
-38   0.005000
-37   0.045000
-36  -0.015000
-35   0.100000
-34  -0.005000
-33   0.090000
-32   0.085000
-31   0.150000
-30   0.045000
-29  -0.035000
-28  -0.065000
-27  -0.035000
-26   0.045000
-25  -0.040000
-24  -0.030000
-23  -0.055000
-22   0.015000
-21   0.000000
-20   0.035000
-19  -0.005000
-18   0.040000
-17  -0.040000
-16  -0.065000
-15   0.035000
-14  -0.000000
-13   0.065000
-12   0.070000
-11   0.060000
-10   0.095000
-9  -0.085000
-8  -0.070000
-7  -0.030000
-6  -0.105000
-5   0.060000
-4   0.060000
-3  -0.075000
-2   0.030000
-1   0.025000
