0   0.090000
1  -0.040000
2  -0.120000
3  -0.035000
4  -0.025000
5   0.060000
6  -0.005000
7   0.055000
8  -0.025000
9  -0.040000
10  -0.075000
11  -0.005000
12   0.060000
13   0.080000
14   0.000000
15  -0.045000
16   0.120000
17  -0.040000
18   0.050000
19   0.030000
20  -0.100000
21  -0.000000
22  -0.040000
23   0.020000
24  -0.045000
25   0.055000
26   0.000000
27  -0.025000
28  -0.055000
29   0.060000
30  -0.060000
31   0.030000
32   0.020000
33   0.045000
34  -0.070000
35  -0.010000
36   0.050000
37  -0.055000
38   0.010000
39   0.020000
40   0.085000
41  -0.090000
42  -0.015000
43   0.005000
44  -0.030000
45  -0.110000
46   0.045000
47   0.035000
48  -0.035000
49  -0.010000
50   0.040000
51   0.030000
52  -0.030000
53  -0.010000
54  -0.025000
55   0.025000
56  -0.050000
57  -0.045000
58   0.030000
59   0.015000
60  -0.050000
61   0.020000
62  -0.080000
63  -0.070000
64   0.090000
65   0.035000
66   0.025000
67  -0.025000
68   0.085000
69   0.015000
70   0.055000
71  -0.060000
72   0.135000
73  -0.055000
74  -0.005000
75  -0.070000
76  -0.015000
77   0.035000
78  -0.120000
79  -0.025000
80   0.080000
81   0.020000
82  -0.005000
83   0.025000
84   0.015000
85  -0.075000
86  -0.075000
87  -0.025000
88  -0.145000
89  -0.055000
90   0.045000
91   0.010000
92  -0.030000
93   0.005000
94  -0.040000
95   0.065000
96   0.025000
97   0.025000
98  -0.030000
99  -0.045000
100   0.050000
101   0.060000
102  -0.055000
103  -0.015000
104  -0.005000
105  -0.065000
106   0.060000
107  -0.040000
108  -0.030000
109   0.005000
110  -0.010000
111   0.005000
112  -0.025000
113  -0.055000
114  -0.005000
115  -0.005000
116   0.035000
117  -0.000000
118   0.055000
119   0.025000
120   0.040000
121  -0.045000
122  -0.040000
123   0.070000
124   0.015000
125  -0.005000
126  -0.040000
127   0.040000
128   0.075000
129  -0.100000
130  -0.010000
131   0.030000
132   0.035000
133  -0.065000
134  -0.040000
135   0.035000
136  -0.040000
137   0.025000
138  -0.030000
139  -0.055000
140  -0.030000
141   0.110000
142  -0.025000
143   0.005000
144  -0.020000
145  -0.005000
146  -0.105000
147  -0.015000
148   0.025000
149  -0.055000
150   0.000000
151  -0.010000
152   0.035000
153   0.055000
154   0.030000
155   0.005000
156   0.040000
157   0.030000
158  -0.040000
159   0.085000
160   0.005000
161   0.040000
162  -0.030000
163   0.055000
164  -0.070000
165  -0.090000
166  -0.005000
167  -0.050000
168  -0.055000
169   0.050000
170  -0.040000
171   0.005000
172  -0.020000
173  -0.015000
174   0.065000
175  -0.020000
176   0.020000
177  -0.025000
178  -0.055000
179  -0.050000
180  -0.015000
181  -0.035000
182  -0.120000
183  -0.010000
184  -0.005000
185  -0.030000
186   0.065000
187   0.005000
188  -0.045000
189   0.015000
190  -0.080000
191   0.095000
192  -0.010000
193   0.050000
194  -0.040000
195   0.090000
196  -0.040000
197  -0.040000
198   0.050000
199  -0.010000
200  -0.005000
201  -0.015000
202  -0.010000
203   0.020000
204  -0.000000
205  -0.045000
206   0.010000
207  -0.020000
208  -0.110000
209   0.005000
210  -0.000000
211  -0.035000
212  -0.080000
213  -0.080000
214   0.050000
215   0.045000
216   0.015000
217   0.040000
218   0.010000
219  -0.005000
220   0.025000
221  -0.010000
222   0.065000
223   0.060000
224   0.040000
225  -0.055000
226   0.000000
227  -0.035000
228   0.015000
229   0.010000
230   0.035000
231   0.050000
232  -0.025000
233  -0.025000
234  -0.025000
235  -0.010000
236  -0.025000
237  -0.005000
238   0.005000
239   0.060000
240   0.030000
241   0.050000
242   0.075000
243   0.020000
244   0.025000
245   0.065000
246  -0.025000
247  -0.030000
248   0.020000
249   0.135000
250   0.045000
251   0.010000
252   0.035000
253   0.050000
254   0.045000
255   0.000000
256   0.065000
257   0.020000
258   0.035000
259  -0.075000
260   0.075000
261   0.010000
262  -0.025000
263  -0.000000
264  -0.010000
265  -0.010000
266   0.005000
267  -0.035000
268   0.080000
269   0.020000
270   0.035000
271  -0.040000
272  -0.035000
273  -0.025000
274   0.015000
275   0.005000
276  -0.005000
277   0.015000
278  -0.035000
279   0.010000
280  -0.040000
281   0.030000
282   0.055000
283  -0.015000
284  -0.025000
285   0.000000
286  -0.010000
287  -0.020000
288  -0.030000
289  -0.080000
290  -0.010000
291   0.045000
292  -0.100000
293   0.120000
294  -0.040000
295   0.120000
296   0.105000
297  -0.005000
298   0.040000
299   0.010000
300  -0.040000
301   0.050000
302  -0.050000
303   0.005000
304  -0.040000
305   0.005000
306   0.040000
307   0.005000
308   0.105000
309   0.040000
310  -0.030000
311  -0.055000
312  -0.050000
313  -0.020000
314   0.015000
315  -0.015000
316   0.025000
317  -0.020000
318   0.075000
319  -0.030000
320   0.020000
321   0.080000
322  -0.070000
323  -0.025000
324  -0.010000
325  -0.125000
326   0.005000
327  -0.065000
328   0.020000
329   0.015000
330  -0.010000
331   0.090000
332  -0.045000
333   0.005000
334  -0.035000
335  -0.020000
336  -0.065000
337  -0.055000
338   0.060000
339   0.000000
340   0.010000
341  -0.045000
342   0.070000
343  -0.040000
344   0.035000
345   0.025000
346  -0.035000
347  -0.070000
348  -0.030000
349  -0.075000
350  -0.050000
351  -0.055000
352   0.025000
353   0.010000
354  -0.035000
355  -0.010000
356   0.000000
357  -0.010000
358   0.015000
359  -0.025000
360  -0.040000
361   0.010000
362  -0.010000
363  -0.065000
364   0.020000
365  -0.040000
366  -0.170000
367   0.045000
368   0.025000
369   0.065000
370   0.005000
371  -0.015000
372   0.010000
373   0.115000
374  -0.080000
375   0.065000
376   0.030000
377  -0.040000
378  -0.025000
379   0.120000
380  -0.025000
381  -0.050000
382  -0.015000
383  -0.025000
384   0.010000
385  -0.015000
386  -0.060000
387   0.055000
388  -0.060000
389   0.045000
390  -0.005000
391  -0.005000
392  -0.065000
393  -0.035000
394  -0.080000
395   0.020000
396   0.100000
397   0.075000
398  -0.085000
399  -0.015000
400  -0.110000
401   0.025000
402  -0.040000
403  -0.015000
404   0.035000
405  -0.015000
406  -0.020000
407  -0.060000
408   0.005000
409  -0.045000
410  -0.055000
411   0.010000
412   0.015000
413  -0.110000
414   0.030000
415   0.025000
416  -0.020000
417   0.025000
418  -0.040000
419   0.005000
420  -0.035000
421   0.035000
422  -0.010000
423  -0.035000
424   0.015000
425  -0.020000
426   0.070000
427  -0.020000
428   0.015000
429  -0.055000
430  -0.030000
431   0.065000
432   0.025000
433   0.065000
434   0.055000
435   0.040000
436   0.000000
437   0.100000
438  -0.080000
439  -0.000000
440   0.045000
441  -0.020000
442  -0.055000
443  -0.045000
444   0.045000
445   0.070000
446   0.005000
447  -0.075000
448   0.115000
449   0.125000
450  -0.030000
451  -0.015000
452   0.020000
453   0.020000
454  -0.015000
455  -0.030000
456  -0.040000
457   0.110000
458   0.030000
459  -0.100000
460   0.005000
461  -0.020000
462   0.020000
463  -0.050000
464  -0.005000
465   0.020000
466  -0.010000
467  -0.010000
468   0.030000
469  -0.015000
470   0.005000
471  -0.090000
472  -0.140000
473  -0.020000
474   0.030000
475  -0.050000
476  -0.035000
477   0.025000
478  -0.040000
479   0.015000
480  -0.025000
481   0.040000
482   0.000000
483  -0.000000
484   0.060000
485   0.095000
486  -0.010000
487   0.000000
488  -0.010000
489  -0.035000
490   0.100000
491  -0.065000
492  -0.010000
493  -0.040000
494   0.045000
495  -0.065000
496  -0.045000
497   0.105000
498   0.015000
499   0.010000
500  -0.000000
-499   0.010000
-498   0.045000
-497   0.015000
-496   0.050000
-495  -0.050000
-494  -0.050000
-493   0.020000
-492  -0.070000
-491   0.065000
-490   0.035000
-489  -0.010000
-488   0.075000
-487  -0.000000
-486   0.010000
-485   0.030000
-484   0.050000
-483  -0.005000
-482   0.030000
-481   0.025000
-480   0.000000
-479  -0.010000
-478   0.090000
-477   0.065000
-476   0.080000
-475  -0.065000
-474  -0.030000
-473   0.095000
-472   0.055000
-471  -0.075000
-470   0.090000
-469   0.070000
-468  -0.070000
-467  -0.015000
-466  -0.010000
-465   0.030000
-464   0.115000
-463   0.005000
-462   0.035000
-461   0.060000
-460   0.035000
-459   0.020000
-458   0.050000
-457  -0.025000
-456  -0.025000
-455  -0.065000
-454  -0.025000
-453  -0.075000
-452   0.055000
-451  -0.075000
-450  -0.050000
-449  -0.050000
-448  -0.060000
-447  -0.010000
-446  -0.080000
-445   0.040000
-444  -0.020000
-443  -0.080000
-442   0.000000
-441  -0.035000
-440   0.020000
-439  -0.015000
-438   0.080000
-437   0.025000
-436   0.100000
-435  -0.050000
-434  -0.055000
-433   0.060000
-432   0.095000
-431  -0.080000
-430  -0.005000
-429   0.020000
-428   0.025000
-427  -0.055000
-426   0.005000
-425   0.020000
-424   0.000000
-423   0.040000
-422  -0.055000
-421  -0.010000
-420   0.030000
-419   0.020000
-418   0.040000
-417   0.015000
-416   0.095000
-415   0.020000
-414  -0.055000
-413  -0.085000
-412   0.075000
-411   0.030000
-410  -0.025000
-409  -0.090000
-408  -0.045000
-407   0.025000
-406  -0.000000
-405   0.040000
-404   0.070000
-403  -0.040000
-402  -0.060000
-401   0.065000
-400   0.075000
-399   0.065000
-398  -0.015000
-397  -0.015000
-396   0.095000
-395  -0.010000
-394   0.010000
-393  -0.010000
-392  -0.130000
-391   0.105000
-390  -0.020000
-389  -0.085000
-388   0.000000
-387   0.010000
-386   0.020000
-385   0.000000
-384  -0.085000
-383  -0.035000
-382   0.025000
-381   0.015000
-380   0.065000
-379   0.015000
-378   0.070000
-377  -0.020000
-376   0.040000
-375   0.045000
-374  -0.050000
-373   0.030000
-372   0.100000
-371  -0.115000
-370  -0.015000
-369  -0.045000
-368   0.020000
-367  -0.015000
-366  -0.040000
-365   0.080000
-364   0.080000
-363   0.010000
-362  -0.080000
-361  -0.015000
-360   0.025000
-359   0.010000
-358   0.045000
-357  -0.070000
-356  -0.010000
-355  -0.005000
-354  -0.025000
-353   0.000000
-352   0.005000
-351   0.090000
-350   0.090000
-349  -0.020000
-348   0.075000
-347  -0.005000
-346   0.010000
-345  -0.125000
-344  -0.010000
-343   0.035000
-342   0.110000
-341   0.025000
-340   0.050000
-339   0.045000
-338   0.060000
-337  -0.115000
-336  -0.035000
-335  -0.015000
-334  -0.025000
-333   0.010000
-332   0.145000
-331  -0.020000
-330  -0.010000
-329  -0.025000
-328   0.045000
-327   0.005000
-326   0.015000
-325   0.025000
-324   0.035000
-323  -0.000000
-322  -0.065000
-321   0.005000
-320   0.020000
-319   0.030000
-318   0.100000
-317  -0.005000
-316  -0.045000
-315  -0.010000
-314  -0.020000
-313  -0.045000
-312   0.095000
-311   0.060000
-310   0.030000
-309   0.035000
-308  -0.090000
-307   0.050000
-306  -0.020000
-305   0.030000
-304  -0.075000
-303   0.050000
-302   0.065000
-301  -0.000000
-300   0.075000
-299   0.025000
-298  -0.005000
-297  -0.030000
-296  -0.000000
-295  -0.075000
-294   0.000000
-293   0.085000
-292  -0.025000
-291   0.035000
-290   0.045000
-289   0.015000
-288  -0.020000
-287   0.055000
-286   0.060000
-285  -0.075000
-284  -0.030000
-283  -0.075000
-282  -0.015000
-281   0.020000
-280  -0.045000
-279  -0.005000
-278   0.065000
-277  -0.055000
-276  -0.100000
-275  -0.100000
-274   0.065000
-273   0.045000
-272  -0.020000
-271  -0.005000
-270   0.050000
-269   0.050000
-268  -0.120000
-267   0.035000
-266   0.040000
-265   0.060000
-264  -0.040000
-263   0.030000
-262  -0.000000
-261  -0.070000
-260  -0.040000
-259  -0.010000
-258   0.050000
-257   0.100000
-256   0.020000
-255   0.020000
-254   0.005000
-253  -0.080000
-252  -0.005000
-251   0.090000
-250   0.040000
-249  -0.040000
-248   0.025000
-247  -0.035000
-246   0.065000
-245   0.025000
-244  -0.010000
-243   0.040000
-242  -0.015000
-241   0.090000
-240  -0.005000
-239  -0.025000
-238   0.065000
-237   0.040000
-236   0.015000
-235  -0.005000
-234   0.020000
-233  -0.070000
-232  -0.060000
-231  -0.060000
-230  -0.015000
-229   0.045000
-228   0.035000
-227  -0.005000
-226   0.020000
-225  -0.070000
-224  -0.030000
-223   0.010000
-222  -0.015000
-221   0.060000
-220   0.040000
-219  -0.050000
-218  -0.030000
-217  -0.075000
-216   0.005000
-215   0.055000
-214  -0.055000
-213  -0.040000
-212   0.010000
-211  -0.050000
-210  -0.125000
-209   0.065000
-208   0.045000
-207  -0.075000
-206  -0.015000
-205  -0.045000
-204   0.040000
-203   0.010000
-202   0.035000
-201   0.030000
-200   0.020000
-199  -0.005000
-198  -0.080000
-197  -0.065000
-196   0.005000
-195   0.045000
-194  -0.075000
-193  -0.045000
-192   0.040000
-191   0.045000
-190   0.050000
-189   0.030000
-188  -0.045000
-187   0.035000
-186  -0.075000
-185   0.015000
-184   0.060000
-183  -0.005000
-182  -0.075000
-181  -0.005000
-180  -0.010000
-179   0.030000
-178  -0.055000
-177  -0.040000
-176  -0.070000
-175   0.020000
-174  -0.000000
-173   0.075000
-172   0.030000
-171   0.015000
-170  -0.015000
-169  -0.060000
-168   0.035000
-167  -0.090000
-166   0.025000
-165   0.045000
-164   0.040000
-163  -0.015000
-162   0.135000
-161  -0.020000
-160   0.055000
-159  -0.065000
-158   0.020000
-157   0.070000
-156   0.005000
-155   0.040000
-154   0.020000
-153   0.010000
-152  -0.045000
-151  -0.005000
-150   0.025000
-149   0.020000
-148  -0.000000
-147   0.020000
-146  -0.025000
-145  -0.035000
-144   0.025000
-143  -0.080000
-142   0.015000
-141  -0.080000
-140   0.020000
-139   0.005000
-138  -0.050000
-137   0.060000
-136  -0.060000
-135  -0.030000
-134  -0.020000
-133  -0.045000
-132   0.035000
-131   0.040000
-130   0.005000
-129  -0.050000
-128  -0.005000
-127  -0.055000
-126  -0.070000
-125   0.105000
-124   0.030000
-123  -0.045000
-122  -0.055000
-121   0.020000
-120   0.010000
-119  -0.015000
-118   0.020000
-117   0.015000
-116   0.015000
-115   0.000000
-114   0.020000
-113  -0.130000
-112  -0.090000
-111   0.075000
-110   0.060000
-109  -0.045000
-108  -0.065000
-107   0.075000
-106   0.005000
-105  -0.010000
-104  -0.005000
-103   0.000000
-102  -0.040000
-101  -0.020000
-100  -0.110000
-99   0.070000
-98  -0.120000
-97   0.030000
-96   0.020000
-95  -0.055000
-94   0.040000
-93   0.050000
-92   0.045000
-91   0.045000
-90   0.100000
-89   0.035000
-88  -0.045000
-87  -0.010000
-86  -0.040000
-85   0.040000
-84  -0.050000
-83   0.040000
-82   0.125000
-81  -0.005000
-80   0.035000
-79  -0.035000
-78   0.015000
-77   0.065000
-76  -0.030000
-75  -0.000000
-74   0.010000
-73   0.010000
-72  -0.050000
-71   0.055000
-70  -0.060000
-69  -0.015000
-68   0.020000
-67   0.045000
-66  -0.070000
-65   0.005000
-64  -0.020000
-63   0.005000
-62  -0.005000
-61  -0.010000
-60   0.000000
-59   0.040000
-58  -0.035000
-57  -0.015000
-56  -0.080000
-55   0.030000
-54   0.030000
-53   0.015000
-52  -0.100000
-51  -0.010000
-50   0.005000
-49   0.055000
-48   0.100000
-47   0.010000
-46  -0.045000
-45   0.005000
-44  -0.040000
-43   0.080000
-42  -0.030000
-41   0.010000
-40   0.050000
-39   0.010000
-38   0.040000
-37  -0.050000
-36   0.070000
-35   0.065000
-34  -0.000000
-33   0.005000
-32   0.025000
-31  -0.065000
-30  -0.015000
-29   0.025000
-28  -0.015000
-27  -0.000000
-26  -0.055000
-25  -0.020000
-24   0.050000
-23  -0.070000
-22  -0.005000
-21  -0.070000
-20   0.030000
-19   0.140000
-18   0.010000
-17  -0.010000
-16  -0.040000
-15   0.035000
-14   0.040000
-13   0.020000
-12   0.010000
-11   0.065000
-10  -0.015000
-9   0.065000
-8   0.015000
-7   0.050000
-6   0.065000
-5   0.015000
-4   0.000000
-3   0.000000
-2   0.035000
-1   0.015000
