0   0.020000
1  -0.085000
2   0.030000
3  -0.010000
4   0.060000
5   0.020000
6  -0.015000
7  -0.030000
8  -0.010000
9  -0.015000
10  -0.015000
11  -0.040000
12  -0.010000
13   0.100000
14  -0.000000
15  -0.065000
16   0.050000
17   0.015000
18  -0.020000
19  -0.005000
20   0.030000
21  -0.005000
22   0.010000
23   0.035000
24  -0.040000
25   0.045000
26   0.055000
27   0.020000
28   0.010000
29   0.030000
30  -0.070000
31  -0.060000
32   0.010000
33   0.020000
34   0.000000
35   0.040000
36  -0.045000
37   0.015000
38  -0.005000
39  -0.005000
40   0.015000
41  -0.100000
42  -0.055000
43   0.065000
44  -0.050000
45  -0.005000
46  -0.025000
47   0.035000
48   0.000000
49  -0.015000
50  -0.005000
51  -0.025000
52   0.010000
53  -0.005000
54  -0.025000
55   0.050000
56  -0.025000
57   0.005000
58  -0.010000
59  -0.010000
60   0.010000
61   0.110000
62   0.005000
63  -0.020000
64  -0.035000
65  -0.055000
66   0.035000
67   0.050000
68   0.035000
69   0.035000
70  -0.040000
71  -0.005000
72  -0.010000
73  -0.005000
74   0.040000
75  -0.030000
76   0.110000
77   0.025000
78  -0.000000
79   0.035000
80   0.045000
81  -0.110000
82  -0.085000
83  -0.025000
84  -0.025000
85  -0.020000
86  -0.010000
87  -0.035000
88  -0.055000
89   0.015000
90   0.015000
91  -0.020000
92   0.050000
93  -0.035000
94  -0.010000
95   0.050000
96  -0.010000
97   0.045000
98   0.005000
99   0.000000
100  -0.030000
101   0.020000
102   0.035000
103  -0.040000
104   0.005000
105  -0.055000
106   0.055000
107  -0.045000
108   0.025000
109   0.045000
110   0.040000
111   0.005000
112   0.060000
113   0.080000
114  -0.040000
115  -0.035000
116  -0.020000
117  -0.025000
118   0.080000
119  -0.005000
120   0.050000
121   0.025000
122   0.015000
123   0.095000
124   0.010000
125   0.030000
126  -0.010000
127   0.085000
128  -0.120000
129  -0.080000
130  -0.090000
131  -0.060000
132  -0.045000
133  -0.050000
134  -0.025000
135   0.020000
136   0.055000
137  -0.060000
138  -0.020000
139  -0.045000
140   0.000000
141  -0.050000
142  -0.005000
143  -0.045000
144  -0.065000
145   0.045000
146   0.000000
147   0.015000
148   0.045000
149   0.010000
150  -0.045000
151  -0.025000
152   0.030000
153   0.005000
154   0.055000
155   0.030000
156  -0.015000
157  -0.015000
158   0.000000
159   0.085000
160   0.025000
161   0.055000
162  -0.130000
163  -0.010000
164  -0.045000
165  -0.030000
166   0.050000
167  -0.005000
168   0.040000
169  -0.090000
170  -0.020000
171   0.045000
172  -0.070000
173   0.095000
174   0.020000
175  -0.025000
176   0.015000
177   0.070000
178   0.015000
179   0.030000
180   0.015000
181   0.075000
182   0.040000
183  -0.010000
184   0.010000
185  -0.010000
186  -0.055000
187   0.005000
188  -0.010000
189   0.085000
190   0.070000
191   0.070000
192  -0.010000
193   0.055000
194   0.015000
195   0.065000
196   0.005000
197  -0.085000
198   0.090000
199  -0.045000
200   0.005000
201  -0.005000
202   0.030000
203   0.050000
204   0.035000
205   0.020000
206  -0.045000
207   0.045000
208  -0.100000
209   0.020000
210   0.010000
211  -0.040000
212  -0.010000
213  -0.055000
214   0.015000
215  -0.065000
216  -0.005000
217  -0.010000
218  -0.020000
219   0.105000
220  -0.065000
221   0.015000
222  -0.040000
223  -0.065000
224  -0.015000
225   0.015000
226   0.135000
227   0.015000
228   0.025000
229   0.055000
230   0.025000
231   0.100000
232  -0.090000
233   0.060000
234   0.030000
235  -0.080000
236   0.040000
237   0.000000
238   0.075000
239   0.000000
240  -0.030000
241  -0.035000
242  -0.085000
243   0.005000
244  -0.035000
245  -0.040000
246  -0.055000
247  -0.045000
248  -0.005000
249  -0.015000
250  -0.050000
251   0.010000
252   0.045000
253  -0.035000
254   0.080000
255   0.010000
256   0.035000
257   0.060000
258   0.085000
259  -0.075000
260   0.010000
261  -0.010000
262  -0.015000
263  -0.015000
264   0.095000
265  -0.000000
266  -0.000000
267  -0.025000
268   0.005000
269   0.020000
270  -0.015000
271   0.020000
272   0.055000
273   0.080000
274  -0.010000
275  -0.040000
276   0.070000
277   0.000000
278  -0.010000
279   0.055000
280  -0.060000
281  -0.025000
282  -0.030000
283  -0.080000
284   0.015000
285  -0.030000
286   0.020000
287   0.065000
288  -0.005000
289  -0.030000
290   0.025000
291   0.085000
292  -0.085000
293  -0.010000
294  -0.045000
295  -0.045000
296   0.025000
297   0.025000
298  -0.050000
299   0.010000
300  -0.055000
301   0.015000
302  -0.015000
303   0.090000
304   0.080000
305  -0.070000
306   0.010000
307   0.010000
308  -0.060000
309  -0.035000
310  -0.035000
311   0.005000
312   0.115000
313  -0.035000
314  -0.035000
315  -0.010000
316  -0.045000
317  -0.140000
318  -0.010000
319   0.110000
320  -0.020000
321  -0.000000
322   0.055000
323  -0.055000
324  -0.030000
325   0.010000
326  -0.015000
327   0.040000
328  -0.055000
329  -0.010000
330   0.025000
331  -0.015000
332  -0.055000
333  -0.005000
334   0.015000
335   0.010000
336  -0.000000
337   0.020000
338  -0.070000
339   0.020000
340  -0.045000
341   0.090000
342   0.075000
343  -0.030000
344   0.030000
345   0.060000
346   0.035000
347   0.055000
348  -0.090000
349   0.030000
350  -0.075000
351   0.035000
352   0.025000
353   0.040000
354   0.075000
355  -0.065000
356   0.080000
357  -0.030000
358   0.140000
359  -0.005000
360  -0.020000
361  -0.020000
362  -0.015000
363  -0.060000
364  -0.105000
365  -0.020000
366  -0.060000
367   0.025000
368  -0.020000
369  -0.045000
370   0.070000
371   0.090000
372  -0.080000
373  -0.000000
374  -0.005000
375  -0.005000
376   0.065000
377   0.055000
378   0.045000
379  -0.050000
380  -0.005000
381  -0.085000
382  -0.015000
383   0.050000
384   0.065000
385   0.045000
386   0.010000
387  -0.070000
388   0.035000
389   0.045000
390  -0.070000
391   0.070000
392  -0.020000
393  -0.030000
394   0.020000
395   0.025000
396  -0.015000
397  -0.015000
398  -0.000000
399   0.060000
400  -0.070000
401   0.070000
402  -0.075000
403   0.070000
404   0.020000
405   0.025000
406  -0.000000
407  -0.015000
408   0.055000
409   0.045000
410  -0.030000
411   0.030000
412  -0.020000
413  -0.080000
414   0.025000
415   0.010000
416  -0.050000
417   0.020000
418   0.085000
419   0.090000
420  -0.075000
421  -0.070000
422  -0.055000
423  -0.005000
424   0.005000
425   0.130000
426  -0.005000
427   0.020000
428   0.010000
429   0.095000
430   0.010000
431   0.045000
432  -0.010000
433  -0.010000
434   0.020000
435  -0.030000
436  -0.035000
437  -0.040000
438  -0.010000
439   0.030000
440   0.020000
441   0.005000
442   0.020000
443   0.015000
444   0.060000
445  -0.015000
446  -0.045000
447  -0.035000
448   0.065000
449  -0.010000
450  -0.035000
451  -0.040000
452  -0.070000
453  -0.100000
454   0.055000
455  -0.075000
456  -0.025000
457  -0.015000
458  -0.050000
459   0.050000
460   0.005000
461   0.020000
462   0.020000
463   0.125000
464   0.035000
465   0.025000
466  -0.005000
467  -0.015000
468  -0.035000
469   0.075000
470   0.020000
471  -0.075000
472   0.110000
473   0.050000
474  -0.015000
475  -0.045000
476  -0.005000
477   0.025000
478   0.085000
479  -0.020000
480   0.025000
481   0.035000
482  -0.050000
483  -0.040000
484  -0.000000
485   0.045000
486  -0.010000
487   0.045000
488   0.040000
489  -0.030000
490  -0.020000
491   0.005000
492  -0.005000
493  -0.070000
494   0.055000
495  -0.030000
496  -0.005000
497  -0.015000
498   0.025000
499  -0.065000
500   0.030000
-499   0.015000
-498   0.030000
-497  -0.020000
-496  -0.030000
-495   0.010000
-494  -0.050000
-493  -0.005000
-492  -0.090000
-491   0.100000
-490   0.020000
-489   0.075000
-488  -0.070000
-487  -0.030000
-486  -0.020000
-485   0.070000
-484   0.035000
-483  -0.030000
-482   0.040000
-481  -0.055000
-480  -0.055000
-479  -0.030000
-478  -0.010000
-477   0.095000
-476  -0.030000
-475   0.010000
-474  -0.010000
-473  -0.010000
-472   0.105000
-471  -0.085000
-470   0.015000
-469   0.090000
-468   0.085000
-467  -0.040000
-466   0.050000
-465  -0.095000
-464   0.000000
-463   0.005000
-462  -0.035000
-461  -0.050000
-460   0.035000
-459   0.060000
-458  -0.020000
-457   0.065000
-456  -0.005000
-455   0.040000
-454  -0.025000
-453   0.065000
-452   0.085000
-451  -0.040000
-450   0.020000
-449   0.030000
-448   0.010000
-447   0.085000
-446   0.065000
-445   0.105000
-444   0.060000
-443   0.030000
-442   0.035000
-441  -0.100000
-440   0.005000
-439  -0.045000
-438  -0.030000
-437   0.010000
-436   0.040000
-435   0.025000
-434   0.030000
-433  -0.070000
-432  -0.050000
-431   0.035000
-430  -0.065000
-429   0.035000
-428   0.035000
-427  -0.045000
-426  -0.060000
-425  -0.020000
-424  -0.050000
-423  -0.070000
-422  -0.000000
-421   0.020000
-420   0.045000
-419   0.055000
-418  -0.020000
-417   0.020000
-416  -0.005000
-415   0.035000
-414   0.095000
-413  -0.005000
-412  -0.030000
-411   0.030000
-410  -0.070000
-409   0.005000
-408   0.045000
-407  -0.035000
-406   0.050000
-405   0.025000
-404  -0.060000
-403  -0.030000
-402   0.055000
-401  -0.035000
-400  -0.090000
-399  -0.055000
-398  -0.025000
-397  -0.025000
-396   0.010000
-395   0.030000
-394  -0.070000
-393  -0.010000
-392  -0.015000
-391   0.020000
-390   0.015000
-389   0.020000
-388   0.030000
-387   0.005000
-386   0.000000
-385   0.005000
-384  -0.030000
-383  -0.065000
-382  -0.030000
-381   0.060000
-380  -0.055000
-379   0.105000
-378  -0.125000
-377   0.055000
-376   0.080000
-375  -0.060000
-374  -0.060000
-373   0.000000
-372  -0.080000
-371   0.040000
-370   0.070000
-369  -0.040000
-368  -0.015000
-367  -0.060000
-366   0.065000
-365   0.010000
-364  -0.070000
-363   0.000000
-362   0.035000
-361  -0.070000
-360  -0.010000
-359   0.105000
-358   0.000000
-357   0.040000
-356  -0.035000
-355   0.025000
-354   0.090000
-353  -0.050000
-352  -0.040000
-351  -0.080000
-350   0.015000
-349   0.075000
-348  -0.060000
-347   0.045000
-346  -0.030000
-345  -0.020000
-344  -0.050000
-343  -0.025000
-342   0.035000
-341  -0.010000
-340  -0.025000
-339  -0.070000
-338   0.020000
-337   0.040000
-336   0.045000
-335   0.030000
-334   0.040000
-333   0.005000
-332  -0.030000
-331   0.010000
-330   0.020000
-329   0.065000
-328   0.010000
-327  -0.035000
-326   0.020000
-325  -0.040000
-324   0.055000
-323  -0.015000
-322  -0.015000
-321   0.090000
-320   0.085000
-319   0.005000
-318  -0.045000
-317   0.035000
-316   0.075000
-315   0.005000
-314  -0.000000
-313   0.075000
-312  -0.020000
-311   0.025000
-310   0.015000
-309   0.040000
-308  -0.080000
-307   0.040000
-306   0.055000
-305   0.040000
-304  -0.070000
-303  -0.005000
-302  -0.015000
-301   0.025000
-300  -0.030000
-299  -0.070000
-298   0.040000
-297  -0.080000
-296  -0.055000
-295   0.040000
-294   0.050000
-293   0.025000
-292  -0.055000
-291  -0.060000
-290  -0.010000
-289  -0.055000
-288  -0.050000
-287  -0.015000
-286   0.000000
-285  -0.005000
-284   0.105000
-283   0.025000
-282  -0.020000
-281  -0.045000
-280  -0.040000
-279  -0.005000
-278   0.030000
-277  -0.050000
-276  -0.065000
-275   0.010000
-274  -0.065000
-273   0.015000
-272   0.095000
-271   0.000000
-270  -0.045000
-269   0.060000
-268   0.035000
-267   0.005000
-266   0.040000
-265   0.050000
-264   0.060000
-263  -0.085000
-262   0.020000
-261   0.080000
-260  -0.045000
-259  -0.065000
-258  -0.005000
-257   0.040000
-256   0.015000
-255  -0.030000
-254   0.025000
-253   0.065000
-252   0.010000
-251   0.070000
-250   0.010000
-249  -0.060000
-248   0.050000
-247   0.070000
-246  -0.045000
-245   0.040000
-244  -0.015000
-243   0.110000
-242  -0.015000
-241  -0.060000
-240  -0.105000
-239   0.045000
-238   0.045000
-237  -0.020000
-236  -0.025000
-235  -0.105000
-234  -0.070000
-233   0.000000
-232   0.055000
-231  -0.015000
-230  -0.030000
-229   0.015000
-228  -0.065000
-227  -0.060000
-226  -0.075000
-225   0.005000
-224   0.030000
-223  -0.030000
-222  -0.020000
-221  -0.090000
-220   0.075000
-219  -0.030000
-218   0.050000
-217  -0.010000
-216   0.020000
-215  -0.085000
-214  -0.145000
-213  -0.035000
-212  -0.035000
-211   0.020000
-210   0.015000
-209   0.035000
-208   0.020000
-207  -0.050000
-206   0.030000
-205  -0.085000
-204   0.050000
-203   0.035000
-202  -0.100000
-201   0.015000
-200   0.040000
-199   0.090000
-198  -0.010000
-197  -0.030000
-196  -0.000000
-195  -0.010000
-194   0.025000
-193   0.080000
-192   0.040000
-191   0.040000
-190   0.000000
-189   0.040000
-188   0.000000
-187  -0.050000
-186  -0.080000
-185  -0.025000
-184   0.050000
-183  -0.020000
-182   0.005000
-181   0.030000
-180   0.035000
-179   0.025000
-178   0.040000
-177   0.015000
-176   0.010000
-175  -0.025000
-174   0.010000
-173  -0.000000
-172   0.040000
-171  -0.010000
-170  -0.000000
-169   0.065000
-168  -0.020000
-167   0.030000
-166   0.035000
-165   0.010000
-164   0.030000
-163  -0.005000
-162   0.060000
-161  -0.000000
-160  -0.030000
-159  -0.005000
-158  -0.030000
-157   0.030000
-156  -0.005000
-155   0.005000
-154  -0.055000
-153  -0.045000
-152  -0.030000
-151   0.050000
-150   0.010000
-149   0.025000
-148  -0.070000
-147  -0.095000
-146   0.040000
-145  -0.005000
-144   0.050000
-143  -0.045000
-142  -0.025000
-141  -0.015000
-140  -0.090000
-139  -0.075000
-138  -0.045000
-137  -0.005000
-136   0.025000
-135  -0.065000
-134  -0.005000
-133  -0.040000
-132  -0.060000
-131  -0.055000
-130   0.050000
-129   0.055000
-128  -0.040000
-127   0.065000
-126   0.065000
-125   0.015000
-124  -0.020000
-123  -0.010000
-122  -0.045000
-121   0.050000
-120  -0.005000
-119   0.045000
-118   0.000000
-117  -0.010000
-116  -0.010000
-115  -0.020000
-114   0.030000
-113  -0.005000
-112  -0.085000
-111   0.005000
-110  -0.025000
-109   0.050000
-108  -0.040000
-107  -0.065000
-106   0.015000
-105   0.040000
-104  -0.020000
-103  -0.030000
-102  -0.050000
-101  -0.030000
-100  -0.015000
-99  -0.045000
-98   0.035000
-97  -0.015000
-96   0.030000
-95  -0.015000
-94  -0.035000
-93   0.045000
-92  -0.070000
-91   0.005000
-90  -0.095000
-89   0.060000
-88  -0.035000
-87  -0.100000
-86  -0.010000
-85   0.060000
-84   0.015000
-83  -0.010000
-82  -0.040000
-81   0.065000
-80   0.050000
-79   0.080000
-78   0.055000
-77  -0.005000
-76   0.040000
-75   0.030000
-74   0.000000
-73   0.025000
-72  -0.040000
-71   0.030000
-70  -0.040000
-69  -0.040000
-68  -0.005000
-67  -0.035000
-66   0.005000
-65  -0.000000
-64   0.020000
-63  -0.060000
-62  -0.005000
-61  -0.050000
-60   0.015000
-59  -0.015000
-58   0.020000
-57   0.000000
-56   0.005000
-55  -0.025000
-54  -0.020000
-53   0.005000
-52   0.005000
-51  -0.100000
-50  -0.060000
-49   0.015000
-48  -0.025000
-47   0.085000
-46   0.065000
-45  -0.085000
-44   0.030000
-43  -0.045000
-42  -0.015000
-41   0.075000
-40  -0.135000
-39  -0.060000
-38   0.010000
-37  -0.010000
-36  -0.110000
-35  -0.060000
-34  -0.025000
-33  -0.055000
-32   0.080000
-31  -0.015000
-30  -0.120000
-29   0.025000
-28  -0.035000
-27  -0.035000
-26  -0.085000
-25  -0.035000
-24   0.035000
-23   0.005000
-22   0.090000
-21   0.045000
-20   0.070000
-19  -0.135000
-18  -0.025000
-17   0.015000
-16   0.015000
-15  -0.040000
-14  -0.040000
-13   0.010000
-12   0.010000
-11   0.085000
-10   0.005000
-9  -0.015000
-8   0.010000
-7  -0.095000
-6   0.065000
-5  -0.045000
-4   0.055000
-3   0.015000
-2   0.030000
-1  -0.055000
