0  -0.120000
1   0.005000
2  -0.030000
3   0.010000
4  -0.050000
5  -0.035000
6  -0.075000
7  -0.080000
8   0.075000
9   0.030000
10  -0.105000
11  -0.045000
12   0.010000
13   0.020000
14  -0.005000
15   0.000000
16  -0.070000
17  -0.115000
18  -0.040000
19  -0.010000
20   0.090000
21  -0.070000
22  -0.030000
23   0.045000
24   0.035000
25  -0.065000
26  -0.010000
27  -0.085000
28   0.100000
29   0.010000
30   0.030000
31  -0.080000
32  -0.010000
33   0.015000
34  -0.070000
35  -0.025000
36  -0.035000
37   0.040000
38   0.005000
39   0.010000
40  -0.010000
41  -0.025000
42  -0.110000
43  -0.010000
44   0.065000
45   0.035000
46  -0.025000
47   0.020000
48   0.015000
49   0.030000
50   0.025000
51   0.005000
52   0.045000
53  -0.055000
54   0.075000
55   0.040000
56  -0.035000
57   0.035000
58   0.005000
59  -0.015000
60  -0.100000
61   0.005000
62   0.055000
63  -0.065000
64  -0.010000
65  -0.000000
66   0.035000
67  -0.010000
68   0.030000
69   0.035000
70  -0.040000
71   0.000000
72   0.020000
73   0.055000
74  -0.030000
75   0.030000
76   0.070000
77  -0.045000
78  -0.045000
79   0.060000
80  -0.070000
81   0.040000
82   0.045000
83   0.040000
84   0.065000
85   0.015000
86  -0.000000
87   0.030000
88  -0.075000
89   0.040000
90  -0.015000
91   0.015000
92   0.035000
93  -0.035000
94  -0.065000
95  -0.020000
96  -0.035000
97  -0.055000
98   0.100000
99   0.065000
100  -0.050000
101  -0.035000
102  -0.000000
103  -0.050000
104   0.005000
105  -0.070000
106  -0.055000
107   0.055000
108  -0.040000
109  -0.050000
110   0.005000
111  -0.015000
112   0.120000
113  -0.030000
114  -0.125000
115  -0.050000
116   0.075000
117  -0.065000
118   0.025000
119  -0.070000
120  -0.005000
121   0.010000
122   0.025000
123   0.055000
124   0.080000
125  -0.045000
126   0.040000
127   0.010000
128   0.045000
129   0.015000
130   0.025000
131   0.070000
132   0.025000
133  -0.005000
134   0.035000
135  -0.095000
136   0.005000
137  -0.105000
138   0.085000
139   0.015000
140  -0.020000
141  -0.095000
142   0.010000
143  -0.025000
144  -0.045000
145  -0.040000
146   0.040000
147   0.010000
148   0.030000
149  -0.065000
150   0.110000
151   0.040000
152   0.090000
153  -0.010000
154   0.030000
155   0.000000
156  -0.045000
157  -0.040000
158  -0.005000
159  -0.020000
160  -0.060000
161   0.000000
162   0.035000
163   0.065000
164  -0.020000
165  -0.020000
166  -0.015000
167  -0.025000
168  -0.025000
169  -0.025000
170   0.025000
171   0.005000
172   0.045000
173  -0.020000
174   0.040000
175  -0.015000
176  -0.035000
177   0.020000
178  -0.065000
179   0.035000
180   0.105000
181   0.000000
182   0.000000
183   0.065000
184   0.060000
185  -0.030000
186   0.040000
187   0.035000
188  -0.120000
189   0.035000
190   0.025000
191   0.025000
192   0.010000
193   0.055000
194   0.050000
195   0.025000
196  -0.095000
197  -0.065000
198   0.015000
199  -0.045000
200  -0.075000
201   0.080000
202   0.030000
203  -0.015000
204   0.095000
205   0.030000
206  -0.000000
207   0.020000
208   0.020000
209   0.050000
210  -0.110000
211  -0.035000
212  -0.040000
213   0.020000
214   0.005000
215  -0.015000
216   0.005000
217   0.010000
218   0.115000
219  -0.055000
220  -0.055000
221  -0.045000
222   0.115000
223  -0.050000
224  -0.025000
225  -0.010000
226   0.000000
227   0.005000
228   0.050000
229  -0.005000
230   0.015000
231   0.035000
232   0.035000
233  -0.030000
234  -0.035000
235  -0.055000
236  -0.020000
237   0.010000
238  -0.105000
239  -0.005000
240   0.015000
241   0.045000
242   0.105000
243   0.015000
244  -0.035000
245   0.020000
246  -0.020000
247  -0.010000
248  -0.030000
249   0.070000
250  -0.070000
251  -0.015000
252  -0.065000
253  -0.000000
254   0.010000
255  -0.045000
256  -0.005000
257   0.015000
258   0.055000
259   0.060000
260  -0.025000
261   0.070000
262  -0.055000
263  -0.045000
264   0.080000
265   0.045000
266   0.020000
267  -0.025000
268  -0.035000
269  -0.060000
270  -0.015000
271   0.030000
272  -0.020000
273  -0.020000
274   0.030000
275   0.075000
276   0.055000
277   0.125000
278   0.050000
279  -0.025000
280   0.060000
281   0.030000
282   0.035000
283   0.085000
284  -0.025000
285  -0.045000
286   0.080000
287  -0.075000
288  -0.060000
289  -0.010000
290  -0.025000
291  -0.060000
292  -0.050000
293  -0.030000
294   0.055000
295   0.025000
296   0.005000
297   0.075000
298  -0.015000
299   0.000000
300   0.005000
301  -0.070000
302  -0.030000
303  -0.085000
304  -0.020000
305   0.035000
306  -0.050000
307   0.025000
308   0.070000
309  -0.045000
310  -0.045000
311  -0.020000
312   0.015000
313  -0.065000
314  -0.050000
315   0.015000
316   0.035000
317   0.035000
318  -0.050000
319   0.040000
320  -0.080000
321  -0.045000
322  -0.005000
323  -0.080000
324  -0.020000
325   0.090000
326   0.100000
327   0.130000
328  -0.045000
329   0.020000
330   0.050000
331   0.080000
332   0.000000
333   0.020000
334   0.035000
335  -0.015000
336  -0.040000
337  -0.075000
338   0.055000
339   0.005000
340   0.005000
341  -0.015000
342   0.055000
343   0.015000
344  -0.010000
345  -0.005000
346   0.010000
347  -0.035000
348   0.065000
349  -0.040000
350   0.000000
351   0.005000
352  -0.025000
353  -0.035000
354   0.050000
355  -0.010000
356   0.040000
357  -0.025000
358  -0.040000
359   0.030000
360   0.035000
361   0.035000
362  -0.020000
363  -0.035000
364   0.025000
365  -0.040000
366   0.015000
367  -0.030000
368  -0.010000
369   0.020000
370  -0.030000
371   0.015000
372  -0.000000
373  -0.035000
374   0.005000
375  -0.010000
376  -0.005000
377   0.010000
378  -0.040000
379   0.030000
380  -0.005000
381  -0.105000
382  -0.085000
383  -0.020000
384  -0.115000
385   0.055000
386   0.005000
387   0.045000
388   0.000000
389  -0.005000
390   0.030000
391   0.015000
392  -0.070000
393  -0.075000
394  -0.025000
395  -0.035000
396  -0.090000
397   0.035000
398  -0.035000
399   0.005000
400  -0.045000
401   0.095000
402   0.010000
403   0.015000
404  -0.015000
405  -0.030000
406   0.015000
407   0.005000
408  -0.005000
409  -0.065000
410  -0.055000
411  -0.040000
412   0.070000
413   0.045000
414  -0.085000
415   0.035000
416  -0.125000
417  -0.045000
418   0.030000
419  -0.075000
420  -0.040000
421  -0.050000
422  -0.020000
423  -0.075000
424   0.020000
425   0.035000
426   0.020000
427   0.010000
428  -0.010000
429   0.090000
430  -0.020000
431   0.065000
432   0.060000
433  -0.015000
434  -0.045000
435  -0.000000
436   0.020000
437   0.005000
438  -0.010000
439  -0.135000
440   0.005000
441  -0.045000
442   0.015000
443  -0.030000
444  -0.005000
445   0.010000
446   0.020000
447   0.010000
448   0.010000
449  -0.000000
450   0.045000
451  -0.030000
452  -0.005000
453  -0.090000
454  -0.035000
455  -0.050000
456  -0.020000
457  -0.070000
458  -0.035000
459   0.055000
460  -0.035000
461  -0.025000
462   0.070000
463  -0.065000
464   0.005000
465  -0.010000
466   0.010000
467  -0.010000
468   0.000000
469  -0.040000
470  -0.005000
471   0.010000
472   0.035000
473   0.020000
474   0.055000
475  -0.050000
476   0.065000
477   0.030000
478   0.005000
479  -0.065000
480  -0.035000
481   0.010000
482   0.070000
483  -0.010000
484   0.020000
485   0.025000
486   0.035000
487   0.090000
488  -0.055000
489  -0.015000
490   0.035000
491  -0.040000
492   0.090000
493   0.015000
494   0.030000
495   0.010000
496   0.040000
497   0.030000
498   0.045000
499   0.115000
500   0.095000
-499   0.030000
-498  -0.050000
-497  -0.015000
-496  -0.060000
-495   0.035000
-494   0.105000
-493   0.005000
-492   0.030000
-491  -0.050000
-490  -0.070000
-489  -0.125000
-488   0.005000
-487   0.030000
-486  -0.035000
-485   0.010000
-484   0.010000
-483   0.005000
-482  -0.005000
-481  -0.060000
-480   0.085000
-479  -0.025000
-478  -0.005000
-477   0.005000
-476  -0.010000
-475   0.010000
-474   0.020000
-473   0.025000
-472   0.050000
-471  -0.010000
-470  -0.040000
-469   0.095000
-468   0.080000
-467   0.010000
-466   0.065000
-465  -0.030000
-464  -0.005000
-463   0.005000
-462  -0.020000
-461   0.060000
-460   0.010000
-459  -0.035000
-458   0.050000
-457   0.050000
-456   0.065000
-455   0.015000
-454  -0.005000
-453   0.050000
-452  -0.045000
-451   0.030000
-450  -0.060000
-449   0.000000
-448   0.055000
-447   0.075000
-446   0.020000
-445   0.040000
-444   0.005000
-443  -0.060000
-442   0.090000
-441  -0.005000
-440   0.080000
-439  -0.005000
-438   0.060000
-437   0.030000
-436  -0.065000
-435  -0.085000
-434   0.010000
-433  -0.045000
-432  -0.035000
-431   0.070000
-430  -0.005000
-429   0.010000
-428   0.015000
-427  -0.025000
-426  -0.030000
-425  -0.005000
-424   0.045000
-423   0.080000
-422  -0.120000
-421  -0.060000
-420   0.065000
-419  -0.030000
-418   0.050000
-417  -0.015000
-416   0.010000
-415   0.095000
-414  -0.080000
-413  -0.060000
-412  -0.045000
-411  -0.040000
-410   0.045000
-409  -0.050000
-408   0.085000
-407  -0.015000
-406   0.125000
-405   0.000000
-404   0.010000
-403  -0.040000
-402  -0.070000
-401   0.075000
-400  -0.085000
-399   0.095000
-398   0.020000
-397   0.000000
-396   0.055000
-395   0.000000
-394  -0.025000
-393  -0.065000
-392   0.005000
-391  -0.010000
-390  -0.020000
-389  -0.005000
-388  -0.035000
-387  -0.015000
-386  -0.055000
-385  -0.030000
-384   0.080000
-383   0.005000
-382  -0.025000
-381  -0.065000
-380  -0.065000
-379   0.045000
-378  -0.005000
-377  -0.005000
-376  -0.010000
-375   0.060000
-374  -0.025000
-373   0.015000
-372  -0.020000
-371  -0.020000
-370  -0.010000
-369  -0.005000
-368  -0.035000
-367   0.080000
-366   0.020000
-365   0.045000
-364  -0.055000
-363   0.020000
-362   0.110000
-361  -0.065000
-360  -0.035000
-359  -0.080000
-358   0.030000
-357  -0.035000
-356  -0.035000
-355  -0.020000
-354   0.020000
-353  -0.025000
-352  -0.015000
-351  -0.045000
-350   0.000000
-349  -0.025000
-348  -0.005000
-347   0.040000
-346   0.040000
-345  -0.065000
-344   0.095000
-343   0.020000
-342  -0.055000
-341  -0.070000
-340  -0.055000
-339   0.090000
-338  -0.060000
-337   0.150000
-336  -0.075000
-335  -0.045000
-334   0.015000
-333  -0.100000
-332  -0.115000
-331   0.025000
-330   0.100000
-329   0.010000
-328  -0.030000
-327  -0.080000
-326  -0.030000
-325   0.020000
-324   0.065000
-323  -0.040000
-322   0.030000
-321   0.070000
-320  -0.020000
-319  -0.075000
-318   0.015000
-317  -0.085000
-316   0.010000
-315   0.000000
-314   0.045000
-313   0.020000
-312  -0.005000
-311   0.055000
-310   0.035000
-309  -0.035000
-308  -0.015000
-307   0.095000
-306   0.080000
-305   0.045000
-304   0.015000
-303   0.005000
-302  -0.090000
-301  -0.040000
-300  -0.115000
-299   0.030000
-298  -0.025000
-297   0.030000
-296   0.005000
-295  -0.045000
-294   0.005000
-293  -0.000000
-292  -0.035000
-291  -0.025000
-290   0.065000
-289   0.065000
-288  -0.020000
-287   0.040000
-286  -0.045000
-285   0.010000
-284  -0.080000
-283   0.045000
-282   0.025000
-281  -0.170000
-280   0.015000
-279   0.110000
-278  -0.025000
-277   0.030000
-276   0.020000
-275   0.010000
-274   0.020000
-273  -0.010000
-272  -0.030000
-271   0.020000
-270  -0.105000
-269  -0.040000
-268   0.105000
-267  -0.110000
-266   0.000000
-265  -0.020000
-264   0.025000
-263  -0.020000
-262  -0.070000
-261  -0.015000
-260  -0.045000
-259  -0.085000
-258  -0.045000
-257  -0.020000
-256   0.090000
-255   0.025000
-254  -0.015000
-253  -0.075000
-252  -0.040000
-251  -0.075000
-250   0.015000
-249  -0.130000
-248  -0.055000
-247  -0.010000
-246   0.035000
-245   0.015000
-244   0.010000
-243  -0.010000
-242  -0.010000
-241  -0.070000
-240  -0.065000
-239   0.025000
-238   0.015000
-237   0.010000
-236  -0.020000
-235   0.025000
-234  -0.040000
-233   0.035000
-232  -0.095000
-231   0.000000
-230   0.065000
-229   0.025000
-228  -0.030000
-227   0.000000
-226  -0.045000
-225  -0.030000
-224  -0.050000
-223   0.115000
-222   0.030000
-221   0.025000
-220  -0.030000
-219  -0.110000
-218  -0.090000
-217  -0.030000
-216  -0.040000
-215  -0.015000
-214   0.010000
-213  -0.010000
-212   0.005000
-211  -0.035000
-210   0.010000
-209  -0.015000
-208   0.005000
-207   0.030000
-206  -0.035000
-205   0.015000
-204   0.060000
-203  -0.005000
-202  -0.010000
-201   0.060000
-200   0.065000
-199   0.025000
-198   0.055000
-197   0.005000
-196   0.025000
-195   0.130000
-194  -0.040000
-193   0.055000
-192   0.100000
-191   0.065000
-190  -0.025000
-189  -0.045000
-188   0.030000
-187  -0.020000
-186  -0.005000
-185   0.025000
-184  -0.105000
-183  -0.115000
-182   0.125000
-181  -0.030000
-180  -0.045000
-179  -0.030000
-178   0.090000
-177  -0.020000
-176  -0.040000
-175  -0.015000
-174  -0.015000
-173   0.030000
-172   0.055000
-171  -0.025000
-170  -0.015000
-169   0.030000
-168  -0.010000
-167   0.125000
-166  -0.050000
-165  -0.075000
-164  -0.040000
-163   0.045000
-162   0.005000
-161   0.005000
-160   0.035000
-159  -0.030000
-158  -0.070000
-157  -0.060000
-156  -0.020000
-155   0.065000
-154  -0.010000
-153   0.110000
-152   0.005000
-151  -0.035000
-150   0.035000
-149  -0.020000
-148  -0.035000
-147   0.035000
-146  -0.010000
-145   0.025000
-144  -0.015000
-143  -0.010000
-142  -0.055000
-141  -0.040000
-140   0.020000
-139  -0.005000
-138   0.050000
-137  -0.005000
-136   0.060000
-135  -0.055000
-134   0.005000
-133  -0.035000
-132  -0.005000
-131  -0.020000
-130   0.025000
-129  -0.005000
-128  -0.005000
-127   0.010000
-126  -0.025000
-125  -0.020000
-124  -0.035000
-123   0.065000
-122   0.055000
-121   0.060000
-120  -0.020000
-119   0.030000
-118  -0.085000
-117   0.060000
-116   0.080000
-115  -0.075000
-114  -0.005000
-113   0.000000
-112  -0.050000
-111  -0.115000
-110   0.115000
-109  -0.035000
-108   0.060000
-107   0.105000
-106   0.050000
-105  -0.005000
-104  -0.030000
-103  -0.105000
-102   0.010000
-101   0.020000
-100  -0.030000
-99  -0.050000
-98   0.035000
-97  -0.010000
-96  -0.070000
-95   0.005000
-94   0.015000
-93  -0.025000
-92   0.020000
-91   0.135000
-90   0.005000
-89  -0.040000
-88   0.010000
-87   0.075000
-86  -0.030000
-85  -0.105000
-84   0.090000
-83  -0.005000
-82   0.100000
-81   0.035000
-80  -0.030000
-79  -0.005000
-78   0.030000
-77   0.040000
-76  -0.045000
-75  -0.025000
-74  -0.080000
-73   0.115000
-72   0.020000
-71  -0.090000
-70  -0.080000
-69  -0.050000
-68   0.015000
-67   0.060000
-66   0.050000
-65  -0.145000
-64   0.030000
-63  -0.065000
-62   0.010000
-61  -0.035000
-60   0.010000
-59   0.030000
-58   0.030000
-57   0.015000
-56  -0.025000
-55  -0.015000
-54  -0.040000
-53  -0.055000
-52  -0.020000
-51   0.055000
-50  -0.030000
-49   0.115000
-48  -0.065000
-47  -0.010000
-46   0.030000
-45   0.005000
-44  -0.070000
-43  -0.010000
-42   0.075000
-41  -0.025000
-40   0.065000
-39  -0.095000
-38   0.055000
-37   0.025000
-36   0.090000
-35   0.005000
-34  -0.010000
-33  -0.010000
-32  -0.030000
-31  -0.040000
-30  -0.015000
-29   0.055000
-28  -0.035000
-27  -0.035000
-26  -0.095000
-25   0.050000
-24  -0.145000
-23   0.035000
-22   0.025000
-21   0.020000
-20   0.055000
-19  -0.015000
-18   0.040000
-17   0.070000
-16   0.025000
-15  -0.050000
-14   0.030000
-13  -0.035000
-12   0.130000
-11   0.020000
-10   0.080000
-9   0.090000
-8  -0.060000
-7  -0.015000
-6  -0.035000
-5   0.020000
-4  -0.055000
-3  -0.010000
-2  -0.055000
-1   0.015000
