0   0.040000
1  -0.030000
2  -0.040000
3  -0.040000
4  -0.025000
5   0.050000
6   0.010000
7   0.025000
8   0.050000
9   0.035000
10  -0.030000
11   0.000000
12   0.020000
13   0.035000
14   0.065000
15  -0.045000
16   0.030000
17  -0.020000
18   0.050000
19   0.105000
20   0.040000
21  -0.105000
22  -0.115000
23  -0.010000
24   0.020000
25  -0.110000
26   0.015000
27   0.015000
28  -0.015000
29  -0.025000
30  -0.035000
31   0.005000
32  -0.010000
33  -0.055000
34   0.065000
35   0.020000
36  -0.025000
37  -0.025000
38  -0.050000
39   0.070000
40   0.020000
41   0.040000
42  -0.010000
43  -0.015000
44  -0.060000
45   0.085000
46   0.000000
47  -0.035000
48   0.080000
49   0.015000
50   0.010000
51   0.075000
52  -0.065000
53   0.020000
54   0.000000
55   0.005000
56   0.120000
57   0.020000
58   0.020000
59   0.040000
60  -0.015000
61   0.010000
62  -0.040000
63  -0.045000
64  -0.030000
65   0.015000
66  -0.030000
67   0.030000
68  -0.070000
69  -0.070000
70   0.005000
71  -0.020000
72   0.040000
73   0.005000
74  -0.025000
75  -0.030000
76  -0.010000
77   0.045000
78  -0.025000
79  -0.010000
80   0.025000
81   0.005000
82  -0.035000
83   0.030000
84   0.085000
85  -0.130000
86   0.030000
87  -0.115000
88   0.030000
89   0.020000
90  -0.025000
91  -0.005000
92  -0.005000
93  -0.020000
94   0.030000
95   0.025000
96  -0.010000
97   0.035000
98  -0.020000
99  -0.060000
100   0.055000
101  -0.005000
102  -0.015000
103  -0.040000
104   0.035000
105   0.085000
106  -0.050000
107   0.085000
108   0.005000
109  -0.025000
110   0.020000
111   0.010000
112   0.005000
113  -0.005000
114   0.045000
115  -0.005000
116   0.055000
117  -0.065000
118   0.025000
119   0.010000
120  -0.025000
121  -0.085000
122   0.080000
123  -0.020000
124   0.025000
125  -0.020000
126  -0.035000
127   0.050000
128   0.020000
129  -0.040000
130  -0.025000
131   0.020000
132  -0.010000
133  -0.025000
134  -0.060000
135  -0.025000
136   0.085000
137  -0.030000
138  -0.010000
139  -0.010000
140  -0.055000
141  -0.055000
142  -0.035000
143  -0.045000
144   0.005000
145   0.105000
146  -0.005000
147   0.160000
148   0.010000
149   0.085000
150   0.080000
151   0.055000
152   0.025000
153  -0.040000
154  -0.040000
155   0.040000
156   0.010000
157   0.000000
158   0.030000
159   0.055000
160   0.035000
161   0.080000
162   0.065000
163  -0.020000
164   0.010000
165  -0.020000
166  -0.015000
167   0.010000
168  -0.060000
169  -0.025000
170   0.020000
171   0.025000
172   0.000000
173  -0.050000
174   0.080000
175   0.055000
176  -0.015000
177  -0.030000
178   0.065000
179  -0.015000
180  -0.005000
181   0.080000
182  -0.075000
183   0.005000
184   0.070000
185  -0.060000
186  -0.060000
187  -0.065000
188  -0.035000
189   0.065000
190  -0.030000
191  -0.035000
192   0.050000
193  -0.030000
194  -0.060000
195   0.050000
196   0.020000
197  -0.045000
198  -0.025000
199  -0.060000
200  -0.020000
201  -0.025000
202  -0.035000
203  -0.035000
204   0.020000
205  -0.070000
206   0.010000
207  -0.030000
208   0.060000
209   0.065000
210  -0.030000
211  -0.020000
212   0.115000
213  -0.040000
214  -0.045000
215  -0.075000
216   0.035000
217   0.020000
218   0.055000
219  -0.005000
220  -0.015000
221   0.010000
222  -0.040000
223   0.015000
224  -0.000000
225   0.020000
226  -0.060000
227   0.100000
228   0.015000
229  -0.005000
230  -0.045000
231   0.045000
232   0.025000
233  -0.060000
234   0.000000
235   0.060000
236   0.030000
237   0.050000
238   0.015000
239  -0.030000
240   0.090000
241   0.015000
242   0.035000
243   0.085000
244   0.025000
245  -0.030000
246   0.030000
247   0.035000
248   0.040000
249  -0.055000
250   0.010000
251  -0.055000
252  -0.015000
253  -0.020000
254  -0.005000
255  -0.040000
256   0.085000
257   0.035000
258  -0.080000
259  -0.010000
260   0.005000
261  -0.050000
262  -0.035000
263  -0.065000
264   0.020000
265  -0.025000
266  -0.035000
267   0.035000
268  -0.030000
269   0.005000
270   0.055000
271  -0.025000
272  -0.055000
273   0.020000
274   0.025000
275  -0.055000
276  -0.050000
277  -0.045000
278  -0.055000
279  -0.030000
280  -0.055000
281   0.000000
282   0.030000
283   0.015000
284   0.015000
285  -0.025000
286   0.015000
287   0.025000
288  -0.010000
289   0.085000
290  -0.030000
291  -0.050000
292  -0.090000
293   0.075000
294   0.055000
295   0.085000
296  -0.035000
297   0.060000
298  -0.065000
299   0.000000
300  -0.000000
301  -0.010000
302   0.020000
303   0.030000
304  -0.075000
305  -0.035000
306  -0.095000
307   0.015000
308   0.055000
309  -0.020000
310   0.030000
311  -0.070000
312   0.050000
313  -0.100000
314   0.040000
315   0.070000
316  -0.075000
317  -0.000000
318  -0.075000
319  -0.000000
320  -0.125000
321  -0.040000
322   0.010000
323  -0.005000
324  -0.005000
325  -0.030000
326  -0.065000
327   0.035000
328  -0.015000
329   0.030000
330   0.070000
331  -0.050000
332   0.005000
333   0.015000
334   0.060000
335  -0.070000
336  -0.065000
337   0.025000
338  -0.005000
339  -0.055000
340  -0.020000
341   0.050000
342  -0.025000
343   0.005000
344   0.065000
345  -0.065000
346   0.020000
347   0.020000
348  -0.015000
349   0.035000
350  -0.010000
351   0.005000
352   0.045000
353   0.070000
354  -0.060000
355  -0.045000
356  -0.020000
357  -0.020000
358   0.020000
359  -0.060000
360   0.040000
361  -0.005000
362   0.070000
363   0.010000
364   0.045000
365   0.015000
366   0.025000
367  -0.015000
368  -0.050000
369  -0.120000
370   0.035000
371   0.060000
372  -0.045000
373   0.005000
374  -0.085000
375   0.005000
376  -0.020000
377  -0.015000
378   0.020000
379   0.010000
380  -0.100000
381  -0.045000
382  -0.005000
383  -0.030000
384   0.005000
385  -0.025000
386   0.020000
387  -0.085000
388  -0.045000
389  -0.070000
390   0.070000
391   0.000000
392   0.025000
393   0.120000
394  -0.090000
395   0.055000
396   0.035000
397  -0.020000
398  -0.005000
399   0.020000
400   0.085000
401   0.010000
402  -0.040000
403   0.035000
404  -0.025000
405   0.015000
406   0.000000
407   0.000000
408  -0.030000
409  -0.115000
410   0.020000
411   0.010000
412  -0.030000
413   0.150000
414  -0.015000
415   0.010000
416   0.035000
417   0.015000
418  -0.045000
419  -0.010000
420   0.005000
421   0.080000
422   0.080000
423   0.030000
424  -0.035000
425  -0.090000
426   0.020000
427   0.070000
428  -0.040000
429  -0.010000
430   0.050000
431  -0.040000
432   0.050000
433  -0.010000
434  -0.070000
435   0.075000
436  -0.065000
437   0.015000
438   0.015000
439  -0.045000
440   0.045000
441   0.005000
442   0.020000
443   0.020000
444   0.110000
445  -0.095000
446  -0.040000
447  -0.040000
448  -0.025000
449  -0.010000
450  -0.080000
451  -0.060000
452  -0.045000
453   0.030000
454   0.000000
455  -0.035000
456   0.010000
457   0.015000
458   0.075000
459  -0.065000
460  -0.015000
461   0.030000
462   0.030000
463  -0.010000
464  -0.005000
465  -0.070000
466   0.060000
467   0.045000
468  -0.040000
469  -0.030000
470  -0.020000
471   0.080000
472   0.000000
473  -0.045000
474  -0.095000
475   0.050000
476   0.015000
477   0.065000
478  -0.040000
479   0.015000
480  -0.055000
481  -0.015000
482  -0.080000
483   0.020000
484  -0.020000
485  -0.080000
486  -0.045000
487   0.080000
488  -0.015000
489  -0.045000
490   0.005000
491   0.030000
492  -0.070000
493   0.000000
494   0.020000
495   0.030000
496   0.025000
497  -0.085000
498  -0.025000
499  -0.020000
500  -0.085000
-499   0.050000
-498   0.055000
-497   0.095000
-496  -0.085000
-495  -0.030000
-494   0.075000
-493  -0.050000
-492   0.005000
-491  -0.010000
-490  -0.020000
-489  -0.020000
-488   0.010000
-487  -0.035000
-486  -0.010000
-485   0.080000
-484  -0.040000
-483   0.025000
-482  -0.090000
-481   0.080000
-480  -0.020000
-479   0.040000
-478   0.030000
-477   0.110000
-476   0.025000
-475  -0.030000
-474  -0.005000
-473   0.055000
-472  -0.090000
-471  -0.025000
-470  -0.025000
-469  -0.010000
-468   0.040000
-467  -0.020000
-466  -0.060000
-465  -0.050000
-464   0.040000
-463  -0.015000
-462   0.020000
-461  -0.060000
-460  -0.025000
-459  -0.130000
-458  -0.090000
-457   0.020000
-456  -0.095000
-455   0.020000
-454  -0.045000
-453  -0.065000
-452   0.085000
-451  -0.055000
-450   0.040000
-449  -0.075000
-448  -0.070000
-447  -0.010000
-446  -0.065000
-445   0.095000
-444  -0.035000
-443   0.085000
-442  -0.010000
-441  -0.125000
-440   0.030000
-439  -0.010000
-438  -0.080000
-437   0.020000
-436  -0.050000
-435   0.070000
-434  -0.020000
-433  -0.010000
-432  -0.055000
-431  -0.110000
-430   0.010000
-429  -0.080000
-428  -0.050000
-427  -0.090000
-426   0.070000
-425  -0.010000
-424   0.025000
-423   0.010000
-422   0.040000
-421   0.090000
-420  -0.045000
-419  -0.020000
-418   0.035000
-417   0.045000
-416  -0.020000
-415   0.025000
-414   0.030000
-413   0.000000
-412   0.075000
-411   0.030000
-410   0.050000
-409  -0.010000
-408   0.040000
-407   0.095000
-406   0.010000
-405   0.075000
-404   0.040000
-403  -0.050000
-402  -0.050000
-401   0.025000
-400   0.030000
-399  -0.030000
-398   0.040000
-397   0.005000
-396  -0.010000
-395   0.105000
-394  -0.005000
-393  -0.095000
-392  -0.010000
-391   0.075000
-390  -0.090000
-389   0.020000
-388  -0.045000
-387  -0.045000
-386  -0.050000
-385  -0.090000
-384   0.020000
-383   0.065000
-382   0.055000
-381   0.020000
-380   0.000000
-379  -0.015000
-378   0.010000
-377  -0.035000
-376  -0.030000
-375   0.035000
-374  -0.050000
-373   0.000000
-372   0.035000
-371  -0.045000
-370  -0.020000
-369   0.005000
-368   0.020000
-367   0.050000
-366   0.020000
-365   0.010000
-364  -0.020000
-363  -0.090000
-362  -0.065000
-361  -0.025000
-360   0.005000
-359   0.080000
-358  -0.055000
-357  -0.040000
-356   0.035000
-355   0.055000
-354  -0.050000
-353  -0.005000
-352   0.000000
-351   0.030000
-350   0.005000
-349  -0.020000
-348  -0.110000
-347   0.005000
-346   0.050000
-345  -0.015000
-344   0.000000
-343   0.045000
-342  -0.040000
-341  -0.005000
-340   0.035000
-339  -0.040000
-338  -0.100000
-337   0.035000
-336   0.025000
-335  -0.105000
-334  -0.020000
-333  -0.025000
-332  -0.085000
-331  -0.010000
-330  -0.040000
-329  -0.050000
-328  -0.050000
-327   0.065000
-326   0.010000
-325  -0.000000
-324  -0.040000
-323   0.025000
-322   0.030000
-321  -0.010000
-320  -0.050000
-319  -0.015000
-318  -0.020000
-317  -0.080000
-316   0.025000
-315  -0.045000
-314   0.010000
-313  -0.055000
-312  -0.015000
-311  -0.095000
-310   0.100000
-309  -0.035000
-308  -0.020000
-307  -0.015000
-306  -0.025000
-305  -0.020000
-304   0.035000
-303   0.000000
-302   0.010000
-301  -0.030000
-300  -0.040000
-299   0.085000
-298   0.030000
-297  -0.025000
-296   0.050000
-295  -0.010000
-294  -0.010000
-293   0.090000
-292  -0.010000
-291   0.060000
-290   0.025000
-289   0.005000
-288   0.050000
-287  -0.040000
-286  -0.065000
-285  -0.115000
-284   0.025000
-283   0.080000
-282  -0.040000
-281   0.070000
-280   0.060000
-279  -0.025000
-278  -0.050000
-277   0.040000
-276   0.030000
-275  -0.015000
-274  -0.045000
-273   0.010000
-272   0.125000
-271   0.045000
-270   0.125000
-269  -0.080000
-268   0.025000
-267  -0.075000
-266   0.005000
-265   0.010000
-264   0.035000
-263   0.005000
-262   0.025000
-261  -0.025000
-260   0.065000
-259   0.035000
-258  -0.090000
-257   0.060000
-256  -0.005000
-255  -0.085000
-254   0.045000
-253   0.030000
-252  -0.005000
-251   0.015000
-250  -0.005000
-249   0.025000
-248   0.120000
-247  -0.100000
-246  -0.040000
-245  -0.065000
-244   0.020000
-243   0.065000
-242   0.005000
-241   0.020000
-240  -0.015000
-239  -0.075000
-238   0.035000
-237  -0.040000
-236  -0.035000
-235  -0.045000
-234   0.010000
-233   0.055000
-232  -0.025000
-231  -0.030000
-230  -0.040000
-229  -0.025000
-228  -0.075000
-227  -0.060000
-226  -0.005000
-225   0.000000
-224   0.020000
-223   0.045000
-222  -0.035000
-221  -0.060000
-220   0.040000
-219  -0.050000
-218  -0.015000
-217  -0.020000
-216   0.010000
-215  -0.020000
-214   0.025000
-213   0.010000
-212  -0.075000
-211  -0.005000
-210   0.020000
-209  -0.060000
-208   0.005000
-207  -0.015000
-206  -0.015000
-205  -0.005000
-204   0.055000
-203   0.075000
-202   0.040000
-201   0.085000
-200   0.015000
-199  -0.030000
-198   0.125000
-197  -0.010000
-196   0.105000
-195  -0.065000
-194  -0.055000
-193  -0.025000
-192   0.015000
-191   0.045000
-190   0.060000
-189   0.045000
-188  -0.020000
-187   0.085000
-186   0.055000
-185   0.100000
-184   0.025000
-183   0.010000
-182  -0.060000
-181   0.035000
-180   0.025000
-179   0.100000
-178   0.015000
-177  -0.040000
-176  -0.035000
-175  -0.020000
-174   0.040000
-173   0.030000
-172   0.015000
-171  -0.015000
-170   0.035000
-169   0.075000
-168   0.010000
-167  -0.020000
-166   0.065000
-165   0.055000
-164  -0.020000
-163   0.035000
-162  -0.055000
-161  -0.010000
-160   0.010000
-159   0.020000
-158  -0.085000
-157  -0.000000
-156   0.035000
-155   0.170000
-154   0.070000
-153   0.060000
-152  -0.020000
-151  -0.010000
-150  -0.020000
-149   0.025000
-148  -0.010000
-147   0.080000
-146  -0.065000
-145   0.015000
-144   0.010000
-143   0.015000
-142   0.030000
-141  -0.005000
-140   0.035000
-139   0.005000
-138  -0.005000
-137   0.020000
-136   0.000000
-135  -0.065000
-134   0.040000
-133  -0.075000
-132  -0.070000
-131   0.080000
-130  -0.005000
-129   0.010000
-128  -0.005000
-127  -0.010000
-126   0.040000
-125  -0.035000
-124  -0.035000
-123  -0.050000
-122   0.040000
-121   0.040000
-120   0.025000
-119  -0.030000
-118  -0.030000
-117   0.020000
-116   0.015000
-115   0.010000
-114   0.015000
-113  -0.050000
-112  -0.010000
-111  -0.025000
-110   0.030000
-109   0.015000
-108   0.010000
-107  -0.030000
-106   0.060000
-105   0.065000
-104  -0.075000
-103  -0.010000
-102   0.145000
-101   0.050000
-100   0.015000
-99   0.010000
-98   0.040000
-97   0.070000
-96  -0.050000
-95   0.090000
-94   0.055000
-93  -0.010000
-92  -0.030000
-91   0.030000
-90  -0.015000
-89   0.090000
-88  -0.015000
-87  -0.070000
-86   0.070000
-85   0.045000
-84   0.015000
-83   0.005000
-82   0.095000
-81   0.150000
-80  -0.020000
-79  -0.015000
-78   0.005000
-77   0.010000
-76  -0.045000
-75  -0.060000
-74   0.020000
-73  -0.055000
-72   0.030000
-71  -0.020000
-70  -0.035000
-69  -0.060000
-68  -0.015000
-67   0.025000
-66   0.010000
-65   0.025000
-64   0.040000
-63  -0.020000
-62   0.045000
-61  -0.060000
-60   0.100000
-59   0.010000
-58  -0.080000
-57  -0.060000
-56   0.030000
-55   0.020000
-54  -0.010000
-53   0.000000
-52  -0.015000
-51  -0.045000
-50   0.025000
-49   0.000000
-48  -0.090000
-47  -0.055000
-46  -0.025000
-45   0.000000
-44   0.010000
-43   0.005000
-42  -0.015000
-41   0.035000
-40  -0.030000
-39   0.000000
-38   0.005000
-37  -0.075000
-36   0.025000
-35   0.055000
-34   0.045000
-33  -0.005000
-32   0.060000
-31  -0.025000
-30   0.050000
-29   0.020000
-28   0.005000
-27  -0.045000
-26  -0.040000
-25   0.005000
-24   0.010000
-23   0.065000
-22  -0.055000
-21   0.010000
-20  -0.060000
-19   0.035000
-18   0.000000
-17  -0.030000
-16  -0.065000
-15   0.020000
-14  -0.080000
-13   0.025000
-12   0.040000
-11   0.000000
-10  -0.070000
-9   0.020000
-8   0.055000
-7   0.000000
-6  -0.010000
-5   0.010000
-4  -0.060000
-3  -0.055000
-2  -0.090000
-1   0.055000
