0   0.005000
1  -0.025000
2  -0.005000
3   0.035000
4   0.045000
5   0.030000
6   0.040000
7   0.060000
8  -0.005000
9   0.075000
10  -0.045000
11   0.050000
12   0.085000
13  -0.050000
14   0.040000
15   0.050000
16   0.085000
17   0.075000
18   0.035000
19   0.120000
20   0.005000
21  -0.035000
22  -0.025000
23  -0.005000
24   0.030000
25  -0.090000
26   0.075000
27   0.060000
28  -0.060000
29   0.060000
30  -0.015000
31   0.055000
32   0.100000
33  -0.035000
34   0.025000
35   0.145000
36   0.045000
37  -0.035000
38  -0.060000
39   0.025000
40  -0.025000
41  -0.045000
42  -0.055000
43  -0.045000
44  -0.060000
45   0.040000
46   0.010000
47  -0.075000
48  -0.020000
49  -0.035000
50  -0.035000
51   0.055000
52  -0.010000
53  -0.035000
54   0.060000
55   0.010000
56   0.065000
57   0.050000
58   0.030000
59   0.025000
60   0.025000
61  -0.010000
62  -0.050000
63   0.025000
64  -0.050000
65  -0.045000
66  -0.005000
67  -0.000000
68   0.015000
69  -0.040000
70  -0.045000
71  -0.035000
72  -0.000000
73   0.025000
74  -0.000000
75   0.000000
76   0.000000
77   0.140000
78  -0.045000
79   0.000000
80   0.025000
81  -0.050000
82  -0.015000
83   0.040000
84   0.010000
85  -0.060000
86   0.020000
87   0.005000
88  -0.080000
89   0.055000
90  -0.005000
91   0.075000
92  -0.015000
93  -0.020000
94   0.035000
95  -0.045000
96   0.005000
97  -0.020000
98  -0.040000
99  -0.060000
100   0.035000
101   0.030000
102  -0.030000
103   0.020000
104   0.025000
105   0.000000
106  -0.035000
107   0.020000
108   0.020000
109  -0.045000
110   0.005000
111  -0.020000
112  -0.060000
113  -0.040000
114   0.000000
115  -0.050000
116  -0.020000
117   0.030000
118   0.000000
119   0.015000
120   0.000000
121  -0.090000
122   0.020000
123  -0.020000
124   0.035000
125  -0.060000
126   0.065000
127   0.020000
128  -0.025000
129   0.020000
130  -0.005000
131   0.035000
132   0.040000
133   0.000000
134  -0.030000
135  -0.020000
136  -0.060000
137  -0.025000
138  -0.030000
139  -0.035000
140  -0.075000
141  -0.035000
142  -0.060000
143  -0.080000
144   0.090000
145   0.125000
146   0.035000
147   0.080000
148  -0.025000
149  -0.010000
150   0.005000
151   0.045000
152  -0.020000
153   0.080000
154  -0.045000
155   0.045000
156   0.010000
157  -0.035000
158   0.035000
159  -0.015000
160  -0.005000
161   0.070000
162   0.100000
163  -0.020000
164  -0.025000
165   0.005000
166  -0.020000
167   0.080000
168  -0.030000
169  -0.035000
170  -0.015000
171   0.055000
172   0.060000
173  -0.030000
174   0.010000
175  -0.025000
176  -0.020000
177  -0.040000
178   0.035000
179   0.040000
180   0.070000
181   0.080000
182  -0.020000
183  -0.090000
184   0.030000
185  -0.060000
186  -0.060000
187  -0.050000
188   0.050000
189   0.070000
190   0.040000
191  -0.025000
192   0.015000
193  -0.000000
194  -0.050000
195   0.045000
196  -0.005000
197   0.010000
198  -0.090000
199  -0.040000
200   0.030000
201  -0.015000
202  -0.005000
203  -0.065000
204  -0.000000
205  -0.090000
206  -0.005000
207  -0.030000
208  -0.025000
209   0.005000
210  -0.030000
211  -0.105000
212  -0.005000
213   0.005000
214   0.025000
215   0.005000
216   0.020000
217  -0.115000
218  -0.010000
219  -0.015000
220  -0.015000
221  -0.025000
222  -0.065000
223   0.015000
224  -0.020000
225   0.055000
226   0.030000
227  -0.050000
228  -0.070000
229   0.070000
230  -0.020000
231  -0.015000
232   0.005000
233  -0.050000
234   0.030000
235  -0.010000
236  -0.055000
237   0.025000
238  -0.065000
239  -0.080000
240   0.065000
241   0.040000
242   0.035000
243  -0.015000
244   0.000000
245  -0.060000
246  -0.005000
247   0.005000
248   0.015000
249   0.040000
250  -0.005000
251   0.035000
252   0.030000
253  -0.115000
254   0.045000
255   0.075000
256   0.055000
257  -0.030000
258  -0.010000
259   0.005000
260   0.065000
261  -0.020000
262  -0.055000
263  -0.070000
264  -0.150000
265  -0.025000
266  -0.080000
267   0.010000
268   0.055000
269  -0.065000
270  -0.015000
271   0.030000
272   0.050000
273   0.015000
274   0.000000
275  -0.045000
276  -0.055000
277  -0.005000
278   0.025000
279   0.015000
280  -0.020000
281  -0.055000
282  -0.055000
283  -0.005000
284   0.020000
285  -0.080000
286  -0.025000
287   0.095000
288  -0.100000
289   0.115000
290  -0.040000
291   0.030000
292  -0.020000
293   0.040000
294   0.050000
295  -0.030000
296  -0.080000
297   0.035000
298  -0.100000
299  -0.030000
300   0.005000
301   0.030000
302   0.045000
303  -0.010000
304  -0.060000
305  -0.010000
306  -0.130000
307  -0.030000
308   0.100000
309  -0.055000
310   0.035000
311  -0.030000
312   0.030000
313  -0.045000
314   0.000000
315   0.090000
316  -0.030000
317   0.005000
318  -0.085000
319  -0.035000
320  -0.095000
321  -0.055000
322   0.075000
323  -0.060000
324   0.080000
325   0.050000
326   0.050000
327  -0.040000
328   0.025000
329   0.020000
330   0.020000
331   0.020000
332  -0.020000
333  -0.000000
334  -0.025000
335  -0.010000
336  -0.080000
337   0.015000
338   0.010000
339   0.035000
340  -0.095000
341   0.050000
342   0.030000
343  -0.080000
344   0.050000
345  -0.020000
346   0.045000
347   0.055000
348  -0.050000
349  -0.015000
350   0.025000
351   0.005000
352  -0.020000
353  -0.025000
354   0.055000
355  -0.060000
356  -0.035000
357  -0.030000
358   0.025000
359   0.045000
360  -0.070000
361   0.020000
362   0.020000
363   0.050000
364   0.055000
365   0.005000
366  -0.070000
367  -0.020000
368  -0.075000
369  -0.085000
370   0.050000
371   0.020000
372   0.035000
373   0.115000
374   0.080000
375   0.030000
376   0.025000
377  -0.015000
378  -0.065000
379  -0.085000
380  -0.035000
381  -0.065000
382  -0.010000
383  -0.070000
384   0.035000
385  -0.035000
386   0.035000
387  -0.075000
388  -0.050000
389  -0.025000
390  -0.055000
391   0.030000
392   0.010000
393   0.095000
394  -0.090000
395  -0.015000
396  -0.005000
397  -0.135000
398  -0.055000
399  -0.010000
400   0.015000
401  -0.020000
402   0.015000
403   0.010000
404  -0.030000
405  -0.015000
406   0.090000
407   0.020000
408  -0.045000
409  -0.020000
410   0.180000
411  -0.070000
412  -0.015000
413   0.075000
414   0.075000
415   0.040000
416   0.020000
417   0.020000
418   0.010000
419   0.055000
420  -0.070000
421   0.100000
422   0.025000
423   0.020000
424  -0.075000
425  -0.070000
426  -0.005000
427   0.015000
428  -0.025000
429   0.020000
430   0.050000
431   0.005000
432   0.035000
433   0.000000
434  -0.115000
435   0.045000
436  -0.025000
437   0.035000
438  -0.060000
439   0.015000
440  -0.050000
441  -0.040000
442   0.010000
443  -0.005000
444   0.040000
445  -0.040000
446   0.070000
447  -0.050000
448  -0.040000
449   0.030000
450   0.040000
451   0.030000
452   0.005000
453   0.040000
454  -0.045000
455   0.060000
456  -0.030000
457  -0.125000
458  -0.035000
459  -0.025000
460   0.015000
461   0.010000
462  -0.025000
463  -0.020000
464  -0.075000
465   0.000000
466  -0.020000
467  -0.040000
468  -0.140000
469   0.045000
470  -0.005000
471   0.035000
472  -0.040000
473  -0.090000
474  -0.025000
475  -0.040000
476  -0.035000
477  -0.010000
478  -0.070000
479   0.065000
480   0.005000
481  -0.055000
482  -0.085000
483  -0.040000
484   0.030000
485   0.035000
486   0.070000
487   0.035000
488  -0.030000
489  -0.010000
490   0.025000
491  -0.015000
492  -0.025000
493   0.015000
494   0.015000
495  -0.010000
496   0.005000
497  -0.025000
498   0.105000
499  -0.010000
500   0.015000
-499   0.085000
-498   0.085000
-497   0.055000
-496  -0.065000
-495  -0.080000
-494   0.085000
-493   0.010000
-492   0.030000
-491  -0.035000
-490  -0.015000
-489  -0.015000
-488  -0.080000
-487  -0.060000
-486  -0.000000
-485   0.040000
-484  -0.055000
-483   0.030000
-482  -0.060000
-481   0.090000
-480  -0.040000
-479   0.070000
-478  -0.010000
-477   0.010000
-476   0.035000
-475   0.065000
-474   0.005000
-473   0.030000
-472  -0.060000
-471   0.030000
-470   0.010000
-469  -0.015000
-468  -0.080000
-467  -0.020000
-466   0.115000
-465   0.015000
-464   0.030000
-463  -0.010000
-462   0.075000
-461  -0.030000
-460  -0.025000
-459  -0.065000
-458  -0.010000
-457  -0.035000
-456  -0.155000
-455  -0.015000
-454  -0.085000
-453  -0.085000
-452   0.065000
-451   0.010000
-450   0.055000
-449   0.005000
-448  -0.005000
-447   0.015000
-446   0.010000
-445   0.070000
-444  -0.035000
-443   0.065000
-442  -0.025000
-441   0.005000
-440   0.035000
-439   0.060000
-438  -0.010000
-437   0.140000
-436  -0.015000
-435  -0.010000
-434  -0.030000
-433   0.050000
-432  -0.050000
-431  -0.090000
-430   0.070000
-429  -0.015000
-428  -0.040000
-427  -0.040000
-426   0.090000
-425   0.020000
-424   0.075000
-423   0.020000
-422   0.050000
-421   0.065000
-420   0.025000
-419   0.010000
-418  -0.005000
-417   0.110000
-416  -0.090000
-415  -0.075000
-414  -0.015000
-413  -0.030000
-412   0.095000
-411  -0.015000
-410   0.000000
-409  -0.080000
-408   0.020000
-407  -0.040000
-406  -0.015000
-405   0.040000
-404  -0.015000
-403   0.000000
-402  -0.075000
-401  -0.050000
-400   0.020000
-399  -0.010000
-398   0.010000
-397   0.070000
-396   0.080000
-395   0.100000
-394  -0.070000
-393   0.045000
-392   0.030000
-391   0.035000
-390   0.015000
-389   0.050000
-388   0.045000
-387   0.025000
-386   0.010000
-385  -0.015000
-384   0.035000
-383  -0.015000
-382  -0.020000
-381   0.050000
-380   0.045000
-379  -0.025000
-378   0.020000
-377  -0.020000
-376  -0.045000
-375   0.005000
-374   0.030000
-373   0.050000
-372  -0.000000
-371  -0.010000
-370  -0.020000
-369   0.030000
-368   0.005000
-367   0.045000
-366  -0.020000
-365  -0.010000
-364  -0.045000
-363   0.050000
-362  -0.095000
-361  -0.040000
-360  -0.060000
-359  -0.020000
-358  -0.070000
-357  -0.055000
-356  -0.005000
-355   0.085000
-354   0.030000
-353   0.025000
-352   0.025000
-351   0.040000
-350  -0.010000
-349   0.045000
-348   0.000000
-347  -0.150000
-346   0.080000
-345   0.055000
-344  -0.020000
-343  -0.055000
-342  -0.035000
-341  -0.015000
-340  -0.015000
-339  -0.015000
-338  -0.015000
-337   0.055000
-336   0.025000
-335   0.040000
-334  -0.000000
-333  -0.015000
-332  -0.050000
-331   0.010000
-330  -0.025000
-329  -0.100000
-328  -0.065000
-327  -0.015000
-326  -0.000000
-325  -0.005000
-324  -0.045000
-323   0.065000
-322   0.020000
-321  -0.015000
-320  -0.035000
-319   0.010000
-318   0.055000
-317  -0.030000
-316   0.000000
-315   0.050000
-314  -0.010000
-313   0.010000
-312   0.035000
-311  -0.035000
-310  -0.055000
-309  -0.045000
-308  -0.030000
-307   0.010000
-306  -0.030000
-305  -0.100000
-304   0.045000
-303   0.020000
-302  -0.020000
-301   0.005000
-300   0.080000
-299   0.040000
-298  -0.000000
-297  -0.145000
-296  -0.070000
-295   0.070000
-294  -0.050000
-293  -0.040000
-292   0.000000
-291   0.000000
-290  -0.005000
-289  -0.060000
-288   0.015000
-287  -0.000000
-286  -0.040000
-285  -0.115000
-284  -0.030000
-283   0.050000
-282  -0.105000
-281   0.075000
-280   0.065000
-279  -0.060000
-278   0.015000
-277   0.065000
-276  -0.050000
-275  -0.035000
-274  -0.005000
-273   0.060000
-272   0.090000
-271   0.055000
-270   0.030000
-269   0.010000
-268   0.010000
-267   0.055000
-266   0.035000
-265  -0.015000
-264  -0.010000
-263   0.045000
-262  -0.015000
-261  -0.040000
-260  -0.010000
-259   0.045000
-258   0.020000
-257   0.035000
-256  -0.025000
-255  -0.055000
-254  -0.010000
-253   0.040000
-252   0.025000
-251  -0.045000
-250   0.020000
-249  -0.045000
-248   0.040000
-247  -0.015000
-246  -0.055000
-245  -0.060000
-244  -0.005000
-243   0.025000
-242   0.010000
-241  -0.045000
-240   0.005000
-239  -0.015000
-238  -0.035000
-237  -0.035000
-236   0.045000
-235   0.015000
-234   0.000000
-233  -0.015000
-232  -0.045000
-231  -0.080000
-230   0.020000
-229   0.045000
-228  -0.045000
-227   0.015000
-226   0.020000
-225   0.060000
-224  -0.020000
-223  -0.010000
-222  -0.080000
-221  -0.020000
-220   0.020000
-219   0.045000
-218   0.030000
-217  -0.005000
-216   0.045000
-215   0.015000
-214  -0.005000
-213   0.060000
-212  -0.105000
-211   0.050000
-210   0.040000
-209   0.005000
-208   0.025000
-207   0.025000
-206  -0.025000
-205   0.050000
-204   0.070000
-203   0.035000
-202  -0.045000
-201  -0.010000
-200  -0.005000
-199  -0.005000
-198  -0.005000
-197  -0.020000
-196   0.055000
-195  -0.050000
-194   0.020000
-193   0.020000
-192   0.005000
-191  -0.025000
-190   0.075000
-189  -0.015000
-188  -0.035000
-187   0.060000
-186   0.045000
-185   0.045000
-184   0.005000
-183  -0.065000
-182   0.005000
-181  -0.020000
-180   0.005000
-179  -0.080000
-178   0.085000
-177   0.010000
-176  -0.055000
-175  -0.035000
-174  -0.040000
-173   0.030000
-172  -0.005000
-171   0.010000
-170  -0.005000
-169   0.010000
-168  -0.010000
-167  -0.055000
-166   0.120000
-165  -0.010000
-164   0.005000
-163   0.060000
-162   0.035000
-161   0.040000
-160   0.040000
-159   0.055000
-158  -0.010000
-157   0.065000
-156  -0.005000
-155   0.095000
-154   0.060000
-153   0.015000
-152  -0.100000
-151  -0.010000
-150  -0.005000
-149   0.090000
-148  -0.010000
-147   0.050000
-146  -0.115000
-145   0.015000
-144  -0.035000
-143   0.070000
-142   0.030000
-141   0.020000
-140  -0.030000
-139   0.010000
-138  -0.015000
-137  -0.030000
-136   0.000000
-135  -0.010000
-134   0.025000
-133  -0.060000
-132  -0.055000
-131   0.045000
-130   0.010000
-129  -0.030000
-128   0.060000
-127   0.045000
-126  -0.100000
-125   0.010000
-124  -0.015000
-123   0.005000
-122   0.020000
-121  -0.015000
-120  -0.035000
-119   0.060000
-118   0.045000
-117   0.165000
-116  -0.005000
-115   0.020000
-114  -0.095000
-113  -0.070000
-112  -0.040000
-111   0.005000
-110   0.045000
-109  -0.055000
-108  -0.055000
-107   0.035000
-106   0.015000
-105  -0.085000
-104  -0.050000
-103   0.030000
-102   0.015000
-101  -0.090000
-100   0.080000
-99  -0.020000
-98  -0.010000
-97  -0.000000
-96  -0.010000
-95   0.090000
-94   0.040000
-93   0.015000
-92  -0.030000
-91   0.065000
-90   0.010000
-89   0.045000
-88   0.035000
-87  -0.030000
-86  -0.050000
-85   0.065000
-84   0.110000
-83  -0.060000
-82   0.010000
-81   0.075000
-80  -0.055000
-79   0.025000
-78  -0.035000
-77   0.005000
-76  -0.125000
-75   0.020000
-74  -0.020000
-73  -0.070000
-72  -0.090000
-71  -0.000000
-70  -0.055000
-69  -0.040000
-68   0.020000
-67   0.080000
-66   0.060000
-65  -0.010000
-64   0.085000
-63  -0.035000
-62  -0.010000
-61  -0.020000
-60   0.080000
-59  -0.040000
-58  -0.025000
-57   0.030000
-56  -0.050000
-55   0.025000
-54  -0.020000
-53  -0.050000
-52  -0.100000
-51  -0.065000
-50   0.025000
-49   0.090000
-48  -0.005000
-47  -0.050000
-46   0.005000
-45   0.105000
-44   0.065000
-43   0.135000
-42  -0.005000
-41  -0.005000
-40  -0.030000
-39   0.020000
-38  -0.015000
-37  -0.005000
-36   0.100000
-35   0.050000
-34  -0.010000
-33   0.070000
-32  -0.010000
-31   0.060000
-30   0.025000
-29  -0.025000
-28   0.025000
-27  -0.035000
-26  -0.100000
-25  -0.000000
-24   0.005000
-23   0.005000
-22  -0.050000
-21  -0.025000
-20  -0.070000
-19  -0.045000
-18   0.030000
-17  -0.045000
-16  -0.095000
-15  -0.005000
-14  -0.130000
-13   0.035000
-12  -0.080000
-11  -0.020000
-10  -0.055000
-9   0.020000
-8   0.020000
-7  -0.005000
-6   0.050000
-5  -0.050000
-4   0.005000
-3  -0.075000
-2  -0.000000
-1   0.020000
