0   0.015000
1  -0.030000
2   0.050000
3   0.015000
4  -0.015000
5  -0.040000
6   0.015000
7  -0.010000
8   0.120000
9   0.030000
10   0.020000
11  -0.025000
12  -0.020000
13   0.000000
14   0.010000
15  -0.060000
16   0.020000
17   0.170000
18  -0.045000
19   0.030000
20   0.015000
21  -0.045000
22   0.060000
23  -0.055000
24   0.095000
25  -0.000000
26  -0.005000
27   0.055000
28  -0.000000
29  -0.040000
30  -0.050000
31   0.075000
32  -0.025000
33  -0.065000
34  -0.045000
35  -0.020000
36  -0.045000
37  -0.065000
38  -0.020000
39  -0.070000
40  -0.045000
41   0.035000
42   0.025000
43  -0.025000
44  -0.040000
45   0.020000
46  -0.020000
47  -0.100000
48   0.020000
49  -0.025000
50   0.080000
51   0.110000
52   0.050000
53  -0.000000
54  -0.095000
55   0.010000
56  -0.055000
57   0.030000
58   0.020000
59   0.000000
60  -0.030000
61  -0.020000
62   0.070000
63  -0.120000
64  -0.015000
65  -0.030000
66   0.020000
67   0.140000
68   0.020000
69   0.050000
70   0.035000
71   0.080000
72  -0.045000
73  -0.055000
74  -0.045000
75   0.065000
76  -0.025000
77   0.000000
78   0.050000
79  -0.030000
80  -0.005000
81   0.055000
82  -0.005000
83   0.020000
84  -0.085000
85  -0.045000
86   0.015000
87  -0.070000
88   0.000000
89   0.055000
90  -0.015000
91  -0.085000
92  -0.010000
93   0.035000
94  -0.100000
95   0.090000
96   0.030000
97   0.105000
98   0.065000
99  -0.060000
100   0.010000
101   0.045000
102   0.000000
103  -0.010000
104  -0.040000
105   0.070000
106   0.010000
107   0.060000
108  -0.010000
109   0.050000
110  -0.015000
111  -0.065000
112   0.030000
113   0.010000
114   0.040000
115  -0.100000
116   0.035000
117   0.035000
118   0.005000
119   0.015000
120  -0.015000
121  -0.060000
122  -0.015000
123   0.020000
124  -0.010000
125  -0.025000
126  -0.085000
127   0.000000
128   0.035000
129   0.020000
130  -0.045000
131  -0.070000
132  -0.135000
133   0.100000
134   0.050000
135  -0.020000
136   0.035000
137   0.025000
138   0.005000
139   0.025000
140  -0.035000
141  -0.065000
142   0.045000
143  -0.040000
144  -0.030000
145  -0.105000
146   0.055000
147   0.070000
148   0.000000
149  -0.010000
150   0.125000
151   0.030000
152  -0.120000
153  -0.065000
154   0.060000
155   0.020000
156   0.010000
157  -0.075000
158   0.005000
159   0.065000
160   0.020000
161   0.015000
162  -0.030000
163  -0.025000
164   0.030000
165  -0.045000
166   0.000000
167  -0.015000
168  -0.020000
169  -0.045000
170   0.045000
171  -0.045000
172  -0.065000
173   0.040000
174   0.010000
175   0.055000
176  -0.030000
177  -0.010000
178   0.005000
179  -0.060000
180  -0.080000
181  -0.100000
182   0.060000
183  -0.070000
184   0.020000
185  -0.005000
186   0.015000
187  -0.035000
188   0.005000
189   0.015000
190  -0.030000
191  -0.025000
192   0.070000
193   0.020000
194   0.080000
195   0.015000
196   0.050000
197   0.060000
198   0.005000
199  -0.020000
200   0.075000
201  -0.075000
202   0.040000
203   0.050000
204   0.065000
205   0.135000
206  -0.060000
207   0.040000
208  -0.005000
209   0.000000
210  -0.075000
211  -0.015000
212  -0.015000
213  -0.035000
214   0.035000
215   0.025000
216  -0.005000
217  -0.055000
218   0.075000
219   0.100000
220  -0.020000
221  -0.050000
222  -0.080000
223  -0.020000
224   0.020000
225   0.025000
226  -0.075000
227  -0.020000
228   0.005000
229   0.005000
230  -0.010000
231   0.100000
232   0.015000
233   0.000000
234  -0.045000
235   0.015000
236   0.035000
237  -0.010000
238  -0.015000
239  -0.040000
240  -0.070000
241  -0.020000
242   0.035000
243  -0.000000
244  -0.025000
245   0.030000
246   0.015000
247   0.010000
248  -0.045000
249   0.075000
250   0.030000
251  -0.045000
252   0.050000
253  -0.010000
254  -0.085000
255   0.080000
256   0.040000
257  -0.100000
258   0.010000
259  -0.060000
260   0.015000
261  -0.050000
262  -0.075000
263  -0.035000
264  -0.060000
265  -0.050000
266  -0.045000
267  -0.015000
268   0.090000
269   0.030000
270   0.020000
271   0.060000
272  -0.005000
273  -0.100000
274   0.030000
275  -0.000000
276  -0.135000
277   0.020000
278   0.000000
279  -0.040000
280   0.055000
281   0.040000
282  -0.050000
283   0.015000
284   0.035000
285   0.035000
286   0.025000
287  -0.005000
288  -0.040000
289  -0.050000
290   0.030000
291  -0.065000
292   0.050000
293  -0.060000
294  -0.025000
295   0.095000
296   0.000000
297   0.015000
298  -0.030000
299  -0.020000
300   0.065000
301  -0.005000
302  -0.035000
303  -0.010000
304   0.010000
305  -0.055000
306  -0.040000
307   0.035000
308  -0.045000
309   0.000000
310   0.055000
311  -0.055000
312   0.010000
313   0.020000
314   0.015000
315  -0.005000
316   0.010000
317  -0.020000
318   0.035000
319   0.090000
320  -0.075000
321  -0.005000
322  -0.055000
323  -0.020000
324  -0.030000
325  -0.050000
326  -0.005000
327  -0.040000
328   0.025000
329  -0.030000
330  -0.015000
331  -0.010000
332   0.035000
333  -0.035000
334  -0.035000
335  -0.085000
336  -0.000000
337  -0.010000
338  -0.035000
339  -0.060000
340   0.020000
341  -0.020000
342  -0.065000
343  -0.030000
344   0.005000
345  -0.005000
346   0.015000
347  -0.015000
348  -0.010000
349   0.080000
350  -0.010000
351  -0.040000
352   0.030000
353   0.010000
354   0.110000
355  -0.055000
356   0.015000
357   0.030000
358  -0.045000
359   0.035000
360  -0.130000
361  -0.015000
362  -0.005000
363   0.045000
364   0.020000
365  -0.045000
366  -0.050000
367   0.000000
368   0.005000
369   0.125000
370   0.035000
371  -0.040000
372   0.010000
373  -0.040000
374   0.100000
375  -0.010000
376  -0.140000
377   0.010000
378   0.065000
379  -0.055000
380   0.015000
381  -0.010000
382  -0.015000
383  -0.005000
384  -0.030000
385  -0.025000
386  -0.050000
387   0.175000
388  -0.015000
389   0.005000
390  -0.025000
391   0.150000
392   0.005000
393   0.040000
394  -0.035000
395  -0.005000
396  -0.035000
397  -0.015000
398   0.035000
399   0.005000
400   0.050000
401   0.035000
402   0.075000
403  -0.005000
404  -0.000000
405   0.010000
406   0.030000
407  -0.030000
408  -0.055000
409  -0.030000
410   0.035000
411  -0.050000
412   0.010000
413  -0.000000
414   0.025000
415   0.010000
416   0.075000
417  -0.030000
418  -0.005000
419   0.025000
420   0.065000
421   0.070000
422  -0.005000
423  -0.005000
424  -0.065000
425  -0.020000
426   0.010000
427   0.095000
428   0.005000
429   0.055000
430   0.045000
431  -0.040000
432  -0.075000
433   0.005000
434   0.045000
435  -0.020000
436  -0.015000
437  -0.015000
438  -0.060000
439   0.045000
440  -0.040000
441  -0.005000
442  -0.040000
443   0.000000
444  -0.065000
445   0.015000
446  -0.060000
447   0.065000
448   0.020000
449  -0.080000
450   0.085000
451   0.020000
452  -0.025000
453   0.095000
454   0.015000
455   0.020000
456  -0.035000
457   0.000000
458   0.040000
459   0.010000
460   0.000000
461   0.005000
462   0.040000
463   0.080000
464  -0.085000
465  -0.030000
466  -0.005000
467  -0.015000
468  -0.015000
469  -0.060000
470  -0.040000
471  -0.030000
472   0.055000
473  -0.005000
474  -0.040000
475  -0.005000
476  -0.025000
477  -0.005000
478   0.075000
479  -0.020000
480  -0.020000
481  -0.015000
482  -0.015000
483  -0.010000
484   0.035000
485  -0.035000
486   0.045000
487   0.015000
488  -0.035000
489   0.040000
490   0.015000
491  -0.035000
492   0.045000
493   0.055000
494  -0.035000
495  -0.085000
496   0.065000
497  -0.005000
498  -0.025000
499  -0.015000
500  -0.025000
-499  -0.055000
-498   0.000000
-497  -0.030000
-496  -0.005000
-495  -0.030000
-494   0.090000
-493   0.045000
-492   0.010000
-491   0.000000
-490  -0.010000
-489   0.010000
-488  -0.035000
-487   0.040000
-486   0.070000
-485   0.065000
-484   0.020000
-483  -0.090000
-482   0.020000
-481   0.030000
-480  -0.010000
-479  -0.025000
-478   0.015000
-477  -0.015000
-476   0.095000
-475   0.030000
-474  -0.055000
-473  -0.090000
-472   0.030000
-471   0.025000
-470  -0.040000
-469   0.060000
-468   0.085000
-467   0.015000
-466   0.005000
-465  -0.025000
-464  -0.005000
-463  -0.005000
-462   0.055000
-461   0.035000
-460  -0.055000
-459  -0.025000
-458  -0.020000
-457   0.060000
-456   0.015000
-455  -0.005000
-454  -0.015000
-453   0.040000
-452   0.020000
-451  -0.025000
-450   0.035000
-449  -0.005000
-448  -0.105000
-447  -0.055000
-446  -0.035000
-445  -0.060000
-444   0.005000
-443   0.005000
-442  -0.025000
-441  -0.025000
-440   0.045000
-439  -0.030000
-438   0.090000
-437   0.025000
-436  -0.020000
-435   0.045000
-434   0.050000
-433  -0.010000
-432   0.075000
-431  -0.030000
-430  -0.020000
-429  -0.115000
-428  -0.030000
-427   0.040000
-426  -0.030000
-425   0.005000
-424   0.005000
-423  -0.035000
-422  -0.030000
-421  -0.035000
-420   0.035000
-419   0.005000
-418  -0.065000
-417  -0.065000
-416   0.105000
-415  -0.025000
-414  -0.020000
-413  -0.095000
-412   0.025000
-411  -0.085000
-410  -0.005000
-409  -0.065000
-408   0.020000
-407  -0.010000
-406  -0.040000
-405  -0.030000
-404   0.050000
-403   0.015000
-402   0.090000
-401  -0.030000
-400  -0.015000
-399   0.005000
-398   0.100000
-397  -0.005000
-396  -0.030000
-395   0.020000
-394   0.040000
-393   0.015000
-392   0.070000
-391   0.030000
-390  -0.005000
-389   0.010000
-388  -0.025000
-387  -0.005000
-386  -0.045000
-385  -0.070000
-384  -0.050000
-383   0.050000
-382  -0.050000
-381   0.095000
-380  -0.015000
-379  -0.070000
-378  -0.030000
-377   0.045000
-376   0.020000
-375  -0.050000
-374  -0.080000
-373   0.020000
-372  -0.050000
-371  -0.000000
-370   0.045000
-369   0.045000
-368   0.020000
-367   0.040000
-366  -0.095000
-365   0.025000
-364   0.030000
-363   0.030000
-362  -0.030000
-361   0.065000
-360  -0.035000
-359   0.020000
-358   0.055000
-357   0.045000
-356  -0.005000
-355   0.075000
-354   0.035000
-353   0.005000
-352   0.015000
-351   0.000000
-350  -0.020000
-349  -0.095000
-348  -0.035000
-347  -0.060000
-346   0.055000
-345   0.015000
-344  -0.055000
-343   0.075000
-342  -0.020000
-341   0.010000
-340  -0.025000
-339   0.070000
-338   0.015000
-337   0.010000
-336  -0.050000
-335   0.045000
-334  -0.025000
-333   0.070000
-332  -0.025000
-331   0.060000
-330   0.075000
-329  -0.010000
-328   0.045000
-327   0.000000
-326   0.105000
-325  -0.045000
-324   0.100000
-323   0.010000
-322  -0.080000
-321   0.020000
-320  -0.035000
-319   0.035000
-318  -0.000000
-317   0.040000
-316  -0.060000
-315  -0.015000
-314   0.085000
-313  -0.015000
-312  -0.030000
-311   0.075000
-310  -0.070000
-309  -0.040000
-308  -0.065000
-307   0.000000
-306  -0.045000
-305   0.005000
-304  -0.060000
-303   0.005000
-302   0.015000
-301   0.060000
-300   0.030000
-299   0.110000
-298  -0.050000
-297   0.030000
-296  -0.060000
-295   0.025000
-294   0.005000
-293  -0.125000
-292  -0.060000
-291   0.010000
-290  -0.005000
-289  -0.020000
-288   0.035000
-287   0.025000
-286  -0.075000
-285  -0.010000
-284  -0.015000
-283  -0.030000
-282  -0.065000
-281  -0.010000
-280   0.000000
-279  -0.035000
-278   0.005000
-277   0.020000
-276   0.000000
-275   0.035000
-274   0.020000
-273   0.020000
-272   0.035000
-271  -0.065000
-270   0.030000
-269   0.045000
-268   0.020000
-267   0.065000
-266   0.035000
-265  -0.005000
-264  -0.065000
-263   0.055000
-262   0.020000
-261   0.020000
-260   0.030000
-259   0.055000
-258   0.110000
-257   0.045000
-256  -0.005000
-255  -0.050000
-254  -0.060000
-253   0.050000
-252  -0.020000
-251  -0.015000
-250   0.120000
-249   0.020000
-248   0.020000
-247  -0.085000
-246   0.115000
-245  -0.060000
-244  -0.040000
-243   0.020000
-242  -0.010000
-241  -0.005000
-240   0.015000
-239   0.030000
-238   0.040000
-237  -0.060000
-236   0.045000
-235   0.025000
-234   0.030000
-233   0.000000
-232   0.085000
-231  -0.090000
-230   0.060000
-229   0.065000
-228   0.055000
-227  -0.040000
-226   0.000000
-225   0.000000
-224   0.025000
-223   0.010000
-222  -0.010000
-221  -0.050000
-220   0.050000
-219  -0.065000
-218   0.080000
-217   0.010000
-216   0.045000
-215  -0.100000
-214  -0.045000
-213   0.100000
-212  -0.020000
-211   0.080000
-210   0.035000
-209   0.000000
-208  -0.085000
-207  -0.025000
-206   0.155000
-205  -0.005000
-204   0.060000
-203  -0.025000
-202  -0.045000
-201  -0.055000
-200   0.060000
-199  -0.050000
-198  -0.065000
-197   0.075000
-196  -0.065000
-195  -0.015000
-194  -0.045000
-193  -0.040000
-192   0.040000
-191   0.080000
-190   0.115000
-189  -0.100000
-188   0.010000
-187  -0.065000
-186  -0.015000
-185  -0.015000
-184   0.025000
-183   0.070000
-182  -0.065000
-181   0.000000
-180   0.020000
-179   0.030000
-178  -0.020000
-177   0.010000
-176   0.055000
-175   0.090000
-174   0.085000
-173  -0.040000
-172   0.030000
-171   0.035000
-170  -0.035000
-169   0.030000
-168  -0.060000
-167   0.010000
-166  -0.035000
-165   0.040000
-164  -0.005000
-163   0.000000
-162   0.040000
-161  -0.025000
-160  -0.040000
-159   0.060000
-158   0.075000
-157  -0.120000
-156   0.015000
-155  -0.020000
-154  -0.055000
-153   0.060000
-152  -0.025000
-151   0.055000
-150  -0.050000
-149  -0.050000
-148  -0.020000
-147   0.045000
-146  -0.005000
-145   0.050000
-144   0.045000
-143   0.015000
-142  -0.015000
-141  -0.010000
-140   0.005000
-139   0.065000
-138   0.010000
-137   0.020000
-136  -0.040000
-135  -0.010000
-134  -0.050000
-133   0.025000
-132   0.135000
-131   0.080000
-130   0.020000
-129  -0.005000
-128   0.015000
-127   0.040000
-126  -0.080000
-125   0.030000
-124   0.070000
-123   0.060000
-122   0.075000
-121   0.010000
-120  -0.035000
-119  -0.005000
-118   0.020000
-117  -0.065000
-116  -0.005000
-115  -0.010000
-114   0.045000
-113   0.050000
-112   0.080000
-111  -0.010000
-110   0.015000
-109  -0.025000
-108   0.025000
-107   0.010000
-106  -0.035000
-105  -0.085000
-104   0.005000
-103  -0.030000
-102   0.105000
-101   0.020000
-100  -0.030000
-99  -0.080000
-98   0.040000
-97  -0.055000
-96   0.005000
-95  -0.020000
-94   0.030000
-93  -0.065000
-92   0.035000
-91   0.015000
-90  -0.080000
-89  -0.010000
-88  -0.045000
-87  -0.010000
-86  -0.020000
-85   0.005000
-84   0.125000
-83   0.035000
-82  -0.080000
-81   0.035000
-80   0.025000
-79   0.050000
-78   0.070000
-77   0.030000
-76  -0.045000
-75  -0.000000
-74   0.065000
-73   0.005000
-72   0.020000
-71  -0.005000
-70  -0.020000
-69   0.035000
-68  -0.000000
-67   0.030000
-66   0.045000
-65   0.005000
-64   0.055000
-63  -0.015000
-62  -0.015000
-61   0.050000
-60  -0.035000
-59   0.000000
-58   0.055000
-57   0.010000
-56   0.075000
-55  -0.045000
-54   0.055000
-53  -0.025000
-52  -0.000000
-51  -0.050000
-50   0.050000
-49   0.095000
-48   0.020000
-47  -0.010000
-46   0.015000
-45  -0.035000
-44  -0.055000
-43  -0.055000
-42   0.005000
-41  -0.125000
-40  -0.040000
-39   0.105000
-38  -0.040000
-37  -0.030000
-36   0.020000
-35   0.045000
-34   0.010000
-33   0.010000
-32   0.035000
-31  -0.050000
-30  -0.070000
-29   0.015000
-28   0.050000
-27  -0.000000
-26   0.070000
-25  -0.025000
-24   0.080000
-23  -0.005000
-22  -0.010000
-21  -0.020000
-20   0.065000
-19   0.050000
-18  -0.055000
-17   0.060000
-16  -0.060000
-15  -0.010000
-14  -0.035000
-13  -0.040000
-12   0.035000
-11  -0.040000
-10  -0.045000
-9   0.000000
-8  -0.005000
-7  -0.075000
-6   0.085000
-5  -0.025000
-4  -0.020000
-3   0.020000
-2   0.020000
-1  -0.090000
