0   0.055000
1   0.070000
2   0.015000
3   0.025000
4  -0.025000
5  -0.020000
6  -0.020000
7   0.010000
8   0.055000
9   0.065000
10   0.010000
11  -0.000000
12  -0.115000
13  -0.040000
14   0.105000
15   0.030000
16  -0.035000
17   0.040000
18   0.015000
19  -0.030000
20   0.020000
21  -0.040000
22   0.015000
23  -0.015000
24  -0.060000
25  -0.065000
26   0.040000
27   0.045000
28   0.075000
29  -0.015000
30   0.005000
31  -0.115000
32   0.060000
33   0.015000
34  -0.085000
35   0.075000
36  -0.050000
37  -0.045000
38  -0.015000
39  -0.040000
40   0.055000
41   0.015000
42  -0.015000
43  -0.105000
44   0.010000
45   0.000000
46  -0.025000
47  -0.040000
48   0.005000
49  -0.060000
50  -0.075000
51   0.030000
52   0.010000
53   0.030000
54   0.035000
55   0.035000
56  -0.020000
57   0.055000
58  -0.055000
59  -0.070000
60   0.040000
61   0.015000
62   0.005000
63   0.010000
64  -0.120000
65  -0.010000
66   0.065000
67  -0.035000
68   0.010000
69  -0.080000
70   0.035000
71   0.070000
72   0.055000
73   0.030000
74   0.040000
75   0.015000
76   0.020000
77  -0.030000
78  -0.055000
79  -0.040000
80   0.030000
81   0.000000
82   0.050000
83   0.050000
84  -0.020000
85  -0.005000
86  -0.075000
87  -0.085000
88   0.025000
89   0.065000
90  -0.060000
91   0.000000
92  -0.005000
93   0.055000
94   0.140000
95  -0.010000
96  -0.005000
97   0.020000
98   0.030000
99   0.090000
100  -0.100000
101   0.005000
102  -0.075000
103   0.070000
104   0.000000
105   0.025000
106   0.020000
107   0.030000
108  -0.080000
109  -0.095000
110  -0.040000
111  -0.025000
112   0.035000
113   0.115000
114   0.010000
115   0.105000
116   0.030000
117   0.025000
118   0.040000
119  -0.070000
120  -0.005000
121  -0.005000
122   0.050000
123   0.055000
124   0.025000
125  -0.005000
126  -0.045000
127   0.070000
128   0.065000
129   0.030000
130   0.020000
131   0.020000
132   0.100000
133   0.030000
134   0.015000
135  -0.030000
136  -0.015000
137  -0.020000
138  -0.040000
139   0.090000
140   0.020000
141   0.040000
142   0.005000
143   0.055000
144   0.060000
145   0.005000
146  -0.040000
147  -0.015000
148  -0.045000
149  -0.000000
150   0.070000
151   0.015000
152  -0.035000
153  -0.110000
154   0.085000
155   0.015000
156  -0.005000
157   0.005000
158  -0.100000
159   0.005000
160   0.010000
161   0.015000
162   0.030000
163   0.060000
164  -0.015000
165  -0.005000
166   0.015000
167  -0.045000
168  -0.095000
169  -0.025000
170   0.010000
171  -0.035000
172   0.025000
173  -0.030000
174   0.065000
175   0.085000
176   0.035000
177  -0.070000
178  -0.005000
179   0.065000
180  -0.040000
181  -0.000000
182  -0.065000
183  -0.140000
184   0.050000
185   0.020000
186   0.080000
187  -0.080000
188  -0.075000
189   0.035000
190  -0.030000
191  -0.025000
192   0.020000
193  -0.015000
194   0.030000
195  -0.005000
196   0.025000
197   0.040000
198   0.090000
199   0.090000
200  -0.075000
201   0.045000
202   0.005000
203   0.005000
204   0.010000
205   0.065000
206  -0.120000
207  -0.015000
208  -0.015000
209   0.090000
210  -0.065000
211  -0.045000
212  -0.040000
213   0.075000
214   0.110000
215   0.005000
216   0.050000
217  -0.015000
218   0.060000
219   0.065000
220  -0.005000
221  -0.065000
222  -0.095000
223   0.045000
224   0.085000
225  -0.050000
226   0.020000
227   0.020000
228   0.080000
229   0.060000
230   0.005000
231  -0.080000
232   0.035000
233  -0.005000
234   0.065000
235   0.070000
236  -0.025000
237   0.025000
238   0.020000
239   0.000000
240   0.025000
241   0.010000
242  -0.020000
243   0.050000
244   0.020000
245  -0.065000
246   0.125000
247  -0.005000
248  -0.015000
249   0.020000
250   0.015000
251  -0.010000
252   0.070000
253  -0.015000
254  -0.035000
255  -0.000000
256   0.015000
257   0.020000
258  -0.160000
259  -0.010000
260   0.040000
261  -0.095000
262  -0.105000
263   0.035000
264  -0.025000
265  -0.065000
266  -0.030000
267  -0.005000
268   0.035000
269  -0.000000
270   0.045000
271  -0.020000
272   0.045000
273  -0.020000
274   0.080000
275  -0.035000
276   0.000000
277  -0.045000
278  -0.050000
279  -0.070000
280   0.050000
281  -0.050000
282   0.025000
283  -0.020000
284   0.100000
285  -0.025000
286  -0.010000
287   0.005000
288   0.000000
289   0.045000
290  -0.035000
291  -0.055000
292   0.035000
293   0.040000
294   0.100000
295   0.005000
296   0.055000
297  -0.015000
298   0.030000
299   0.025000
300   0.050000
301   0.010000
302   0.070000
303   0.015000
304  -0.060000
305   0.045000
306   0.020000
307  -0.070000
308   0.020000
309  -0.015000
310  -0.045000
311  -0.015000
312  -0.010000
313  -0.010000
314  -0.000000
315  -0.075000
316  -0.040000
317  -0.015000
318  -0.085000
319   0.020000
320   0.015000
321   0.055000
322  -0.030000
323  -0.075000
324  -0.015000
325  -0.015000
326  -0.120000
327   0.015000
328  -0.010000
329  -0.040000
330  -0.005000
331   0.045000
332   0.030000
333   0.080000
334   0.020000
335  -0.055000
336  -0.010000
337  -0.030000
338  -0.125000
339  -0.040000
340   0.050000
341   0.040000
342   0.035000
343   0.040000
344  -0.060000
345   0.000000
346   0.055000
347  -0.115000
348  -0.040000
349  -0.055000
350   0.035000
351  -0.045000
352  -0.015000
353   0.050000
354   0.085000
355   0.030000
356  -0.030000
357   0.095000
358   0.000000
359  -0.030000
360   0.000000
361   0.080000
362  -0.125000
363   0.060000
364  -0.030000
365   0.045000
366  -0.045000
367   0.065000
368  -0.085000
369  -0.010000
370   0.155000
371   0.030000
372   0.010000
373   0.030000
374  -0.060000
375   0.045000
376  -0.010000
377   0.010000
378  -0.000000
379   0.015000
380   0.010000
381   0.010000
382   0.045000
383   0.020000
384   0.015000
385  -0.045000
386  -0.055000
387  -0.070000
388  -0.060000
389  -0.170000
390   0.020000
391   0.015000
392   0.025000
393   0.015000
394   0.065000
395  -0.070000
396  -0.035000
397  -0.040000
398  -0.005000
399  -0.080000
400  -0.065000
401   0.005000
402  -0.040000
403   0.030000
404  -0.045000
405  -0.130000
406   0.015000
407   0.080000
408  -0.045000
409  -0.190000
410   0.035000
411   0.010000
412  -0.040000
413   0.020000
414  -0.010000
415   0.010000
416  -0.105000
417  -0.005000
418   0.050000
419   0.025000
420  -0.025000
421   0.050000
422  -0.040000
423   0.055000
424  -0.030000
425   0.035000
426   0.110000
427  -0.055000
428   0.065000
429  -0.005000
430   0.100000
431   0.040000
432   0.015000
433  -0.055000
434   0.015000
435  -0.045000
436  -0.015000
437  -0.100000
438   0.005000
439   0.000000
440   0.045000
441  -0.010000
442  -0.020000
443  -0.035000
444  -0.020000
445  -0.060000
446  -0.050000
447   0.070000
448   0.050000
449   0.010000
450  -0.000000
451   0.010000
452   0.025000
453  -0.070000
454   0.040000
455  -0.095000
456  -0.060000
457   0.010000
458   0.125000
459   0.095000
460  -0.025000
461   0.025000
462  -0.055000
463   0.020000
464  -0.025000
465   0.010000
466  -0.010000
467   0.010000
468   0.000000
469  -0.080000
470  -0.045000
471  -0.070000
472   0.020000
473  -0.015000
474  -0.020000
475  -0.015000
476  -0.090000
477  -0.020000
478  -0.055000
479   0.070000
480   0.015000
481  -0.045000
482  -0.015000
483   0.035000
484   0.025000
485   0.040000
486  -0.105000
487  -0.040000
488  -0.090000
489  -0.065000
490   0.015000
491  -0.065000
492  -0.010000
493  -0.035000
494   0.005000
495  -0.085000
496  -0.000000
497  -0.060000
498  -0.025000
499   0.075000
500  -0.105000
-499   0.040000
-498   0.040000
-497   0.045000
-496  -0.040000
-495   0.010000
-494  -0.005000
-493   0.015000
-492  -0.065000
-491  -0.005000
-490   0.065000
-489  -0.025000
-488   0.050000
-487   0.010000
-486  -0.025000
-485   0.015000
-484   0.045000
-483  -0.010000
-482  -0.080000
-481  -0.010000
-480   0.085000
-479   0.045000
-478   0.005000
-477  -0.095000
-476  -0.000000
-475   0.020000
-474  -0.030000
-473   0.025000
-472  -0.110000
-471   0.020000
-470  -0.030000
-469   0.020000
-468  -0.030000
-467  -0.055000
-466   0.010000
-465  -0.015000
-464  -0.010000
-463  -0.010000
-462  -0.070000
-461  -0.025000
-460   0.005000
-459  -0.020000
-458   0.000000
-457  -0.015000
-456   0.040000
-455  -0.080000
-454  -0.005000
-453  -0.030000
-452   0.010000
-451  -0.075000
-450   0.015000
-449   0.020000
-448   0.120000
-447   0.040000
-446  -0.010000
-445   0.070000
-444  -0.120000
-443   0.010000
-442  -0.025000
-441  -0.070000
-440  -0.040000
-439   0.055000
-438   0.020000
-437   0.015000
-436  -0.025000
-435  -0.070000
-434  -0.060000
-433   0.010000
-432   0.005000
-431   0.035000
-430   0.045000
-429  -0.075000
-428  -0.070000
-427  -0.035000
-426   0.010000
-425   0.005000
-424   0.005000
-423   0.015000
-422   0.080000
-421   0.055000
-420  -0.035000
-419  -0.025000
-418  -0.005000
-417   0.000000
-416  -0.030000
-415  -0.025000
-414  -0.040000
-413   0.005000
-412  -0.020000
-411  -0.085000
-410  -0.085000
-409  -0.025000
-408   0.045000
-407   0.015000
-406  -0.065000
-405   0.015000
-404   0.040000
-403  -0.005000
-402  -0.030000
-401  -0.010000
-400  -0.010000
-399  -0.050000
-398  -0.045000
-397   0.035000
-396  -0.010000
-395  -0.025000
-394   0.040000
-393   0.025000
-392   0.045000
-391  -0.070000
-390  -0.030000
-389  -0.060000
-388   0.085000
-387   0.010000
-386   0.100000
-385   0.000000
-384   0.065000
-383   0.010000
-382   0.035000
-381  -0.090000
-380   0.020000
-379   0.065000
-378   0.045000
-377   0.070000
-376  -0.000000
-375   0.010000
-374   0.070000
-373  -0.050000
-372   0.000000
-371   0.005000
-370  -0.035000
-369   0.015000
-368   0.070000
-367  -0.050000
-366   0.080000
-365  -0.030000
-364  -0.020000
-363   0.075000
-362   0.025000
-361   0.060000
-360  -0.030000
-359  -0.020000
-358   0.025000
-357   0.000000
-356  -0.005000
-355   0.035000
-354   0.055000
-353  -0.010000
-352   0.030000
-351   0.070000
-350  -0.005000
-349   0.085000
-348   0.020000
-347   0.025000
-346  -0.060000
-345   0.040000
-344  -0.075000
-343   0.045000
-342  -0.000000
-341   0.015000
-340   0.005000
-339  -0.005000
-338  -0.005000
-337   0.030000
-336  -0.085000
-335  -0.035000
-334  -0.065000
-333   0.015000
-332  -0.005000
-331  -0.030000
-330  -0.055000
-329   0.045000
-328   0.010000
-327  -0.005000
-326  -0.040000
-325   0.005000
-324   0.030000
-323  -0.035000
-322  -0.005000
-321  -0.055000
-320  -0.090000
-319   0.035000
-318   0.045000
-317   0.035000
-316   0.100000
-315  -0.100000
-314  -0.005000
-313   0.070000
-312  -0.035000
-311  -0.065000
-310  -0.040000
-309  -0.055000
-308  -0.060000
-307  -0.025000
-306  -0.005000
-305  -0.010000
-304   0.055000
-303  -0.005000
-302   0.030000
-301  -0.040000
-300  -0.030000
-299  -0.085000
-298  -0.030000
-297  -0.130000
-296  -0.060000
-295   0.115000
-294  -0.035000
-293  -0.005000
-292   0.065000
-291  -0.030000
-290   0.045000
-289   0.035000
-288  -0.130000
-287   0.015000
-286  -0.035000
-285  -0.010000
-284   0.045000
-283  -0.120000
-282   0.115000
-281   0.030000
-280   0.035000
-279  -0.025000
-278   0.030000
-277   0.030000
-276  -0.005000
-275  -0.010000
-274   0.025000
-273  -0.055000
-272   0.030000
-271   0.020000
-270  -0.020000
-269  -0.020000
-268   0.010000
-267  -0.080000
-266   0.070000
-265  -0.010000
-264   0.005000
-263   0.015000
-262   0.050000
-261  -0.055000
-260   0.005000
-259  -0.025000
-258  -0.065000
-257   0.045000
-256   0.050000
-255  -0.005000
-254  -0.045000
-253   0.050000
-252   0.000000
-251   0.070000
-250   0.040000
-249  -0.035000
-248   0.000000
-247  -0.015000
-246  -0.005000
-245   0.055000
-244   0.005000
-243  -0.070000
-242   0.080000
-241   0.045000
-240   0.015000
-239  -0.055000
-238   0.050000
-237  -0.040000
-236   0.060000
-235  -0.030000
-234   0.050000
-233  -0.030000
-232   0.015000
-231  -0.005000
-230   0.010000
-229  -0.110000
-228   0.040000
-227   0.020000
-226  -0.045000
-225   0.035000
-224   0.065000
-223   0.030000
-222   0.045000
-221  -0.020000
-220   0.055000
-219   0.065000
-218  -0.005000
-217  -0.090000
-216   0.075000
-215   0.065000
-214  -0.130000
-213   0.010000
-212  -0.030000
-211   0.055000
-210  -0.045000
-209   0.005000
-208  -0.040000
-207   0.015000
-206   0.010000
-205  -0.000000
-204   0.025000
-203  -0.070000
-202  -0.060000
-201  -0.105000
-200   0.040000
-199   0.055000
-198  -0.005000
-197  -0.015000
-196   0.015000
-195   0.025000
-194   0.045000
-193   0.075000
-192   0.030000
-191   0.025000
-190   0.005000
-189   0.030000
-188  -0.035000
-187  -0.075000
-186  -0.025000
-185   0.025000
-184   0.005000
-183  -0.065000
-182   0.030000
-181  -0.005000
-180   0.095000
-179  -0.040000
-178   0.000000
-177  -0.005000
-176   0.020000
-175  -0.055000
-174  -0.035000
-173  -0.040000
-172   0.020000
-171   0.060000
-170   0.050000
-169  -0.050000
-168  -0.035000
-167  -0.060000
-166  -0.030000
-165   0.025000
-164   0.010000
-163  -0.030000
-162   0.085000
-161   0.000000
-160  -0.065000
-159  -0.040000
-158  -0.005000
-157  -0.040000
-156  -0.015000
-155   0.020000
-154   0.015000
-153   0.030000
-152   0.050000
-151  -0.025000
-150   0.005000
-149   0.030000
-148   0.020000
-147  -0.050000
-146   0.110000
-145  -0.035000
-144  -0.065000
-143  -0.035000
-142  -0.010000
-141  -0.040000
-140  -0.020000
-139  -0.010000
-138  -0.050000
-137  -0.045000
-136   0.030000
-135  -0.070000
-134  -0.025000
-133  -0.020000
-132  -0.045000
-131  -0.040000
-130  -0.065000
-129   0.030000
-128  -0.025000
-127  -0.010000
-126  -0.035000
-125  -0.025000
-124   0.010000
-123   0.045000
-122   0.045000
-121  -0.040000
-120  -0.065000
-119  -0.005000
-118  -0.060000
-117  -0.015000
-116   0.080000
-115  -0.035000
-114   0.060000
-113   0.005000
-112   0.090000
-111  -0.010000
-110  -0.050000
-109  -0.005000
-108   0.010000
-107   0.045000
-106  -0.075000
-105   0.125000
-104   0.000000
-103  -0.030000
-102   0.035000
-101   0.105000
-100   0.010000
-99  -0.050000
-98   0.050000
-97  -0.050000
-96  -0.015000
-95  -0.005000
-94  -0.035000
-93  -0.015000
-92   0.015000
-91   0.000000
-90  -0.025000
-89   0.045000
-88   0.005000
-87   0.055000
-86  -0.085000
-85   0.030000
-84   0.040000
-83   0.025000
-82  -0.040000
-81   0.045000
-80  -0.010000
-79  -0.015000
-78   0.030000
-77   0.025000
-76   0.110000
-75   0.045000
-74  -0.015000
-73  -0.020000
-72  -0.020000
-71  -0.005000
-70  -0.065000
-69  -0.090000
-68   0.035000
-67   0.020000
-66   0.065000
-65   0.005000
-64   0.055000
-63   0.015000
-62   0.045000
-61   0.150000
-60   0.050000
-59  -0.090000
-58  -0.055000
-57  -0.030000
-56   0.015000
-55  -0.030000
-54  -0.010000
-53  -0.100000
-52   0.005000
-51   0.075000
-50   0.010000
-49  -0.010000
-48   0.030000
-47  -0.040000
-46   0.075000
-45   0.040000
-44   0.020000
-43   0.035000
-42  -0.070000
-41   0.035000
-40   0.015000
-39   0.010000
-38   0.040000
-37  -0.005000
-36   0.015000
-35   0.090000
-34  -0.050000
-33  -0.025000
-32  -0.020000
-31   0.035000
-30  -0.060000
-29  -0.000000
-28  -0.025000
-27  -0.020000
-26  -0.010000
-25  -0.015000
-24  -0.035000
-23  -0.085000
-22   0.090000
-21  -0.025000
-20  -0.025000
-19   0.170000
-18   0.050000
-17  -0.020000
-16   0.045000
-15   0.080000
-14   0.140000
-13  -0.005000
-12  -0.045000
-11  -0.005000
-10  -0.015000
-9  -0.060000
-8  -0.035000
-7  -0.020000
-6   0.070000
-5   0.055000
-4  -0.050000
-3   0.010000
-2  -0.035000
-1   0.035000
