0  -0.050000
1  -0.030000
2  -0.080000
3   0.065000
4   0.090000
5   0.020000
6   0.060000
7  -0.025000
8   0.100000
9   0.050000
10   0.110000
11   0.000000
12   0.000000
13   0.055000
14  -0.045000
15  -0.110000
16  -0.000000
17   0.025000
18  -0.085000
19   0.050000
20   0.140000
21  -0.035000
22   0.050000
23   0.050000
24  -0.120000
25  -0.045000
26   0.050000
27  -0.025000
28  -0.000000
29  -0.020000
30   0.035000
31  -0.030000
32   0.055000
33  -0.005000
34  -0.080000
35   0.005000
36  -0.010000
37   0.005000
38  -0.060000
39   0.025000
40  -0.025000
41  -0.070000
42  -0.050000
43   0.005000
44  -0.010000
45   0.005000
46  -0.000000
47   0.045000
48  -0.000000
49   0.040000
50   0.005000
51  -0.085000
52   0.060000
53   0.025000
54   0.065000
55   0.020000
56   0.070000
57  -0.105000
58   0.005000
59   0.005000
60  -0.030000
61   0.040000
62   0.095000
63  -0.040000
64   0.040000
65   0.150000
66   0.000000
67   0.060000
68   0.010000
69   0.015000
70   0.005000
71  -0.045000
72  -0.010000
73   0.045000
74   0.040000
75   0.000000
76  -0.095000
77  -0.120000
78   0.030000
79  -0.040000
80   0.025000
81   0.035000
82   0.055000
83  -0.005000
84   0.010000
85   0.000000
86  -0.060000
87  -0.040000
88  -0.005000
89  -0.020000
90   0.030000
91   0.035000
92   0.025000
93  -0.120000
94  -0.035000
95  -0.060000
96  -0.005000
97  -0.095000
98   0.040000
99  -0.035000
100  -0.015000
101  -0.035000
102  -0.030000
103  -0.095000
104   0.050000
105  -0.010000
106  -0.030000
107  -0.010000
108  -0.040000
109   0.105000
110   0.035000
111   0.080000
112  -0.080000
113   0.040000
114   0.055000
115   0.100000
116  -0.030000
117  -0.120000
118  -0.010000
119   0.020000
120   0.045000
121   0.055000
122   0.065000
123   0.130000
124   0.015000
125  -0.035000
126  -0.010000
127  -0.010000
128  -0.055000
129   0.055000
130  -0.020000
131   0.055000
132  -0.070000
133  -0.025000
134  -0.040000
135  -0.065000
136   0.010000
137  -0.000000
138   0.075000
139  -0.030000
140  -0.085000
141  -0.045000
142  -0.045000
143   0.030000
144   0.065000
145  -0.075000
146   0.060000
147  -0.055000
148   0.000000
149  -0.005000
150  -0.075000
151  -0.060000
152  -0.080000
153  -0.065000
154  -0.035000
155   0.085000
156  -0.070000
157   0.030000
158  -0.040000
159  -0.060000
160  -0.070000
161  -0.010000
162   0.100000
163   0.040000
164  -0.060000
165   0.025000
166  -0.045000
167  -0.020000
168   0.015000
169  -0.045000
170  -0.070000
171  -0.020000
172  -0.060000
173   0.080000
174  -0.070000
175  -0.025000
176   0.015000
177  -0.000000
178   0.065000
179  -0.055000
180  -0.025000
181  -0.120000
182  -0.005000
183  -0.070000
184  -0.035000
185   0.085000
186  -0.080000
187  -0.060000
188   0.030000
189  -0.005000
190   0.080000
191   0.060000
192  -0.060000
193  -0.025000
194  -0.050000
195   0.070000
196  -0.070000
197   0.015000
198  -0.005000
199   0.020000
200  -0.015000
201  -0.055000
202  -0.045000
203   0.010000
204  -0.005000
205   0.100000
206  -0.020000
207  -0.015000
208   0.045000
209  -0.025000
210   0.015000
211  -0.020000
212   0.010000
213  -0.055000
214   0.030000
215   0.030000
216  -0.015000
217   0.015000
218  -0.035000
219   0.010000
220  -0.015000
221   0.030000
222  -0.055000
223   0.070000
224   0.045000
225  -0.025000
226  -0.045000
227   0.005000
228   0.035000
229  -0.035000
230   0.030000
231   0.025000
232   0.050000
233   0.030000
234  -0.005000
235  -0.045000
236  -0.015000
237   0.060000
238   0.015000
239  -0.005000
240  -0.100000
241  -0.030000
242   0.005000
243  -0.070000
244  -0.075000
245  -0.020000
246  -0.040000
247  -0.020000
248  -0.035000
249  -0.045000
250   0.030000
251  -0.000000
252  -0.080000
253   0.105000
254   0.005000
255  -0.010000
256   0.020000
257   0.030000
258   0.010000
259   0.030000
260   0.010000
261  -0.000000
262   0.065000
263  -0.055000
264   0.015000
265   0.010000
266  -0.030000
267   0.045000
268  -0.035000
269   0.000000
270  -0.035000
271  -0.005000
272  -0.090000
273   0.055000
274   0.040000
275   0.130000
276   0.040000
277   0.010000
278   0.045000
279   0.075000
280   0.030000
281   0.055000
282   0.035000
283  -0.060000
284  -0.040000
285   0.020000
286   0.055000
287   0.040000
288  -0.015000
289   0.015000
290  -0.050000
291   0.085000
292  -0.030000
293   0.080000
294   0.025000
295  -0.010000
296   0.050000
297  -0.130000
298   0.050000
299  -0.055000
300  -0.075000
301   0.010000
302  -0.055000
303  -0.060000
304  -0.040000
305   0.065000
306   0.040000
307  -0.035000
308   0.050000
309  -0.060000
310   0.025000
311  -0.040000
312  -0.010000
313   0.015000
314  -0.020000
315  -0.115000
316   0.030000
317   0.085000
318  -0.005000
319   0.015000
320  -0.060000
321  -0.020000
322  -0.050000
323   0.010000
324  -0.005000
325  -0.010000
326   0.015000
327   0.050000
328   0.020000
329  -0.045000
330  -0.015000
331  -0.035000
332  -0.020000
333  -0.085000
334  -0.055000
335   0.050000
336   0.080000
337   0.135000
338  -0.125000
339   0.040000
340   0.010000
341   0.015000
342  -0.015000
343  -0.085000
344   0.010000
345   0.040000
346  -0.005000
347  -0.055000
348   0.020000
349  -0.020000
350   0.060000
351  -0.035000
352  -0.030000
353  -0.030000
354  -0.015000
355   0.075000
356  -0.015000
357  -0.100000
358  -0.015000
359  -0.025000
360  -0.105000
361  -0.085000
362  -0.030000
363   0.040000
364  -0.040000
365   0.005000
366   0.050000
367  -0.080000
368   0.035000
369  -0.030000
370  -0.005000
371   0.030000
372  -0.020000
373  -0.020000
374  -0.065000
375  -0.065000
376   0.000000
377  -0.105000
378  -0.035000
379  -0.055000
380  -0.020000
381   0.095000
382   0.080000
383   0.030000
384  -0.015000
385   0.040000
386  -0.035000
387   0.125000
388   0.040000
389   0.020000
390   0.030000
391   0.030000
392  -0.020000
393  -0.090000
394   0.010000
395  -0.015000
396  -0.040000
397   0.005000
398   0.040000
399   0.005000
400   0.015000
401   0.000000
402  -0.050000
403  -0.025000
404  -0.015000
405   0.020000
406   0.015000
407  -0.030000
408   0.045000
409   0.035000
410   0.075000
411  -0.010000
412   0.055000
413  -0.060000
414   0.005000
415  -0.025000
416   0.005000
417   0.110000
418   0.000000
419  -0.050000
420  -0.010000
421  -0.015000
422   0.000000
423  -0.020000
424  -0.090000
425  -0.065000
426  -0.065000
427   0.025000
428  -0.030000
429  -0.025000
430  -0.025000
431   0.045000
432   0.100000
433   0.015000
434   0.065000
435  -0.005000
436   0.050000
437  -0.010000
438  -0.065000
439   0.005000
440  -0.035000
441  -0.055000
442   0.045000
443  -0.110000
444   0.050000
445  -0.025000
446   0.000000
447   0.040000
448   0.050000
449  -0.050000
450  -0.010000
451  -0.055000
452   0.030000
453  -0.030000
454   0.095000
455   0.070000
456  -0.005000
457   0.015000
458  -0.015000
459   0.075000
460  -0.045000
461   0.050000
462  -0.030000
463   0.105000
464  -0.020000
465  -0.020000
466   0.035000
467  -0.040000
468  -0.020000
469   0.005000
470  -0.095000
471   0.010000
472   0.075000
473   0.015000
474   0.005000
475  -0.005000
476   0.080000
477   0.035000
478   0.000000
479  -0.060000
480   0.000000
481  -0.110000
482   0.005000
483  -0.030000
484   0.015000
485   0.075000
486  -0.150000
487   0.050000
488  -0.055000
489  -0.030000
490   0.025000
491   0.045000
492   0.030000
493   0.040000
494  -0.045000
495  -0.035000
496   0.020000
497  -0.015000
498  -0.040000
499   0.045000
500   0.030000
-499  -0.090000
-498   0.025000
-497  -0.005000
-496  -0.035000
-495  -0.065000
-494  -0.060000
-493   0.025000
-492  -0.050000
-491  -0.050000
-490  -0.005000
-489   0.030000
-488  -0.055000
-487   0.015000
-486  -0.080000
-485   0.100000
-484   0.080000
-483  -0.035000
-482  -0.075000
-481   0.000000
-480  -0.020000
-479  -0.005000
-478   0.070000
-477   0.070000
-476  -0.010000
-475  -0.005000
-474  -0.035000
-473   0.010000
-472   0.075000
-471   0.000000
-470   0.025000
-469  -0.030000
-468   0.035000
-467   0.010000
-466   0.005000
-465   0.005000
-464  -0.070000
-463  -0.100000
-462  -0.005000
-461   0.020000
-460  -0.035000
-459   0.055000
-458   0.050000
-457   0.060000
-456   0.010000
-455  -0.055000
-454  -0.070000
-453   0.020000
-452  -0.115000
-451   0.045000
-450   0.010000
-449   0.050000
-448  -0.035000
-447   0.020000
-446   0.015000
-445   0.045000
-444   0.020000
-443  -0.040000
-442   0.080000
-441   0.065000
-440   0.090000
-439  -0.065000
-438   0.065000
-437   0.070000
-436  -0.015000
-435  -0.040000
-434  -0.040000
-433   0.050000
-432   0.020000
-431   0.040000
-430   0.055000
-429  -0.125000
-428   0.025000
-427  -0.005000
-426   0.045000
-425   0.005000
-424   0.030000
-423   0.020000
-422  -0.035000
-421   0.060000
-420   0.045000
-419   0.020000
-418  -0.080000
-417   0.025000
-416   0.015000
-415   0.015000
-414  -0.010000
-413   0.005000
-412  -0.015000
-411   0.105000
-410   0.045000
-409   0.030000
-408   0.000000
-407  -0.015000
-406   0.000000
-405   0.065000
-404   0.030000
-403  -0.025000
-402  -0.045000
-401  -0.010000
-400   0.030000
-399   0.010000
-398  -0.015000
-397   0.045000
-396   0.040000
-395  -0.005000
-394   0.040000
-393   0.055000
-392  -0.000000
-391   0.050000
-390   0.090000
-389  -0.015000
-388  -0.070000
-387  -0.015000
-386   0.080000
-385  -0.020000
-384   0.075000
-383   0.050000
-382   0.040000
-381   0.055000
-380  -0.060000
-379   0.040000
-378  -0.005000
-377   0.075000
-376  -0.040000
-375   0.000000
-374   0.065000
-373   0.020000
-372   0.060000
-371  -0.035000
-370   0.020000
-369  -0.105000
-368   0.005000
-367   0.030000
-366  -0.030000
-365   0.035000
-364  -0.020000
-363   0.070000
-362   0.010000
-361   0.090000
-360  -0.025000
-359  -0.000000
-358   0.045000
-357  -0.005000
-356   0.030000
-355  -0.010000
-354  -0.060000
-353  -0.095000
-352  -0.030000
-351  -0.050000
-350   0.075000
-349   0.045000
-348  -0.100000
-347  -0.040000
-346   0.080000
-345  -0.080000
-344   0.045000
-343   0.050000
-342  -0.040000
-341   0.075000
-340  -0.030000
-339  -0.015000
-338   0.000000
-337   0.035000
-336  -0.010000
-335   0.025000
-334  -0.040000
-333   0.010000
-332   0.040000
-331  -0.070000
-330  -0.035000
-329  -0.080000
-328  -0.025000
-327   0.020000
-326   0.000000
-325   0.055000
-324  -0.025000
-323   0.100000
-322  -0.030000
-321  -0.050000
-320  -0.005000
-319   0.050000
-318   0.055000
-317  -0.060000
-316   0.020000
-315  -0.055000
-314  -0.050000
-313  -0.015000
-312  -0.030000
-311   0.025000
-310   0.045000
-309   0.110000
-308  -0.030000
-307   0.055000
-306   0.060000
-305   0.000000
-304  -0.040000
-303  -0.055000
-302   0.005000
-301   0.100000
-300   0.025000
-299   0.025000
-298   0.030000
-297   0.035000
-296   0.015000
-295   0.040000
-294   0.015000
-293  -0.045000
-292  -0.015000
-291  -0.020000
-290  -0.060000
-289  -0.095000
-288   0.015000
-287  -0.025000
-286  -0.025000
-285  -0.015000
-284   0.040000
-283  -0.055000
-282   0.015000
-281   0.030000
-280   0.070000
-279   0.025000
-278  -0.065000
-277   0.000000
-276  -0.045000
-275   0.075000
-274   0.025000
-273   0.050000
-272   0.025000
-271   0.005000
-270   0.025000
-269   0.025000
-268   0.110000
-267   0.015000
-266  -0.005000
-265  -0.020000
-264  -0.055000
-263  -0.080000
-262  -0.035000
-261   0.015000
-260  -0.040000
-259  -0.045000
-258   0.055000
-257   0.035000
-256   0.030000
-255  -0.020000
-254  -0.065000
-253  -0.050000
-252   0.075000
-251   0.065000
-250  -0.040000
-249   0.010000
-248  -0.025000
-247   0.025000
-246  -0.115000
-245   0.045000
-244   0.165000
-243   0.140000
-242  -0.025000
-241  -0.075000
-240   0.055000
-239   0.020000
-238  -0.045000
-237  -0.120000
-236  -0.030000
-235   0.025000
-234   0.040000
-233   0.085000
-232  -0.005000
-231  -0.010000
-230   0.015000
-229   0.005000
-228  -0.020000
-227  -0.100000
-226   0.005000
-225  -0.020000
-224  -0.035000
-223  -0.015000
-222   0.085000
-221  -0.015000
-220  -0.010000
-219   0.130000
-218   0.045000
-217   0.020000
-216  -0.010000
-215  -0.080000
-214  -0.125000
-213   0.015000
-212  -0.040000
-211  -0.025000
-210   0.050000
-209   0.110000
-208   0.060000
-207   0.060000
-206   0.030000
-205  -0.075000
-204   0.115000
-203  -0.015000
-202   0.020000
-201  -0.005000
-200   0.070000
-199  -0.065000
-198   0.065000
-197   0.130000
-196  -0.005000
-195  -0.155000
-194  -0.080000
-193   0.035000
-192   0.080000
-191   0.125000
-190  -0.010000
-189  -0.010000
-188   0.000000
-187   0.000000
-186  -0.010000
-185  -0.050000
-184  -0.030000
-183   0.015000
-182   0.060000
-181   0.065000
-180   0.050000
-179  -0.050000
-178  -0.050000
-177  -0.050000
-176   0.075000
-175   0.000000
-174   0.030000
-173  -0.080000
-172  -0.075000
-171  -0.100000
-170  -0.050000
-169   0.110000
-168   0.055000
-167   0.035000
-166   0.050000
-165   0.000000
-164   0.005000
-163   0.030000
-162   0.030000
-161   0.030000
-160  -0.075000
-159   0.025000
-158   0.020000
-157  -0.045000
-156  -0.085000
-155  -0.000000
-154   0.000000
-153  -0.070000
-152  -0.095000
-151   0.035000
-150   0.070000
-149  -0.125000
-148   0.060000
-147   0.055000
-146  -0.060000
-145  -0.010000
-144  -0.095000
-143  -0.035000
-142   0.025000
-141   0.030000
-140   0.050000
-139   0.085000
-138   0.010000
-137   0.010000
-136   0.000000
-135  -0.030000
-134  -0.060000
-133   0.005000
-132   0.025000
-131   0.050000
-130  -0.010000
-129  -0.100000
-128   0.070000
-127   0.030000
-126   0.045000
-125  -0.085000
-124  -0.055000
-123   0.035000
-122  -0.020000
-121  -0.010000
-120  -0.005000
-119   0.115000
-118   0.030000
-117  -0.030000
-116   0.005000
-115  -0.030000
-114   0.015000
-113   0.040000
-112   0.050000
-111   0.025000
-110  -0.065000
-109   0.025000
-108  -0.075000
-107   0.055000
-106   0.030000
-105   0.010000
-104  -0.010000
-103  -0.045000
-102  -0.005000
-101   0.050000
-100   0.010000
-99  -0.070000
-98  -0.025000
-97   0.070000
-96  -0.045000
-95  -0.095000
-94   0.090000
-93  -0.135000
-92   0.030000
-91   0.015000
-90   0.015000
-89  -0.060000
-88  -0.050000
-87   0.045000
-86   0.050000
-85  -0.030000
-84  -0.050000
-83  -0.020000
-82  -0.035000
-81   0.020000
-80   0.015000
-79  -0.010000
-78  -0.030000
-77   0.020000
-76  -0.030000
-75   0.025000
-74  -0.020000
-73   0.010000
-72  -0.030000
-71  -0.110000
-70  -0.060000
-69  -0.105000
-68  -0.065000
-67  -0.015000
-66   0.020000
-65  -0.010000
-64   0.060000
-63   0.070000
-62   0.050000
-61  -0.010000
-60   0.005000
-59   0.010000
-58   0.120000
-57  -0.125000
-56  -0.000000
-55  -0.070000
-54  -0.010000
-53   0.070000
-52   0.005000
-51  -0.005000
-50   0.020000
-49   0.005000
-48   0.075000
-47   0.010000
-46  -0.045000
-45   0.005000
-44  -0.140000
-43   0.035000
-42   0.020000
-41  -0.045000
-40  -0.005000
-39   0.005000
-38   0.060000
-37   0.000000
-36  -0.035000
-35  -0.020000
-34  -0.065000
-33  -0.070000
-32   0.020000
-31  -0.050000
-30  -0.010000
-29  -0.005000
-28  -0.055000
-27  -0.015000
-26  -0.055000
-25   0.015000
-24  -0.020000
-23   0.015000
-22   0.110000
-21   0.100000
-20   0.025000
-19   0.005000
-18  -0.010000
-17  -0.060000
-16   0.105000
-15   0.060000
-14  -0.030000
-13  -0.035000
-12  -0.045000
-11   0.025000
-10  -0.095000
-9  -0.055000
-8  -0.045000
-7   0.010000
-6  -0.045000
-5  -0.090000
-4  -0.025000
-3   0.065000
-2   0.070000
-1   0.045000
