0  -0.030000
1  -0.100000
2   0.070000
3   0.070000
4   0.065000
5  -0.020000
6  -0.050000
7  -0.045000
8   0.000000
9   0.025000
10   0.065000
11   0.025000
12  -0.025000
13  -0.045000
14   0.100000
15  -0.085000
16  -0.030000
17   0.065000
18   0.075000
19  -0.020000
20   0.015000
21  -0.025000
22  -0.020000
23   0.045000
24  -0.015000
25  -0.035000
26  -0.025000
27  -0.050000
28  -0.035000
29   0.025000
30   0.005000
31   0.090000
32   0.020000
33  -0.010000
34   0.070000
35  -0.005000
36  -0.055000
37   0.040000
38  -0.015000
39   0.080000
40  -0.055000
41  -0.005000
42   0.025000
43  -0.110000
44   0.025000
45   0.000000
46  -0.000000
47  -0.065000
48   0.025000
49  -0.035000
50   0.005000
51  -0.030000
52  -0.060000
53   0.000000
54  -0.045000
55  -0.105000
56  -0.060000
57  -0.025000
58   0.020000
59   0.095000
60  -0.060000
61   0.005000
62   0.040000
63  -0.090000
64   0.000000
65   0.045000
66   0.075000
67  -0.090000
68  -0.045000
69  -0.035000
70  -0.015000
71  -0.075000
72  -0.005000
73   0.000000
74  -0.050000
75  -0.005000
76  -0.010000
77  -0.095000
78   0.055000
79  -0.145000
80  -0.055000
81   0.030000
82  -0.025000
83  -0.040000
84   0.045000
85  -0.060000
86   0.060000
87  -0.115000
88  -0.050000
89  -0.035000
90   0.020000
91  -0.005000
92   0.015000
93  -0.025000
94  -0.040000
95  -0.030000
96   0.025000
97  -0.020000
98   0.035000
99  -0.000000
100  -0.010000
101   0.105000
102   0.050000
103  -0.020000
104   0.050000
105   0.050000
106  -0.015000
107  -0.010000
108   0.055000
109  -0.080000
110  -0.100000
111   0.005000
112   0.005000
113  -0.015000
114  -0.005000
115  -0.020000
116   0.115000
117   0.045000
118   0.040000
119  -0.050000
120  -0.050000
121  -0.090000
122   0.010000
123  -0.045000
124  -0.075000
125  -0.040000
126  -0.045000
127  -0.040000
128   0.010000
129   0.045000
130   0.075000
131   0.100000
132  -0.075000
133   0.090000
134   0.020000
135   0.035000
136   0.015000
137  -0.055000
138  -0.040000
139   0.070000
140  -0.050000
141   0.050000
142   0.030000
143   0.050000
144  -0.070000
145  -0.050000
146   0.035000
147  -0.055000
148  -0.075000
149   0.035000
150  -0.005000
151  -0.055000
152   0.015000
153  -0.015000
154  -0.030000
155   0.025000
156  -0.015000
157   0.065000
158   0.045000
159   0.085000
160  -0.070000
161  -0.055000
162   0.055000
163  -0.050000
164  -0.015000
165   0.015000
166  -0.015000
167  -0.090000
168  -0.005000
169  -0.025000
170   0.085000
171   0.080000
172   0.070000
173   0.015000
174   0.040000
175   0.010000
176  -0.070000
177  -0.070000
178  -0.005000
179   0.055000
180  -0.050000
181  -0.005000
182   0.120000
183   0.045000
184  -0.100000
185  -0.070000
186   0.110000
187   0.035000
188  -0.080000
189   0.025000
190   0.055000
191  -0.030000
192  -0.050000
193   0.075000
194   0.005000
195   0.035000
196   0.015000
197  -0.030000
198  -0.010000
199  -0.010000
200  -0.070000
201   0.025000
202   0.020000
203  -0.040000
204  -0.070000
205   0.010000
206   0.020000
207  -0.010000
208  -0.035000
209  -0.015000
210   0.060000
211   0.005000
212  -0.045000
213  -0.100000
214   0.010000
215  -0.000000
216  -0.015000
217   0.025000
218   0.020000
219   0.090000
220  -0.025000
221  -0.025000
222   0.005000
223   0.035000
224  -0.060000
225   0.005000
226  -0.030000
227   0.015000
228   0.015000
229   0.005000
230  -0.010000
231   0.045000
232   0.085000
233  -0.015000
234  -0.010000
235  -0.015000
236  -0.030000
237  -0.015000
238  -0.020000
239  -0.010000
240   0.050000
241   0.055000
242  -0.030000
243  -0.035000
244   0.035000
245   0.045000
246   0.000000
247  -0.050000
248   0.050000
249   0.005000
250  -0.040000
251   0.050000
252  -0.055000
253  -0.010000
254  -0.115000
255   0.010000
256  -0.105000
257   0.055000
258  -0.020000
259  -0.015000
260  -0.025000
261  -0.085000
262  -0.065000
263  -0.120000
264   0.045000
265  -0.055000
266  -0.090000
267   0.060000
268  -0.000000
269  -0.090000
270  -0.020000
271   0.065000
272  -0.055000
273   0.010000
274   0.060000
275  -0.010000
276  -0.035000
277   0.040000
278  -0.065000
279  -0.055000
280   0.030000
281  -0.075000
282   0.070000
283  -0.020000
284  -0.090000
285   0.025000
286  -0.045000
287   0.030000
288   0.055000
289  -0.070000
290   0.070000
291   0.040000
292   0.035000
293  -0.030000
294  -0.020000
295  -0.035000
296  -0.015000
297   0.005000
298  -0.025000
299  -0.020000
300   0.015000
301  -0.005000
302   0.110000
303   0.040000
304   0.045000
305   0.045000
306   0.040000
307   0.060000
308   0.050000
309   0.005000
310  -0.015000
311  -0.005000
312   0.020000
313   0.010000
314  -0.055000
315  -0.120000
316   0.030000
317   0.040000
318   0.005000
319  -0.050000
320  -0.005000
321   0.005000
322   0.020000
323   0.035000
324  -0.035000
325   0.010000
326   0.060000
327  -0.015000
328  -0.010000
329   0.000000
330   0.010000
331  -0.050000
332   0.010000
333   0.040000
334  -0.045000
335   0.015000
336   0.035000
337  -0.030000
338   0.040000
339   0.000000
340   0.010000
341  -0.010000
342   0.065000
343   0.045000
344  -0.010000
345  -0.050000
346   0.085000
347  -0.020000
348   0.020000
349  -0.040000
350  -0.020000
351   0.100000
352  -0.015000
353  -0.100000
354   0.005000
355   0.070000
356   0.040000
357  -0.045000
358  -0.105000
359   0.020000
360  -0.015000
361   0.005000
362  -0.005000
363   0.000000
364   0.040000
365  -0.055000
366  -0.040000
367   0.025000
368  -0.010000
369   0.070000
370   0.110000
371  -0.020000
372   0.040000
373  -0.115000
374  -0.095000
375  -0.050000
376   0.115000
377  -0.005000
378  -0.010000
379  -0.030000
380   0.005000
381  -0.100000
382  -0.005000
383   0.000000
384  -0.020000
385  -0.020000
386   0.010000
387  -0.035000
388   0.070000
389  -0.030000
390  -0.135000
391  -0.045000
392   0.020000
393   0.025000
394   0.055000
395   0.045000
396   0.055000
397  -0.090000
398  -0.030000
399   0.015000
400  -0.005000
401   0.080000
402   0.060000
403  -0.035000
404  -0.035000
405  -0.015000
406   0.090000
407  -0.040000
408   0.005000
409   0.015000
410   0.010000
411   0.005000
412   0.005000
413   0.000000
414  -0.045000
415   0.010000
416   0.005000
417  -0.070000
418  -0.060000
419  -0.015000
420   0.005000
421  -0.005000
422  -0.060000
423  -0.065000
424   0.030000
425  -0.030000
426   0.055000
427  -0.050000
428   0.090000
429  -0.035000
430   0.020000
431   0.055000
432  -0.030000
433   0.035000
434  -0.075000
435  -0.015000
436   0.005000
437   0.070000
438   0.010000
439  -0.045000
440  -0.040000
441  -0.035000
442   0.105000
443   0.015000
444  -0.000000
445  -0.085000
446   0.010000
447   0.070000
448   0.065000
449   0.020000
450   0.080000
451  -0.045000
452  -0.010000
453  -0.020000
454  -0.005000
455  -0.005000
456  -0.105000
457  -0.055000
458   0.060000
459   0.030000
460  -0.015000
461   0.150000
462  -0.050000
463  -0.005000
464  -0.000000
465  -0.020000
466  -0.005000
467   0.055000
468   0.010000
469   0.070000
470   0.040000
471   0.065000
472  -0.015000
473   0.015000
474   0.000000
475   0.035000
476   0.025000
477   0.015000
478  -0.030000
479  -0.000000
480  -0.055000
481  -0.035000
482   0.025000
483  -0.060000
484  -0.035000
485  -0.025000
486  -0.050000
487  -0.010000
488   0.055000
489   0.010000
490   0.035000
491   0.025000
492  -0.055000
493  -0.090000
494  -0.010000
495  -0.015000
496  -0.005000
497   0.025000
498   0.025000
499  -0.035000
500  -0.015000
-499  -0.010000
-498  -0.075000
-497   0.005000
-496   0.060000
-495  -0.035000
-494  -0.060000
-493  -0.020000
-492  -0.060000
-491   0.065000
-490   0.025000
-489  -0.005000
-488  -0.030000
-487   0.025000
-486  -0.045000
-485  -0.025000
-484  -0.000000
-483  -0.040000
-482   0.040000
-481   0.030000
-480   0.005000
-479   0.045000
-478  -0.045000
-477  -0.095000
-476  -0.000000
-475  -0.030000
-474  -0.060000
-473  -0.105000
-472   0.025000
-471  -0.035000
-470   0.065000
-469  -0.045000
-468   0.010000
-467   0.005000
-466   0.030000
-465  -0.045000
-464   0.010000
-463  -0.035000
-462   0.085000
-461  -0.005000
-460   0.045000
-459   0.055000
-458  -0.045000
-457  -0.020000
-456  -0.050000
-455   0.015000
-454   0.035000
-453   0.035000
-452  -0.020000
-451  -0.065000
-450   0.000000
-449   0.025000
-448  -0.005000
-447  -0.010000
-446   0.005000
-445  -0.005000
-444  -0.000000
-443   0.065000
-442  -0.105000
-441   0.040000
-440   0.045000
-439   0.105000
-438  -0.020000
-437  -0.015000
-436  -0.035000
-435  -0.075000
-434  -0.025000
-433   0.000000
-432  -0.075000
-431  -0.045000
-430   0.110000
-429   0.025000
-428  -0.055000
-427  -0.040000
-426  -0.090000
-425   0.020000
-424  -0.015000
-423  -0.035000
-422   0.065000
-421   0.020000
-420  -0.045000
-419   0.025000
-418  -0.005000
-417  -0.000000
-416   0.110000
-415   0.040000
-414   0.130000
-413   0.040000
-412  -0.035000
-411   0.030000
-410   0.050000
-409  -0.005000
-408   0.050000
-407   0.010000
-406  -0.050000
-405   0.005000
-404  -0.010000
-403  -0.030000
-402  -0.015000
-401   0.015000
-400  -0.065000
-399  -0.085000
-398  -0.095000
-397   0.010000
-396  -0.010000
-395  -0.040000
-394  -0.075000
-393   0.065000
-392  -0.035000
-391  -0.040000
-390   0.045000
-389   0.020000
-388   0.100000
-387  -0.035000
-386   0.020000
-385   0.015000
-384   0.025000
-383  -0.025000
-382  -0.020000
-381   0.005000
-380   0.035000
-379  -0.015000
-378   0.050000
-377  -0.005000
-376  -0.070000
-375   0.000000
-374   0.010000
-373   0.005000
-372  -0.015000
-371   0.080000
-370   0.030000
-369  -0.050000
-368  -0.100000
-367   0.115000
-366  -0.025000
-365   0.030000
-364   0.040000
-363   0.015000
-362   0.015000
-361   0.035000
-360   0.065000
-359   0.095000
-358   0.045000
-357   0.025000
-356   0.015000
-355  -0.040000
-354  -0.010000
-353  -0.015000
-352   0.010000
-351   0.005000
-350  -0.005000
-349   0.035000
-348  -0.045000
-347   0.080000
-346   0.030000
-345  -0.105000
-344  -0.010000
-343   0.015000
-342   0.145000
-341   0.015000
-340   0.065000
-339   0.100000
-338   0.035000
-337   0.050000
-336  -0.010000
-335   0.015000
-334  -0.040000
-333   0.015000
-332  -0.045000
-331  -0.035000
-330  -0.000000
-329   0.005000
-328   0.090000
-327  -0.040000
-326  -0.040000
-325   0.080000
-324   0.030000
-323  -0.065000
-322   0.050000
-321   0.020000
-320  -0.035000
-319   0.020000
-318   0.015000
-317   0.025000
-316  -0.030000
-315  -0.045000
-314   0.005000
-313   0.035000
-312   0.010000
-311   0.035000
-310   0.000000
-309  -0.025000
-308   0.020000
-307  -0.070000
-306  -0.015000
-305  -0.090000
-304  -0.010000
-303  -0.030000
-302   0.005000
-301   0.075000
-300   0.010000
-299  -0.015000
-298  -0.065000
-297  -0.005000
-296   0.015000
-295   0.010000
-294   0.050000
-293  -0.020000
-292  -0.020000
-291   0.005000
-290  -0.005000
-289  -0.070000
-288   0.030000
-287  -0.005000
-286  -0.080000
-285  -0.015000
-284  -0.015000
-283   0.040000
-282  -0.025000
-281   0.005000
-280  -0.125000
-279   0.035000
-278   0.015000
-277  -0.120000
-276  -0.025000
-275  -0.010000
-274  -0.050000
-273   0.000000
-272   0.020000
-271  -0.060000
-270   0.055000
-269  -0.035000
-268   0.020000
-267   0.010000
-266   0.035000
-265   0.010000
-264  -0.060000
-263   0.010000
-262  -0.040000
-261  -0.005000
-260   0.005000
-259  -0.020000
-258   0.040000
-257  -0.020000
-256  -0.020000
-255  -0.035000
-254   0.020000
-253   0.005000
-252   0.010000
-251   0.030000
-250   0.025000
-249   0.085000
-248  -0.025000
-247   0.005000
-246   0.105000
-245  -0.035000
-244   0.055000
-243  -0.095000
-242  -0.020000
-241   0.050000
-240  -0.005000
-239   0.070000
-238  -0.005000
-237   0.005000
-236  -0.010000
-235   0.005000
-234  -0.015000
-233   0.045000
-232   0.010000
-231  -0.000000
-230   0.025000
-229   0.050000
-228  -0.050000
-227   0.085000
-226   0.000000
-225   0.025000
-224   0.050000
-223  -0.065000
-222   0.010000
-221   0.030000
-220  -0.060000
-219   0.025000
-218  -0.000000
-217   0.005000
-216   0.090000
-215   0.090000
-214  -0.105000
-213  -0.010000
-212  -0.045000
-211   0.005000
-210  -0.040000
-209  -0.095000
-208   0.130000
-207  -0.010000
-206  -0.020000
-205  -0.055000
-204   0.000000
-203   0.010000
-202   0.000000
-201  -0.000000
-200   0.070000
-199   0.065000
-198   0.025000
-197  -0.005000
-196   0.020000
-195  -0.030000
-194  -0.105000
-193  -0.035000
-192  -0.010000
-191  -0.055000
-190   0.085000
-189   0.025000
-188  -0.010000
-187   0.005000
-186   0.035000
-185   0.040000
-184   0.000000
-183  -0.000000
-182  -0.025000
-181   0.075000
-180   0.030000
-179  -0.070000
-178  -0.005000
-177   0.010000
-176   0.010000
-175   0.025000
-174  -0.095000
-173  -0.075000
-172  -0.000000
-171   0.020000
-170   0.025000
-169  -0.010000
-168   0.015000
-167  -0.045000
-166  -0.010000
-165  -0.035000
-164   0.015000
-163   0.010000
-162  -0.025000
-161  -0.015000
-160  -0.035000
-159  -0.050000
-158  -0.080000
-157   0.025000
-156  -0.115000
-155   0.025000
-154  -0.010000
-153   0.055000
-152   0.065000
-151   0.015000
-150  -0.015000
-149   0.010000
-148   0.120000
-147   0.050000
-146   0.005000
-145  -0.035000
-144   0.015000
-143  -0.025000
-142  -0.020000
-141  -0.015000
-140   0.060000
-139  -0.020000
-138  -0.070000
-137  -0.010000
-136   0.020000
-135  -0.020000
-134  -0.010000
-133   0.065000
-132   0.005000
-131   0.080000
-130  -0.085000
-129   0.000000
-128  -0.010000
-127  -0.085000
-126  -0.010000
-125   0.120000
-124   0.015000
-123   0.035000
-122   0.030000
-121  -0.060000
-120   0.000000
-119  -0.055000
-118   0.030000
-117   0.070000
-116   0.005000
-115   0.035000
-114   0.065000
-113   0.010000
-112   0.015000
-111   0.120000
-110   0.020000
-109   0.045000
-108   0.030000
-107  -0.015000
-106   0.040000
-105  -0.055000
-104   0.000000
-103  -0.010000
-102   0.020000
-101   0.015000
-100  -0.005000
-99  -0.015000
-98   0.090000
-97  -0.020000
-96  -0.065000
-95   0.055000
-94  -0.005000
-93   0.060000
-92  -0.040000
-91  -0.010000
-90  -0.020000
-89  -0.020000
-88   0.080000
-87   0.060000
-86   0.065000
-85   0.045000
-84   0.055000
-83  -0.010000
-82   0.030000
-81  -0.020000
-80   0.105000
-79   0.075000
-78  -0.035000
-77  -0.020000
-76   0.035000
-75  -0.035000
-74   0.060000
-73   0.000000
-72  -0.045000
-71  -0.020000
-70   0.055000
-69  -0.050000
-68  -0.015000
-67   0.045000
-66   0.010000
-65  -0.060000
-64   0.070000
-63  -0.015000
-62   0.025000
-61  -0.015000
-60  -0.070000
-59   0.075000
-58  -0.040000
-57  -0.040000
-56  -0.020000
-55  -0.015000
-54   0.070000
-53  -0.090000
-52   0.030000
-51  -0.105000
-50   0.000000
-49   0.015000
-48   0.035000
-47  -0.085000
-46  -0.015000
-45  -0.010000
-44  -0.030000
-43   0.060000
-42  -0.020000
-41  -0.040000
-40  -0.035000
-39   0.005000
-38   0.000000
-37  -0.070000
-36   0.005000
-35  -0.020000
-34   0.020000
-33   0.060000
-32   0.090000
-31  -0.035000
-30   0.045000
-29  -0.005000
-28  -0.040000
-27   0.060000
-26  -0.035000
-25  -0.060000
-24   0.095000
-23  -0.030000
-22  -0.045000
-21   0.010000
-20   0.015000
-19  -0.080000
-18  -0.100000
-17   0.065000
-16  -0.070000
-15   0.000000
-14   0.015000
-13   0.090000
-12  -0.070000
-11   0.055000
-10  -0.000000
-9   0.005000
-8  -0.005000
-7  -0.005000
-6   0.000000
-5   0.005000
-4   0.025000
-3   0.015000
-2  -0.080000
-1  -0.015000
