0  -0.030000
1  -0.020000
2  -0.015000
3   0.005000
4   0.065000
5   0.010000
6   0.095000
7  -0.015000
8  -0.080000
9   0.100000
10   0.060000
11   0.005000
12  -0.025000
13   0.130000
14   0.040000
15  -0.090000
16   0.070000
17   0.035000
18   0.080000
19  -0.040000
20   0.015000
21   0.060000
22  -0.035000
23  -0.045000
24  -0.010000
25   0.045000
26   0.045000
27   0.120000
28   0.065000
29   0.060000
30   0.025000
31  -0.075000
32  -0.010000
33   0.015000
34   0.010000
35   0.080000
36   0.015000
37  -0.070000
38   0.005000
39   0.060000
40  -0.065000
41  -0.115000
42   0.085000
43   0.055000
44  -0.060000
45   0.070000
46  -0.075000
47  -0.020000
48   0.030000
49   0.045000
50  -0.015000
51  -0.005000
52   0.025000
53  -0.010000
54  -0.045000
55   0.005000
56  -0.045000
57  -0.070000
58   0.050000
59  -0.055000
60   0.015000
61  -0.015000
62  -0.045000
63  -0.040000
64  -0.055000
65  -0.015000
66   0.045000
67   0.040000
68  -0.040000
69   0.055000
70  -0.055000
71   0.060000
72   0.040000
73  -0.025000
74  -0.050000
75   0.080000
76   0.065000
77  -0.010000
78   0.015000
79  -0.045000
80   0.000000
81  -0.005000
82  -0.000000
83   0.050000
84  -0.025000
85   0.005000
86  -0.015000
87  -0.025000
88  -0.045000
89  -0.025000
90  -0.055000
91  -0.050000
92   0.060000
93   0.005000
94   0.000000
95  -0.030000
96   0.035000
97  -0.060000
98  -0.035000
99   0.045000
100   0.020000
101   0.005000
102   0.020000
103  -0.030000
104  -0.005000
105  -0.065000
106   0.030000
107   0.010000
108  -0.030000
109  -0.020000
110   0.030000
111   0.050000
112  -0.100000
113   0.060000
114   0.030000
115  -0.075000
116   0.000000
117  -0.045000
118  -0.035000
119  -0.060000
120  -0.045000
121   0.085000
122  -0.030000
123   0.010000
124   0.050000
125   0.065000
126  -0.090000
127  -0.005000
128  -0.040000
129   0.005000
130  -0.040000
131  -0.095000
132  -0.010000
133   0.010000
134  -0.035000
135   0.065000
136   0.015000
137  -0.040000
138   0.035000
139  -0.135000
140   0.020000
141   0.020000
142  -0.030000
143   0.035000
144  -0.055000
145   0.025000
146   0.115000
147  -0.020000
148   0.070000
149  -0.015000
150   0.000000
151   0.000000
152   0.055000
153  -0.060000
154  -0.095000
155  -0.025000
156  -0.070000
157   0.010000
158  -0.015000
159   0.010000
160   0.010000
161   0.045000
162  -0.075000
163  -0.035000
164  -0.080000
165  -0.060000
166  -0.020000
167   0.045000
168  -0.005000
169   0.020000
170   0.005000
171   0.010000
172   0.030000
173   0.060000
174  -0.030000
175  -0.030000
176  -0.000000
177   0.065000
178  -0.035000
179   0.010000
180  -0.035000
181  -0.015000
182   0.055000
183   0.050000
184   0.030000
185  -0.010000
186   0.015000
187   0.005000
188  -0.060000
189   0.005000
190   0.130000
191   0.035000
192   0.085000
193  -0.030000
194  -0.090000
195   0.025000
196  -0.040000
197  -0.030000
198   0.005000
199  -0.070000
200   0.000000
201   0.090000
202  -0.090000
203   0.025000
204   0.050000
205   0.020000
206  -0.030000
207   0.060000
208   0.025000
209  -0.005000
210  -0.025000
211   0.085000
212  -0.055000
213  -0.065000
214  -0.040000
215  -0.070000
216   0.045000
217   0.010000
218   0.080000
219   0.025000
220  -0.060000
221  -0.075000
222   0.000000
223  -0.025000
224  -0.055000
225   0.005000
226   0.060000
227   0.030000
228   0.050000
229   0.045000
230   0.080000
231   0.015000
232  -0.015000
233   0.035000
234   0.065000
235  -0.040000
236   0.035000
237   0.030000
238   0.015000
239   0.100000
240   0.005000
241  -0.010000
242  -0.005000
243   0.055000
244   0.070000
245  -0.065000
246  -0.065000
247  -0.015000
248   0.090000
249  -0.095000
250   0.085000
251   0.045000
252   0.050000
253   0.005000
254   0.065000
255  -0.065000
256   0.040000
257  -0.015000
258   0.120000
259  -0.055000
260  -0.055000
261  -0.050000
262   0.070000
263  -0.030000
264  -0.035000
265   0.030000
266  -0.065000
267  -0.005000
268   0.055000
269  -0.005000
270  -0.045000
271   0.010000
272   0.020000
273  -0.030000
274   0.120000
275  -0.090000
276   0.020000
277  -0.025000
278  -0.070000
279   0.015000
280  -0.050000
281   0.120000
282  -0.035000
283  -0.080000
284   0.010000
285   0.000000
286  -0.010000
287   0.010000
288  -0.070000
289   0.045000
290   0.055000
291   0.015000
292  -0.010000
293  -0.010000
294   0.000000
295   0.010000
296  -0.010000
297  -0.065000
298   0.030000
299   0.010000
300  -0.025000
301   0.065000
302   0.070000
303   0.045000
304   0.080000
305  -0.075000
306  -0.030000
307  -0.050000
308  -0.015000
309  -0.010000
310   0.060000
311  -0.025000
312   0.010000
313  -0.080000
314   0.090000
315  -0.045000
316   0.000000
317  -0.050000
318  -0.115000
319   0.040000
320  -0.065000
321   0.025000
322   0.065000
323  -0.005000
324  -0.035000
325  -0.005000
326  -0.040000
327   0.065000
328  -0.100000
329  -0.025000
330  -0.065000
331  -0.010000
332  -0.065000
333   0.020000
334   0.075000
335  -0.075000
336  -0.030000
337   0.010000
338   0.050000
339  -0.060000
340  -0.020000
341   0.085000
342  -0.045000
343  -0.035000
344   0.045000
345   0.015000
346   0.045000
347   0.035000
348  -0.055000
349  -0.010000
350   0.075000
351   0.020000
352  -0.005000
353  -0.005000
354  -0.010000
355  -0.065000
356   0.040000
357  -0.045000
358   0.060000
359  -0.040000
360  -0.020000
361  -0.015000
362   0.050000
363  -0.020000
364  -0.020000
365  -0.005000
366  -0.085000
367   0.050000
368  -0.060000
369   0.025000
370   0.030000
371  -0.050000
372  -0.030000
373   0.080000
374   0.065000
375   0.130000
376  -0.015000
377   0.080000
378   0.030000
379  -0.105000
380   0.020000
381  -0.170000
382   0.025000
383   0.060000
384  -0.025000
385  -0.025000
386   0.015000
387  -0.050000
388  -0.025000
389   0.065000
390   0.030000
391  -0.055000
392   0.035000
393  -0.025000
394   0.025000
395  -0.025000
396   0.010000
397   0.035000
398  -0.025000
399  -0.065000
400   0.025000
401   0.040000
402  -0.110000
403   0.005000
404   0.030000
405   0.085000
406  -0.000000
407   0.010000
408  -0.055000
409   0.025000
410  -0.040000
411   0.030000
412  -0.020000
413  -0.040000
414   0.030000
415  -0.080000
416  -0.025000
417   0.060000
418  -0.055000
419   0.065000
420  -0.110000
421   0.035000
422  -0.070000
423  -0.030000
424  -0.015000
425   0.060000
426  -0.080000
427   0.000000
428  -0.030000
429   0.105000
430  -0.025000
431   0.025000
432   0.005000
433   0.150000
434   0.005000
435  -0.055000
436   0.030000
437  -0.015000
438  -0.035000
439   0.010000
440  -0.045000
441  -0.040000
442   0.000000
443  -0.050000
444   0.075000
445  -0.075000
446  -0.060000
447   0.005000
448   0.015000
449  -0.055000
450  -0.005000
451   0.045000
452  -0.085000
453   0.020000
454   0.065000
455  -0.065000
456  -0.030000
457  -0.015000
458  -0.045000
459  -0.060000
460   0.015000
461  -0.050000
462   0.090000
463   0.005000
464  -0.070000
465  -0.055000
466  -0.020000
467  -0.005000
468  -0.010000
469  -0.005000
470   0.060000
471  -0.065000
472   0.065000
473   0.025000
474  -0.025000
475  -0.130000
476  -0.030000
477   0.000000
478  -0.045000
479   0.015000
480   0.015000
481   0.030000
482  -0.030000
483  -0.050000
484   0.020000
485   0.045000
486   0.015000
487   0.010000
488  -0.010000
489  -0.030000
490  -0.035000
491   0.015000
492   0.025000
493  -0.050000
494   0.050000
495   0.025000
496   0.000000
497  -0.070000
498  -0.025000
499  -0.045000
500  -0.010000
-499   0.060000
-498  -0.015000
-497  -0.035000
-496  -0.000000
-495   0.030000
-494  -0.025000
-493   0.000000
-492  -0.050000
-491   0.075000
-490  -0.040000
-489   0.075000
-488  -0.005000
-487  -0.100000
-486  -0.025000
-485  -0.020000
-484   0.025000
-483  -0.020000
-482  -0.000000
-481   0.020000
-480  -0.110000
-479   0.010000
-478  -0.010000
-477   0.005000
-476   0.030000
-475   0.050000
-474   0.080000
-473   0.045000
-472  -0.015000
-471  -0.050000
-470  -0.020000
-469   0.075000
-468   0.035000
-467   0.005000
-466   0.030000
-465  -0.075000
-464   0.020000
-463   0.020000
-462  -0.005000
-461  -0.035000
-460  -0.030000
-459   0.070000
-458  -0.030000
-457   0.130000
-456   0.030000
-455   0.055000
-454  -0.030000
-453   0.060000
-452   0.045000
-451   0.055000
-450   0.045000
-449  -0.015000
-448   0.090000
-447  -0.005000
-446  -0.005000
-445   0.005000
-444  -0.040000
-443   0.015000
-442   0.040000
-441  -0.035000
-440   0.065000
-439  -0.045000
-438   0.010000
-437   0.030000
-436  -0.010000
-435   0.040000
-434   0.065000
-433  -0.055000
-432   0.050000
-431  -0.040000
-430  -0.030000
-429   0.035000
-428   0.005000
-427  -0.060000
-426  -0.045000
-425   0.025000
-424  -0.060000
-423  -0.105000
-422   0.015000
-421   0.015000
-420   0.050000
-419   0.005000
-418   0.005000
-417   0.035000
-416  -0.000000
-415   0.035000
-414   0.060000
-413  -0.010000
-412  -0.035000
-411   0.080000
-410   0.020000
-409  -0.055000
-408   0.045000
-407  -0.095000
-406  -0.055000
-405   0.045000
-404  -0.045000
-403  -0.045000
-402  -0.035000
-401  -0.070000
-400  -0.025000
-399   0.070000
-398  -0.035000
-397  -0.045000
-396   0.010000
-395  -0.015000
-394   0.055000
-393  -0.055000
-392  -0.035000
-391   0.025000
-390  -0.030000
-389   0.070000
-388  -0.010000
-387   0.045000
-386  -0.025000
-385   0.110000
-384  -0.005000
-383  -0.015000
-382  -0.015000
-381   0.095000
-380   0.045000
-379   0.085000
-378   0.015000
-377   0.040000
-376   0.120000
-375  -0.030000
-374  -0.015000
-373  -0.015000
-372  -0.125000
-371   0.015000
-370  -0.050000
-369   0.025000
-368  -0.035000
-367   0.040000
-366   0.005000
-365  -0.085000
-364   0.035000
-363  -0.010000
-362  -0.095000
-361  -0.015000
-360  -0.060000
-359  -0.040000
-358   0.020000
-357   0.015000
-356   0.040000
-355   0.015000
-354   0.025000
-353  -0.000000
-352  -0.030000
-351  -0.075000
-350  -0.015000
-349   0.045000
-348   0.005000
-347   0.010000
-346   0.010000
-345   0.000000
-344  -0.010000
-343   0.050000
-342   0.050000
-341   0.050000
-340  -0.070000
-339  -0.010000
-338   0.035000
-337  -0.080000
-336   0.095000
-335   0.035000
-334  -0.015000
-333   0.005000
-332   0.020000
-331   0.035000
-330  -0.025000
-329  -0.015000
-328   0.010000
-327  -0.055000
-326   0.070000
-325  -0.160000
-324   0.055000
-323   0.045000
-322  -0.025000
-321  -0.025000
-320   0.045000
-319  -0.080000
-318   0.065000
-317   0.090000
-316   0.120000
-315  -0.010000
-314  -0.130000
-313   0.085000
-312   0.040000
-311  -0.050000
-310   0.030000
-309  -0.040000
-308   0.080000
-307   0.045000
-306  -0.025000
-305  -0.025000
-304  -0.055000
-303   0.045000
-302  -0.010000
-301   0.015000
-300  -0.080000
-299   0.015000
-298  -0.010000
-297  -0.025000
-296  -0.085000
-295   0.035000
-294   0.010000
-293  -0.045000
-292  -0.130000
-291   0.005000
-290  -0.010000
-289   0.000000
-288   0.000000
-287   0.030000
-286   0.040000
-285   0.025000
-284   0.035000
-283   0.020000
-282   0.060000
-281  -0.030000
-280  -0.025000
-279  -0.000000
-278   0.000000
-277  -0.055000
-276  -0.025000
-275   0.035000
-274  -0.005000
-273  -0.020000
-272  -0.010000
-271  -0.075000
-270   0.005000
-269  -0.050000
-268  -0.100000
-267   0.070000
-266   0.010000
-265   0.015000
-264  -0.050000
-263  -0.070000
-262   0.005000
-261  -0.040000
-260  -0.060000
-259  -0.035000
-258  -0.010000
-257   0.055000
-256   0.095000
-255  -0.020000
-254   0.020000
-253   0.045000
-252   0.005000
-251   0.005000
-250   0.030000
-249   0.030000
-248   0.015000
-247   0.065000
-246  -0.025000
-245   0.020000
-244  -0.010000
-243   0.060000
-242  -0.110000
-241  -0.075000
-240  -0.020000
-239   0.020000
-238  -0.060000
-237  -0.070000
-236   0.015000
-235  -0.075000
-234  -0.020000
-233   0.065000
-232  -0.055000
-231   0.025000
-230   0.030000
-229   0.035000
-228   0.035000
-227  -0.055000
-226   0.005000
-225   0.020000
-224   0.075000
-223  -0.010000
-222   0.010000
-221  -0.030000
-220   0.055000
-219  -0.055000
-218   0.025000
-217  -0.090000
-216  -0.045000
-215   0.005000
-214  -0.045000
-213   0.015000
-212  -0.045000
-211  -0.045000
-210  -0.000000
-209   0.125000
-208  -0.015000
-207   0.055000
-206   0.070000
-205  -0.010000
-204   0.025000
-203  -0.045000
-202  -0.095000
-201   0.060000
-200   0.070000
-199   0.065000
-198  -0.010000
-197   0.005000
-196  -0.070000
-195  -0.010000
-194   0.075000
-193   0.040000
-192  -0.020000
-191  -0.010000
-190   0.025000
-189   0.005000
-188   0.065000
-187  -0.045000
-186  -0.050000
-185  -0.020000
-184   0.035000
-183   0.025000
-182   0.045000
-181  -0.035000
-180  -0.045000
-179   0.045000
-178  -0.040000
-177   0.055000
-176  -0.020000
-175   0.015000
-174  -0.040000
-173  -0.030000
-172   0.020000
-171   0.045000
-170  -0.030000
-169   0.040000
-168   0.130000
-167   0.035000
-166  -0.010000
-165   0.015000
-164   0.040000
-163   0.010000
-162  -0.060000
-161  -0.000000
-160  -0.010000
-159   0.045000
-158  -0.075000
-157  -0.050000
-156  -0.015000
-155   0.005000
-154  -0.050000
-153   0.060000
-152  -0.005000
-151   0.020000
-150   0.060000
-149  -0.020000
-148   0.070000
-147   0.000000
-146   0.040000
-145  -0.115000
-144  -0.075000
-143  -0.090000
-142   0.060000
-141  -0.005000
-140  -0.095000
-139   0.005000
-138   0.075000
-137   0.015000
-136   0.000000
-135  -0.045000
-134  -0.000000
-133  -0.135000
-132  -0.030000
-131  -0.005000
-130   0.040000
-129   0.030000
-128  -0.010000
-127  -0.025000
-126  -0.025000
-125  -0.060000
-124  -0.025000
-123   0.035000
-122  -0.015000
-121   0.025000
-120   0.010000
-119   0.015000
-118   0.080000
-117   0.040000
-116  -0.075000
-115   0.050000
-114  -0.045000
-113   0.060000
-112  -0.075000
-111   0.070000
-110   0.010000
-109  -0.070000
-108  -0.080000
-107  -0.060000
-106   0.020000
-105   0.010000
-104  -0.025000
-103  -0.055000
-102  -0.045000
-101   0.035000
-100  -0.050000
-99  -0.055000
-98   0.030000
-97  -0.065000
-96   0.075000
-95  -0.030000
-94  -0.035000
-93  -0.020000
-92   0.005000
-91   0.065000
-90  -0.075000
-89   0.085000
-88  -0.010000
-87  -0.105000
-86  -0.035000
-85  -0.095000
-84   0.010000
-83   0.020000
-82  -0.100000
-81   0.035000
-80   0.100000
-79   0.020000
-78   0.040000
-77  -0.025000
-76   0.065000
-75  -0.070000
-74  -0.005000
-73  -0.040000
-72  -0.035000
-71   0.020000
-70  -0.065000
-69  -0.060000
-68   0.045000
-67  -0.025000
-66   0.000000
-65  -0.010000
-64   0.025000
-63   0.000000
-62  -0.045000
-61  -0.030000
-60   0.000000
-59  -0.015000
-58   0.000000
-57  -0.015000
-56  -0.005000
-55  -0.040000
-54   0.035000
-53  -0.095000
-52   0.005000
-51  -0.035000
-50   0.035000
-49  -0.000000
-48   0.025000
-47   0.030000
-46  -0.005000
-45  -0.035000
-44   0.050000
-43   0.055000
-42   0.005000
-41   0.035000
-40  -0.040000
-39   0.005000
-38   0.025000
-37  -0.060000
-36  -0.005000
-35  -0.020000
-34  -0.010000
-33  -0.035000
-32  -0.020000
-31  -0.085000
-30   0.015000
-29  -0.015000
-28   0.035000
-27   0.010000
-26  -0.050000
-25   0.025000
-24  -0.050000
-23  -0.070000
-22   0.015000
-21   0.045000
-20   0.070000
-19   0.005000
-18  -0.030000
-17  -0.010000
-16   0.065000
-15   0.015000
-14  -0.010000
-13  -0.035000
-12   0.080000
-11   0.010000
-10   0.020000
-9  -0.070000
-8  -0.080000
-7   0.080000
-6  -0.015000
-5  -0.045000
-4  -0.020000
-3  -0.060000
-2  -0.015000
-1   0.025000
