0   0.001214
1   0.001256
2   0.001275
3   0.001273
4   0.001237
5   0.001232
6   0.001205
7   0.001205
8   0.001185
9   0.001159
10   0.001105
11   0.001075
12   0.001019
13   0.000959
14   0.000918
15   0.000934
16   0.000934
17   0.000950
18   0.000926
19   0.000918
20   0.000924
21   0.000931
22   0.000965
23   0.001005
24   0.001030
25   0.001071
26   0.001110
27   0.001144
28   0.001190
29   0.001289
30   0.001398
31   0.001488
32   0.001556
33   0.001596
34   0.001637
35   0.001680
36   0.001691
37   0.001690
38   0.001674
39   0.001671
40   0.001685
41   0.001724
42   0.001741
43   0.001726
44   0.001701
45   0.001672
46   0.001651
47   0.001644
48   0.001608
49   0.001575
50   0.001508
51   0.001480
52   0.001404
53   0.001331
54   0.001262
55   0.001207
56   0.001183
57   0.001159
58   0.001148
59   0.001119
60   0.001083
61   0.001054
62   0.001045
63   0.001011
64   0.000967
65   0.000913
66   0.000846
67   0.000788
68   0.000705
69   0.000617
70   0.000531
71   0.000475
72   0.000408
73   0.000313
74   0.000225
75   0.000112
76   0.000004
77  -0.000105
78  -0.000201
79  -0.000276
80  -0.000331
81  -0.000402
82  -0.000479
83  -0.000535
84  -0.000639
85  -0.000721
86  -0.000811
87  -0.000942
88  -0.001093
89  -0.001208
90  -0.001294
91  -0.001405
92  -0.001527
93  -0.001668
94  -0.001818
95  -0.001968
96  -0.002108
97  -0.002266
98  -0.002382
99  -0.002465
100  -0.002558
101  -0.002624
102  -0.002714
103  -0.002787
104  -0.002868
105  -0.002957
106  -0.003005
107  -0.003091
108  -0.003195
109  -0.003297
110  -0.003391
111  -0.003522
112  -0.003651
113  -0.003786
114  -0.003885
115  -0.003993
116  -0.004085
117  -0.004205
118  -0.004347
119  -0.004506
120  -0.004680
121  -0.004843
122  -0.004979
123  -0.005136
124  -0.005252
125  -0.005403
126  -0.005542
127  -0.005657
128  -0.005749
129  -0.005854
130  -0.005963
131  -0.006070
132  -0.006188
133  -0.006283
134  -0.006366
135  -0.006480
136  -0.006583
137  -0.006732
138  -0.006916
139  -0.007087
140  -0.007250
141  -0.007424
142  -0.007603
143  -0.007762
144  -0.007933
145  -0.008098
146  -0.008254
147  -0.008439
148  -0.008612
149  -0.008780
150  -0.008961
151  -0.009138
152  -0.009262
153  -0.009378
154  -0.009489
155  -0.009591
156  -0.009642
157  -0.009675
158  -0.009737
159  -0.009763
160  -0.009817
161  -0.009863
162  -0.009902
163  -0.009924
164  -0.009926
165  -0.009941
166  -0.009980
167  -0.010049
168  -0.010105
169  -0.010180
170  -0.010251
171  -0.010365
172  -0.010453
173  -0.010554
174  -0.010658
175  -0.010756
176  -0.010872
177  -0.011003
178  -0.011184
179  -0.011348
180  -0.011531
181  -0.011723
182  -0.011928
183  -0.012137
184  -0.012356
185  -0.012552
186  -0.012780
187  -0.013023
188  -0.013271
189  -0.013492
190  -0.013735
191  -0.013940
192  -0.014177
193  -0.014399
194  -0.014608
195  -0.014791
196  -0.014970
197  -0.015141
198  -0.015305
199  -0.015429
200  -0.015504
201  -0.015582
202  -0.015667
203  -0.015798
204  -0.015902
205  -0.016007
206  -0.016115
207  -0.016211
208  -0.016252
209  -0.016313
210  -0.016348
211  -0.016369
212  -0.016388
213  -0.016384
214  -0.016370
215  -0.016338
216  -0.016326
217  -0.016342
218  -0.016391
219  -0.016454
220  -0.016514
221  -0.016575
222  -0.016644
223  -0.016732
224  -0.016771
225  -0.016819
226  -0.016858
227  -0.016889
228  -0.016901
229  -0.016921
230  -0.016936
231  -0.016941
232  -0.016919
233  -0.016884
234  -0.016874
235  -0.016872
236  -0.016864
237  -0.016874
238  -0.016873
239  -0.016847
240  -0.016801
241  -0.016788
242  -0.016768
243  -0.016776
244  -0.016757
245  -0.016718
246  -0.016703
247  -0.016712
248  -0.016721
249  -0.016716
250  -0.016754
251  -0.016811
252  -0.016887
253  -0.016945
254  -0.017009
255  -0.017058
256  -0.017118
257  -0.017210
258  -0.017296
259  -0.017363
260  -0.017419
261  -0.017491
262  -0.017529
263  -0.017576
264  -0.017624
265  -0.017679
266  -0.017703
267  -0.017722
268  -0.017735
269  -0.017733
270  -0.017794
271  -0.017803
272  -0.017811
273  -0.017773
274  -0.017710
275  -0.017650
276  -0.017595
277  -0.017524
278  -0.017461
279  -0.017345
280  -0.017237
281  -0.017129
282  -0.017007
283  -0.016864
284  -0.016746
285  -0.016656
286  -0.016556
287  -0.016488
288  -0.016404
289  -0.016304
290  -0.016247
291  -0.016139
292  -0.016029
293  -0.015876
294  -0.015734
295  -0.015600
296  -0.015467
297  -0.015349
298  -0.015220
299  -0.015111
300  -0.014980
301  -0.014866
302  -0.014795
303  -0.014703
304  -0.014638
305  -0.014529
306  -0.014433
307  -0.014375
308  -0.014289
309  -0.014221
310  -0.014121
311  -0.014011
312  -0.013895
313  -0.013795
314  -0.013704
315  -0.013610
316  -0.013545
317  -0.013482
318  -0.013453
319  -0.013461
320  -0.013426
321  -0.013398
322  -0.013359
323  -0.013341
324  -0.013321
325  -0.013281
326  -0.013242
327  -0.013250
328  -0.013241
329  -0.013184
330  -0.013162
331  -0.013159
332  -0.013111
333  -0.013101
334  -0.013082
335  -0.013039
336  -0.012979
337  -0.012923
338  -0.012878
339  -0.012835
340  -0.012786
341  -0.012727
342  -0.012735
343  -0.012703
344  -0.012686
345  -0.012700
346  -0.012674
347  -0.012645
348  -0.012604
349  -0.012562
350  -0.012504
351  -0.012413
352  -0.012357
353  -0.012324
354  -0.012296
355  -0.012296
356  -0.012301
357  -0.012322
358  -0.012362
359  -0.012410
360  -0.012462
361  -0.012482
362  -0.012535
363  -0.012577
364  -0.012578
365  -0.012568
366  -0.012589
367  -0.012636
368  -0.012723
369  -0.012792
370  -0.012864
371  -0.012912
372  -0.012955
373  -0.012966
374  -0.012966
375  -0.012955
376  -0.012923
377  -0.012891
378  -0.012869
379  -0.012850
380  -0.012788
381  -0.012776
382  -0.012796
383  -0.012802
384  -0.012824
385  -0.012827
386  -0.012855
387  -0.012872
388  -0.012886
389  -0.012895
390  -0.012923
391  -0.012938
392  -0.012984
393  -0.013002
394  -0.013026
395  -0.013005
396  -0.012945
397  -0.012910
398  -0.012891
399  -0.012875
400  -0.012867
401  -0.012858
402  -0.012844
403  -0.012838
404  -0.012818
405  -0.012778
406  -0.012757
407  -0.012751
408  -0.012750
409  -0.012743
410  -0.012721
411  -0.012713
412  -0.012724
413  -0.012741
414  -0.012756
415  -0.012788
416  -0.012853
417  -0.012935
418  -0.013017
419  -0.013101
420  -0.013236
421  -0.013354
422  -0.013475
423  -0.013582
424  -0.013694
425  -0.013801
426  -0.013935
427  -0.014086
428  -0.014224
429  -0.014355
430  -0.014468
431  -0.014597
432  -0.014705
433  -0.014770
434  -0.014843
435  -0.014908
436  -0.014978
437  -0.015045
438  -0.015145
439  -0.015277
440  -0.015422
441  -0.015577
442  -0.015734
443  -0.015870
444  -0.016033
445  -0.016219
446  -0.016398
447  -0.016548
448  -0.016727
449  -0.016835
450  -0.016939
451  -0.017023
452  -0.017123
453  -0.017229
454  -0.017288
455  -0.017311
456  -0.017340
457  -0.017347
458  -0.017346
459  -0.017361
460  -0.017386
461  -0.017417
462  -0.017426
463  -0.017482
464  -0.017551
465  -0.017612
466  -0.017654
467  -0.017724
468  -0.017766
469  -0.017800
470  -0.017846
471  -0.017867
472  -0.017892
473  -0.017937
474  -0.017994
475  -0.018027
476  -0.018056
477  -0.018093
478  -0.018144
479  -0.018158
480  -0.018192
481  -0.018212
482  -0.018224
483  -0.018244
484  -0.018236
485  -0.018204
486  -0.018177
487  -0.018100
488  -0.018022
489  -0.017970
490  -0.017919
491  -0.017892
492  -0.017842
493  -0.017779
494  -0.017737
495  -0.017687
496  -0.017604
497  -0.017530
498  -0.017437
499  -0.017337
500  -0.017227
-499  -0.017082
-498  -0.016940
-497  -0.016784
-496  -0.016601
-495  -0.016436
-494  -0.016299
-493  -0.016167
-492  -0.016045
-491  -0.015930
-490  -0.015816
-489  -0.015710
-488  -0.015590
-487  -0.015464
-486  -0.015372
-485  -0.015262
-484  -0.015190
-483  -0.015095
-482  -0.014972
-481  -0.014790
-480  -0.014601
-479  -0.014440
-478  -0.014251
-477  -0.014075
-476  -0.013870
-475  -0.013681
-474  -0.013484
-473  -0.013304
-472  -0.013127
-471  -0.012924
-470  -0.012738
-469  -0.012546
-468  -0.012357
-467  -0.012141
-466  -0.011936
-465  -0.011743
-464  -0.011571
-463  -0.011424
-462  -0.011271
-461  -0.011117
-460  -0.011006
-459  -0.010918
-458  -0.010819
-457  -0.010716
-456  -0.010608
-455  -0.010518
-454  -0.010392
-453  -0.010259
-452  -0.010135
-451  -0.010037
-450  -0.009952
-449  -0.009889
-448  -0.009798
-447  -0.009709
-446  -0.009601
-445  -0.009537
-444  -0.009469
-443  -0.009429
-442  -0.009377
-441  -0.009342
-440  -0.009320
-439  -0.009295
-438  -0.009289
-437  -0.009262
-436  -0.009284
-435  -0.009331
-434  -0.009400
-433  -0.009470
-432  -0.009563
-431  -0.009644
-430  -0.009728
-429  -0.009812
-428  -0.009874
-427  -0.009949
-426  -0.009994
-425  -0.010054
-424  -0.010132
-423  -0.010198
-422  -0.010260
-421  -0.010307
-420  -0.010346
-419  -0.010371
-418  -0.010418
-417  -0.010451
-416  -0.010472
-415  -0.010464
-414  -0.010449
-413  -0.010426
-412  -0.010436
-411  -0.010484
-410  -0.010491
-409  -0.010493
-408  -0.010492
-407  -0.010491
-406  -0.010468
-405  -0.010465
-404  -0.010434
-403  -0.010397
-402  -0.010376
-401  -0.010369
-400  -0.010383
-399  -0.010390
-398  -0.010407
-397  -0.010423
-396  -0.010458
-395  -0.010502
-394  -0.010568
-393  -0.010628
-392  -0.010684
-391  -0.010737
-390  -0.010804
-389  -0.010916
-388  -0.010982
-387  -0.011056
-386  -0.011119
-385  -0.011174
-384  -0.011251
-383  -0.011361
-382  -0.011451
-381  -0.011540
-380  -0.011653
-379  -0.011774
-378  -0.011936
-377  -0.012089
-376  -0.012237
-375  -0.012396
-374  -0.012584
-373  -0.012758
-372  -0.012941
-371  -0.013119
-370  -0.013261
-369  -0.013390
-368  -0.013528
-367  -0.013682
-366  -0.013817
-365  -0.013910
-364  -0.014012
-363  -0.014087
-362  -0.014148
-361  -0.014223
-360  -0.014301
-359  -0.014382
-358  -0.014474
-357  -0.014542
-356  -0.014604
-355  -0.014635
-354  -0.014681
-353  -0.014739
-352  -0.014790
-351  -0.014863
-350  -0.014960
-349  -0.015049
-348  -0.015114
-347  -0.015195
-346  -0.015275
-345  -0.015356
-344  -0.015441
-343  -0.015479
-342  -0.015532
-341  -0.015637
-340  -0.015753
-339  -0.015869
-338  -0.015994
-337  -0.016108
-336  -0.016172
-335  -0.016260
-334  -0.016339
-333  -0.016439
-332  -0.016521
-331  -0.016622
-330  -0.016706
-329  -0.016752
-328  -0.016831
-327  -0.016919
-326  -0.017008
-325  -0.017085
-324  -0.017149
-323  -0.017215
-322  -0.017281
-321  -0.017289
-320  -0.017263
-319  -0.017221
-318  -0.017184
-317  -0.017162
-316  -0.017170
-315  -0.017202
-314  -0.017223
-313  -0.017263
-312  -0.017308
-311  -0.017313
-310  -0.017314
-309  -0.017307
-308  -0.017294
-307  -0.017299
-306  -0.017314
-305  -0.017323
-304  -0.017332
-303  -0.017319
-302  -0.017313
-301  -0.017308
-300  -0.017280
-299  -0.017213
-298  -0.017157
-297  -0.017111
-296  -0.017059
-295  -0.017025
-294  -0.016960
-293  -0.016925
-292  -0.016884
-291  -0.016883
-290  -0.016855
-289  -0.016866
-288  -0.016879
-287  -0.016878
-286  -0.016867
-285  -0.016862
-284  -0.016831
-283  -0.016794
-282  -0.016750
-281  -0.016738
-280  -0.016688
-279  -0.016645
-278  -0.016597
-277  -0.016539
-276  -0.016492
-275  -0.016467
-274  -0.016440
-273  -0.016389
-272  -0.016363
-271  -0.016320
-270  -0.016272
-269  -0.016218
-268  -0.016171
-267  -0.016087
-266  -0.016017
-265  -0.015921
-264  -0.015838
-263  -0.015777
-262  -0.015706
-261  -0.015619
-260  -0.015555
-259  -0.015503
-258  -0.015428
-257  -0.015420
-256  -0.015437
-255  -0.015428
-254  -0.015388
-253  -0.015377
-252  -0.015376
-251  -0.015414
-250  -0.015429
-249  -0.015439
-248  -0.015433
-247  -0.015439
-246  -0.015472
-245  -0.015527
-244  -0.015552
-243  -0.015600
-242  -0.015667
-241  -0.015719
-240  -0.015793
-239  -0.015826
-238  -0.015875
-237  -0.015917
-236  -0.015949
-235  -0.015970
-234  -0.015985
-233  -0.016040
-232  -0.016022
-231  -0.016018
-230  -0.016033
-229  -0.016031
-228  -0.016052
-227  -0.016056
-226  -0.016042
-225  -0.015996
-224  -0.015944
-223  -0.015902
-222  -0.015887
-221  -0.015837
-220  -0.015795
-219  -0.015768
-218  -0.015718
-217  -0.015663
-216  -0.015618
-215  -0.015579
-214  -0.015526
-213  -0.015471
-212  -0.015399
-211  -0.015346
-210  -0.015276
-209  -0.015244
-208  -0.015237
-207  -0.015203
-206  -0.015139
-205  -0.015118
-204  -0.015049
-203  -0.015006
-202  -0.014942
-201  -0.014877
-200  -0.014793
-199  -0.014727
-198  -0.014647
-197  -0.014555
-196  -0.014513
-195  -0.014470
-194  -0.014427
-193  -0.014337
-192  -0.014247
-191  -0.014172
-190  -0.014049
-189  -0.013927
-188  -0.013814
-187  -0.013749
-186  -0.013656
-185  -0.013549
-184  -0.013436
-183  -0.013315
-182  -0.013231
-181  -0.013167
-180  -0.013128
-179  -0.013073
-178  -0.013024
-177  -0.012969
-176  -0.012919
-175  -0.012887
-174  -0.012858
-173  -0.012827
-172  -0.012817
-171  -0.012794
-170  -0.012734
-169  -0.012737
-168  -0.012709
-167  -0.012691
-166  -0.012665
-165  -0.012611
-164  -0.012570
-163  -0.012512
-162  -0.012468
-161  -0.012443
-160  -0.012411
-159  -0.012389
-158  -0.012384
-157  -0.012345
-156  -0.012317
-155  -0.012295
-154  -0.012229
-153  -0.012136
-152  -0.012024
-151  -0.011907
-150  -0.011765
-149  -0.011629
-148  -0.011458
-147  -0.011316
-146  -0.011192
-145  -0.011104
-144  -0.011026
-143  -0.010941
-142  -0.010837
-141  -0.010775
-140  -0.010655
-139  -0.010578
-138  -0.010498
-137  -0.010409
-136  -0.010309
-135  -0.010261
-134  -0.010209
-133  -0.010124
-132  -0.010026
-131  -0.009878
-130  -0.009712
-129  -0.009555
-128  -0.009385
-127  -0.009241
-126  -0.009077
-125  -0.008945
-124  -0.008849
-123  -0.008760
-122  -0.008669
-121  -0.008553
-120  -0.008451
-119  -0.008345
-118  -0.008211
-117  -0.008094
-116  -0.007903
-115  -0.007709
-114  -0.007527
-113  -0.007375
-112  -0.007234
-111  -0.007128
-110  -0.007035
-109  -0.006939
-108  -0.006819
-107  -0.006717
-106  -0.006612
-105  -0.006487
-104  -0.006310
-103  -0.006159
-102  -0.006002
-101  -0.005830
-100  -0.005702
-99  -0.005564
-98  -0.005443
-97  -0.005303
-96  -0.005179
-95  -0.005080
-94  -0.004980
-93  -0.004863
-92  -0.004732
-91  -0.004623
-90  -0.004511
-89  -0.004372
-88  -0.004186
-87  -0.004035
-86  -0.003847
-85  -0.003686
-84  -0.003471
-83  -0.003264
-82  -0.003052
-81  -0.002858
-80  -0.002678
-79  -0.002482
-78  -0.002311
-77  -0.002115
-76  -0.001951
-75  -0.001739
-74  -0.001526
-73  -0.001330
-72  -0.001155
-71  -0.000973
-70  -0.000820
-69  -0.000711
-68  -0.000627
-67  -0.000552
-66  -0.000483
-65  -0.000438
-64  -0.000421
-63  -0.000389
-62  -0.000343
-61  -0.000261
-60  -0.000203
-59  -0.000122
-58  -0.000039
-57   0.000065
-56   0.000159
-55   0.000236
-54   0.000304
-53   0.000379
-52   0.000434
-51   0.000486
-50   0.000546
-49   0.000590
-48   0.000653
-47   0.000693
-46   0.000741
-45   0.000775
-44   0.000822
-43   0.000849
-42   0.000893
-41   0.000962
-40   0.000949
-39   0.000938
-38   0.000925
-37   0.000904
-36   0.000861
-35   0.000844
-34   0.000812
-33   0.000772
-32   0.000738
-31   0.000728
-30   0.000721
-29   0.000727
-28   0.000728
-27   0.000725
-26   0.000695
-25   0.000684
-24   0.000649
-23   0.000646
-22   0.000623
-21   0.000602
-20   0.000591
-19   0.000580
-18   0.000538
-17   0.000493
-16   0.000450
-15   0.000416
-14   0.000422
-13   0.000411
-12   0.000403
-11   0.000427
-10   0.000489
-9   0.000547
-8   0.000621
-7   0.000698
-6   0.000797
-5   0.000899
-4   0.000994
-3   0.001041
-2   0.001106
-1   0.001170
