0  -0.060000
1  -0.085000
2   0.055000
3   0.020000
4  -0.015000
5  -0.010000
6  -0.005000
7  -0.035000
8  -0.020000
9   0.025000
10  -0.005000
11  -0.045000
12   0.045000
13   0.105000
14   0.015000
15  -0.040000
16   0.010000
17   0.030000
18  -0.025000
19  -0.010000
20   0.025000
21  -0.030000
22   0.075000
23   0.005000
24   0.005000
25   0.030000
26   0.105000
27   0.015000
28   0.000000
29  -0.035000
30  -0.075000
31  -0.085000
32   0.010000
33   0.070000
34  -0.015000
35   0.035000
36  -0.030000
37   0.020000
38   0.045000
39   0.010000
40  -0.020000
41  -0.115000
42  -0.015000
43   0.025000
44  -0.045000
45  -0.000000
46  -0.040000
47   0.070000
48  -0.010000
49  -0.055000
50   0.010000
51   0.015000
52   0.015000
53  -0.000000
54  -0.060000
55  -0.000000
56  -0.065000
57  -0.020000
58  -0.015000
59  -0.010000
60  -0.020000
61   0.095000
62  -0.035000
63  -0.010000
64  -0.010000
65  -0.015000
66   0.040000
67   0.040000
68  -0.040000
69   0.035000
70  -0.060000
71   0.025000
72  -0.030000
73  -0.040000
74   0.045000
75   0.000000
76   0.065000
77   0.090000
78  -0.035000
79   0.055000
80   0.025000
81  -0.085000
82  -0.110000
83  -0.010000
84  -0.010000
85  -0.030000
86   0.060000
87  -0.085000
88  -0.075000
89   0.025000
90   0.035000
91   0.025000
92   0.070000
93  -0.080000
94  -0.005000
95   0.050000
96   0.035000
97  -0.025000
98   0.045000
99   0.010000
100   0.005000
101   0.015000
102   0.010000
103  -0.020000
104  -0.075000
105  -0.035000
106   0.050000
107  -0.015000
108   0.060000
109   0.040000
110   0.025000
111  -0.025000
112   0.000000
113   0.070000
114   0.015000
115  -0.045000
116  -0.005000
117  -0.050000
118   0.010000
119   0.005000
120   0.040000
121   0.070000
122   0.050000
123   0.035000
124   0.005000
125   0.045000
126  -0.030000
127   0.100000
128  -0.080000
129  -0.110000
130  -0.065000
131  -0.065000
132  -0.015000
133  -0.065000
134   0.030000
135  -0.040000
136   0.055000
137  -0.025000
138  -0.045000
139  -0.015000
140  -0.035000
141   0.045000
142   0.005000
143   0.025000
144  -0.065000
145   0.050000
146   0.025000
147  -0.015000
148   0.040000
149   0.040000
150  -0.045000
151   0.000000
152  -0.010000
153   0.015000
154   0.020000
155   0.015000
156  -0.025000
157  -0.055000
158   0.020000
159   0.035000
160   0.040000
161   0.070000
162  -0.090000
163  -0.060000
164  -0.050000
165  -0.050000
166   0.070000
167  -0.020000
168   0.005000
169  -0.080000
170   0.000000
171  -0.010000
172  -0.005000
173   0.020000
174   0.035000
175  -0.030000
176  -0.030000
177   0.115000
178   0.000000
179   0.080000
180  -0.020000
181   0.050000
182   0.080000
183   0.020000
184   0.050000
185  -0.035000
186  -0.060000
187   0.060000
188  -0.020000
189   0.095000
190   0.035000
191   0.075000
192  -0.085000
193   0.025000
194   0.045000
195   0.060000
196   0.005000
197  -0.125000
198   0.100000
199  -0.025000
200   0.040000
201  -0.055000
202  -0.015000
203   0.070000
204   0.020000
205   0.020000
206  -0.035000
207   0.070000
208  -0.090000
209  -0.025000
210   0.005000
211   0.005000
212   0.030000
213  -0.025000
214   0.000000
215  -0.095000
216   0.015000
217  -0.015000
218  -0.025000
219   0.045000
220  -0.085000
221   0.005000
222  -0.030000
223  -0.055000
224   0.015000
225   0.040000
226   0.160000
227  -0.010000
228   0.020000
229   0.045000
230   0.075000
231   0.120000
232  -0.065000
233   0.075000
234   0.015000
235  -0.075000
236   0.015000
237   0.025000
238   0.055000
239  -0.025000
240  -0.055000
241  -0.075000
242  -0.045000
243   0.015000
244  -0.045000
245   0.005000
246   0.020000
247  -0.020000
248   0.015000
249  -0.030000
250  -0.090000
251   0.045000
252   0.055000
253   0.010000
254   0.045000
255   0.020000
256   0.110000
257   0.060000
258   0.030000
259  -0.100000
260   0.020000
261   0.035000
262  -0.005000
263  -0.080000
264   0.095000
265  -0.015000
266   0.055000
267  -0.040000
268  -0.005000
269  -0.000000
270  -0.005000
271   0.085000
272   0.070000
273   0.025000
274   0.030000
275  -0.015000
276   0.105000
277   0.020000
278  -0.005000
279   0.055000
280  -0.060000
281   0.010000
282  -0.010000
283  -0.070000
284   0.050000
285  -0.015000
286   0.025000
287   0.055000
288   0.015000
289   0.035000
290  -0.065000
291   0.030000
292  -0.050000
293   0.005000
294  -0.035000
295  -0.020000
296  -0.025000
297   0.005000
298   0.015000
299   0.020000
300  -0.105000
301  -0.045000
302  -0.015000
303   0.030000
304   0.035000
305  -0.055000
306   0.005000
307   0.005000
308  -0.035000
309  -0.020000
310  -0.035000
311   0.015000
312   0.055000
313   0.040000
314  -0.040000
315  -0.035000
316  -0.055000
317  -0.100000
318  -0.020000
319   0.120000
320  -0.010000
321   0.035000
322   0.130000
323  -0.075000
324  -0.015000
325   0.015000
326  -0.030000
327   0.055000
328  -0.075000
329  -0.000000
330   0.040000
331   0.030000
332  -0.055000
333   0.000000
334   0.025000
335  -0.005000
336  -0.030000
337  -0.010000
338  -0.070000
339   0.045000
340  -0.085000
341   0.040000
342   0.080000
343  -0.055000
344  -0.005000
345   0.080000
346   0.030000
347   0.060000
348  -0.030000
349   0.020000
350  -0.070000
351   0.065000
352   0.005000
353   0.005000
354   0.065000
355  -0.040000
356   0.020000
357  -0.025000
358   0.150000
359   0.010000
360  -0.070000
361  -0.015000
362   0.005000
363  -0.035000
364  -0.135000
365  -0.025000
366   0.015000
367   0.030000
368  -0.040000
369  -0.040000
370  -0.010000
371   0.055000
372  -0.090000
373   0.070000
374   0.000000
375   0.020000
376   0.025000
377   0.050000
378   0.005000
379  -0.070000
380  -0.010000
381  -0.100000
382  -0.005000
383   0.040000
384   0.075000
385   0.030000
386   0.010000
387  -0.020000
388  -0.065000
389   0.085000
390  -0.055000
391   0.025000
392  -0.030000
393  -0.030000
394   0.035000
395   0.015000
396  -0.005000
397  -0.035000
398   0.015000
399   0.030000
400  -0.085000
401   0.050000
402  -0.040000
403   0.075000
404  -0.020000
405   0.100000
406  -0.010000
407  -0.035000
408   0.065000
409   0.040000
410  -0.055000
411  -0.025000
412  -0.030000
413  -0.040000
414   0.055000
415  -0.015000
416  -0.035000
417   0.010000
418   0.080000
419   0.055000
420  -0.085000
421  -0.130000
422  -0.055000
423  -0.050000
424   0.010000
425   0.100000
426  -0.035000
427  -0.035000
428  -0.040000
429   0.080000
430   0.005000
431   0.020000
432   0.000000
433   0.005000
434   0.015000
435  -0.030000
436  -0.065000
437  -0.035000
438   0.005000
439   0.030000
440  -0.045000
441   0.030000
442  -0.040000
443   0.015000
444   0.045000
445   0.030000
446  -0.100000
447  -0.055000
448   0.065000
449  -0.060000
450  -0.020000
451  -0.125000
452  -0.015000
453  -0.050000
454   0.095000
455  -0.010000
456  -0.020000
457   0.040000
458  -0.030000
459   0.050000
460   0.030000
461   0.035000
462   0.015000
463   0.085000
464   0.010000
465   0.025000
466  -0.060000
467   0.010000
468   0.025000
469   0.075000
470   0.045000
471  -0.065000
472   0.080000
473   0.020000
474   0.010000
475  -0.015000
476   0.005000
477  -0.045000
478   0.105000
479  -0.015000
480   0.020000
481   0.060000
482  -0.025000
483  -0.100000
484   0.040000
485  -0.015000
486   0.060000
487  -0.010000
488   0.035000
489  -0.005000
490   0.005000
491  -0.050000
492   0.020000
493  -0.045000
494   0.005000
495  -0.040000
496  -0.020000
497  -0.020000
498   0.040000
499  -0.045000
500   0.030000
-499   0.040000
-498  -0.005000
-497  -0.010000
-496   0.005000
-495  -0.005000
-494  -0.045000
-493   0.015000
-492  -0.035000
-491   0.090000
-490  -0.070000
-489   0.055000
-488  -0.050000
-487  -0.055000
-486  -0.010000
-485   0.055000
-484   0.050000
-483  -0.060000
-482   0.025000
-481  -0.040000
-480  -0.105000
-479  -0.055000
-478   0.000000
-477   0.085000
-476  -0.095000
-475   0.060000
-474  -0.005000
-473   0.015000
-472   0.070000
-471  -0.060000
-470  -0.010000
-469   0.035000
-468   0.035000
-467   0.000000
-466   0.060000
-465  -0.070000
-464   0.010000
-463  -0.010000
-462  -0.045000
-461  -0.065000
-460   0.055000
-459   0.120000
-458  -0.080000
-457   0.035000
-456   0.015000
-455   0.040000
-454  -0.030000
-453   0.055000
-452   0.065000
-451  -0.035000
-450   0.015000
-449  -0.010000
-448  -0.010000
-447   0.055000
-446   0.040000
-445   0.060000
-444   0.045000
-443   0.025000
-442   0.015000
-441  -0.070000
-440  -0.015000
-439  -0.035000
-438  -0.000000
-437   0.070000
-436  -0.005000
-435   0.045000
-434   0.050000
-433  -0.055000
-432   0.010000
-431   0.030000
-430  -0.065000
-429   0.030000
-428   0.050000
-427  -0.000000
-426  -0.020000
-425  -0.015000
-424  -0.010000
-423  -0.090000
-422  -0.025000
-421   0.035000
-420   0.045000
-419   0.065000
-418  -0.010000
-417   0.005000
-416   0.035000
-415  -0.005000
-414   0.070000
-413  -0.005000
-412  -0.050000
-411  -0.015000
-410  -0.095000
-409   0.060000
-408   0.070000
-407  -0.085000
-406   0.030000
-405  -0.010000
-404  -0.100000
-403   0.005000
-402   0.040000
-401   0.015000
-400  -0.045000
-399  -0.055000
-398  -0.000000
-397  -0.040000
-396  -0.020000
-395   0.030000
-394  -0.020000
-393  -0.035000
-392   0.010000
-391  -0.040000
-390   0.025000
-389   0.010000
-388   0.005000
-387   0.020000
-386   0.005000
-385  -0.010000
-384   0.000000
-383  -0.040000
-382  -0.040000
-381   0.055000
-380  -0.025000
-379   0.110000
-378  -0.085000
-377  -0.010000
-376   0.090000
-375  -0.050000
-374  -0.010000
-373  -0.005000
-372  -0.050000
-371   0.045000
-370   0.115000
-369   0.025000
-368   0.020000
-367  -0.035000
-366   0.040000
-365  -0.015000
-364  -0.015000
-363   0.025000
-362  -0.020000
-361  -0.035000
-360  -0.010000
-359   0.045000
-358   0.020000
-357   0.020000
-356  -0.020000
-355   0.040000
-354   0.045000
-353   0.010000
-352  -0.005000
-351  -0.065000
-350   0.015000
-349   0.015000
-348  -0.020000
-347   0.060000
-346  -0.075000
-345  -0.005000
-344  -0.030000
-343  -0.015000
-342   0.045000
-341  -0.020000
-340  -0.030000
-339  -0.025000
-338   0.045000
-337   0.040000
-336   0.020000
-335   0.040000
-334   0.030000
-333   0.030000
-332  -0.050000
-331   0.025000
-330   0.015000
-329   0.060000
-328   0.005000
-327  -0.015000
-326   0.060000
-325  -0.090000
-324   0.080000
-323   0.065000
-322   0.020000
-321   0.095000
-320   0.130000
-319  -0.040000
-318  -0.035000
-317   0.085000
-316   0.095000
-315  -0.025000
-314  -0.010000
-313   0.050000
-312  -0.015000
-311   0.005000
-310   0.085000
-309   0.045000
-308   0.030000
-307   0.025000
-306   0.085000
-305  -0.020000
-304  -0.120000
-303  -0.045000
-302   0.025000
-301   0.015000
-300  -0.045000
-299  -0.045000
-298   0.020000
-297  -0.030000
-296  -0.050000
-295   0.080000
-294   0.020000
-293   0.050000
-292  -0.065000
-291  -0.025000
-290   0.020000
-289  -0.015000
-288  -0.085000
-287   0.005000
-286  -0.020000
-285   0.045000
-284   0.095000
-283   0.065000
-282  -0.000000
-281  -0.045000
-280  -0.030000
-279  -0.030000
-278   0.065000
-277  -0.020000
-276  -0.020000
-275  -0.030000
-274  -0.025000
-273   0.005000
-272   0.060000
-271  -0.015000
-270  -0.055000
-269   0.020000
-268   0.020000
-267  -0.050000
-266   0.070000
-265  -0.005000
-264   0.025000
-263  -0.130000
-262  -0.005000
-261   0.140000
-260  -0.050000
-259  -0.060000
-258   0.005000
-257   0.060000
-256   0.020000
-255   0.020000
-254   0.040000
-253   0.125000
-252   0.010000
-251   0.040000
-250  -0.030000
-249  -0.040000
-248  -0.015000
-247   0.040000
-246   0.005000
-245   0.075000
-244  -0.000000
-243   0.120000
-242   0.045000
-241  -0.050000
-240  -0.100000
-239   0.055000
-238   0.035000
-237  -0.075000
-236  -0.035000
-235  -0.030000
-234  -0.025000
-233   0.010000
-232   0.015000
-231   0.000000
-230  -0.035000
-229   0.020000
-228  -0.050000
-227  -0.040000
-226  -0.020000
-225   0.015000
-224   0.020000
-223  -0.035000
-222   0.015000
-221  -0.090000
-220   0.035000
-219  -0.040000
-218   0.045000
-217  -0.040000
-216   0.010000
-215  -0.040000
-214  -0.100000
-213  -0.050000
-212  -0.015000
-211   0.010000
-210  -0.020000
-209   0.010000
-208   0.050000
-207  -0.020000
-206   0.000000
-205  -0.065000
-204   0.050000
-203   0.025000
-202  -0.065000
-201   0.070000
-200   0.060000
-199   0.140000
-198  -0.000000
-197  -0.035000
-196   0.025000
-195   0.030000
-194   0.010000
-193   0.115000
-192   0.060000
-191  -0.040000
-190  -0.015000
-189  -0.005000
-188  -0.020000
-187  -0.020000
-186  -0.095000
-185  -0.010000
-184   0.075000
-183   0.015000
-182  -0.015000
-181  -0.005000
-180   0.055000
-179   0.010000
-178   0.075000
-177   0.090000
-176  -0.040000
-175   0.005000
-174   0.030000
-173  -0.005000
-172   0.005000
-171  -0.015000
-170  -0.005000
-169   0.040000
-168  -0.045000
-167  -0.005000
-166   0.010000
-165   0.005000
-164   0.010000
-163   0.030000
-162   0.040000
-161  -0.000000
-160   0.020000
-159   0.000000
-158  -0.030000
-157   0.060000
-156  -0.050000
-155   0.005000
-154   0.005000
-153  -0.050000
-152  -0.020000
-151   0.130000
-150   0.020000
-149  -0.025000
-148  -0.020000
-147  -0.055000
-146   0.030000
-145  -0.000000
-144   0.050000
-143  -0.035000
-142   0.015000
-141  -0.010000
-140  -0.095000
-139  -0.120000
-138  -0.030000
-137   0.010000
-136   0.020000
-135  -0.060000
-134  -0.010000
-133  -0.040000
-132  -0.030000
-131  -0.045000
-130   0.070000
-129   0.040000
-128  -0.020000
-127   0.025000
-126   0.070000
-125   0.020000
-124   0.010000
-123   0.035000
-122  -0.025000
-121   0.035000
-120  -0.070000
-119   0.045000
-118  -0.010000
-117   0.010000
-116  -0.010000
-115  -0.025000
-114   0.050000
-113  -0.030000
-112  -0.085000
-111   0.065000
-110   0.000000
-109   0.045000
-108  -0.065000
-107  -0.095000
-106  -0.000000
-105   0.050000
-104   0.015000
-103  -0.020000
-102  -0.080000
-101  -0.030000
-100  -0.025000
-99  -0.010000
-98   0.015000
-97   0.050000
-96   0.075000
-95  -0.045000
-94   0.000000
-93   0.020000
-92  -0.045000
-91  -0.015000
-90  -0.070000
-89   0.050000
-88  -0.010000
-87  -0.085000
-86  -0.005000
-85   0.025000
-84   0.000000
-83  -0.005000
-82  -0.080000
-81   0.090000
-80   0.025000
-79   0.100000
-78   0.035000
-77  -0.025000
-76   0.060000
-75   0.010000
-74   0.005000
-73  -0.005000
-72  -0.085000
-71   0.035000
-70  -0.065000
-69  -0.015000
-68  -0.005000
-67  -0.050000
-66  -0.020000
-65   0.005000
-64   0.025000
-63  -0.045000
-62  -0.085000
-61  -0.075000
-60   0.020000
-59  -0.050000
-58   0.030000
-57   0.035000
-56  -0.000000
-55  -0.005000
-54  -0.010000
-53  -0.050000
-52  -0.095000
-51  -0.040000
-50  -0.050000
-49   0.030000
-48  -0.035000
-47   0.100000
-46   0.080000
-45  -0.035000
-44   0.050000
-43   0.000000
-42   0.070000
-41   0.030000
-40  -0.080000
-39  -0.080000
-38  -0.025000
-37   0.025000
-36  -0.020000
-35  -0.030000
-34   0.000000
-33  -0.030000
-32   0.015000
-31  -0.040000
-30  -0.040000
-29   0.015000
-28  -0.030000
-27   0.010000
-26  -0.060000
-25  -0.005000
-24  -0.005000
-23  -0.015000
-22   0.045000
-21   0.080000
-20   0.065000
-19  -0.110000
-18  -0.055000
-17  -0.010000
-16   0.020000
-15  -0.040000
-14   0.000000
-13   0.045000
-12   0.020000
-11   0.035000
-10  -0.060000
-9  -0.040000
-8   0.035000
-7  -0.030000
-6   0.040000
-5  -0.065000
-4   0.045000
-3  -0.010000
-2   0.020000
-1  -0.060000
