0  -0.000000
1   0.030000
2  -0.015000
3   0.035000
4   0.065000
5   0.030000
6  -0.065000
7  -0.060000
8   0.035000
9  -0.135000
10   0.065000
11   0.060000
12   0.120000
13   0.020000
14  -0.095000
15   0.040000
16  -0.065000
17  -0.015000
18  -0.035000
19  -0.080000
20   0.010000
21   0.040000
22   0.050000
23  -0.045000
24   0.015000
25  -0.045000
26  -0.060000
27  -0.035000
28  -0.080000
29  -0.035000
30   0.040000
31  -0.010000
32   0.025000
33   0.040000
34   0.110000
35  -0.010000
36   0.050000
37  -0.020000
38   0.120000
39  -0.080000
40  -0.025000
41   0.000000
42  -0.015000
43  -0.075000
44   0.130000
45   0.035000
46  -0.015000
47   0.025000
48  -0.020000
49   0.015000
50  -0.035000
51   0.070000
52   0.025000
53  -0.050000
54  -0.135000
55  -0.025000
56  -0.050000
57  -0.005000
58   0.005000
59   0.000000
60   0.110000
61   0.015000
62   0.075000
63   0.000000
64   0.040000
65  -0.010000
66  -0.090000
67  -0.020000
68   0.035000
69  -0.090000
70   0.025000
71  -0.060000
72   0.110000
73  -0.035000
74  -0.015000
75   0.100000
76  -0.065000
77  -0.075000
78   0.015000
79  -0.005000
80  -0.060000
81   0.040000
82   0.030000
83   0.050000
84  -0.020000
85   0.085000
86  -0.025000
87  -0.030000
88  -0.035000
89   0.060000
90  -0.025000
91   0.115000
92   0.050000
93  -0.025000
94  -0.060000
95  -0.065000
96  -0.000000
97   0.000000
98   0.025000
99  -0.035000
100  -0.035000
101  -0.015000
102   0.045000
103   0.050000
104  -0.055000
105  -0.005000
106  -0.010000
107  -0.035000
108  -0.020000
109   0.015000
110   0.100000
111   0.030000
112   0.000000
113   0.025000
114   0.065000
115  -0.030000
116  -0.025000
117   0.010000
118  -0.085000
119  -0.065000
120   0.055000
121   0.045000
122  -0.030000
123   0.115000
124   0.000000
125   0.015000
126   0.005000
127  -0.070000
128   0.010000
129  -0.010000
130   0.040000
131  -0.015000
132   0.005000
133   0.005000
134   0.010000
135   0.000000
136  -0.115000
137   0.010000
138   0.035000
139   0.015000
140   0.000000
141   0.050000
142   0.010000
143   0.055000
144   0.065000
145  -0.080000
146  -0.040000
147  -0.025000
148   0.070000
149   0.005000
150   0.020000
151   0.050000
152   0.090000
153   0.025000
154   0.060000
155  -0.140000
156   0.045000
157  -0.010000
158  -0.040000
159  -0.025000
160  -0.020000
161  -0.000000
162   0.045000
163   0.010000
164   0.070000
165   0.010000
166   0.020000
167  -0.040000
168  -0.020000
169   0.050000
170  -0.025000
171  -0.010000
172  -0.055000
173  -0.060000
174  -0.010000
175   0.045000
176   0.095000
177   0.045000
178   0.015000
179  -0.030000
180  -0.080000
181  -0.025000
182   0.065000
183  -0.065000
184   0.055000
185  -0.065000
186   0.055000
187   0.045000
188   0.025000
189   0.035000
190  -0.015000
191   0.015000
192   0.050000
193   0.070000
194   0.005000
195  -0.015000
196   0.055000
197   0.055000
198  -0.090000
199   0.015000
200   0.050000
201  -0.050000
202   0.080000
203   0.055000
204   0.030000
205   0.020000
206  -0.000000
207   0.045000
208  -0.060000
209  -0.035000
210   0.055000
211  -0.070000
212   0.080000
213  -0.060000
214   0.075000
215  -0.080000
216   0.070000
217  -0.050000
218   0.050000
219   0.055000
220   0.045000
221   0.075000
222   0.035000
223   0.040000
224   0.110000
225   0.010000
226   0.015000
227  -0.015000
228   0.075000
229  -0.055000
230   0.020000
231  -0.005000
232  -0.085000
233  -0.050000
234   0.025000
235   0.110000
236  -0.065000
237  -0.035000
238   0.035000
239   0.070000
240  -0.045000
241  -0.050000
242  -0.000000
243   0.030000
244  -0.005000
245   0.045000
246  -0.030000
247   0.035000
248  -0.015000
249   0.060000
250   0.015000
251  -0.020000
252  -0.060000
253   0.015000
254   0.050000
255   0.020000
256   0.030000
257   0.065000
258   0.080000
259  -0.055000
260   0.075000
261   0.010000
262   0.045000
263   0.060000
264   0.020000
265  -0.075000
266   0.040000
267  -0.005000
268   0.020000
269  -0.000000
270   0.020000
271  -0.075000
272  -0.020000
273  -0.025000
274  -0.050000
275  -0.005000
276  -0.095000
277  -0.045000
278   0.025000
279   0.055000
280   0.075000
281  -0.040000
282   0.035000
283   0.025000
284   0.005000
285   0.070000
286   0.025000
287  -0.120000
288   0.060000
289  -0.015000
290   0.020000
291  -0.040000
292   0.010000
293  -0.065000
294   0.000000
295  -0.015000
296  -0.015000
297   0.030000
298   0.025000
299   0.080000
300  -0.035000
301   0.040000
302   0.060000
303   0.015000
304   0.040000
305   0.045000
306   0.020000
307   0.025000
308  -0.040000
309  -0.020000
310  -0.030000
311   0.010000
312  -0.040000
313   0.100000
314   0.050000
315   0.050000
316   0.035000
317  -0.015000
318  -0.020000
319   0.015000
320   0.015000
321   0.030000
322   0.025000
323   0.020000
324  -0.010000
325   0.000000
326  -0.050000
327  -0.030000
328   0.015000
329  -0.035000
330   0.075000
331  -0.050000
332  -0.035000
333  -0.015000
334  -0.035000
335   0.045000
336   0.010000
337  -0.005000
338   0.015000
339   0.065000
340  -0.040000
341   0.025000
342  -0.015000
343   0.015000
344   0.035000
345   0.030000
346  -0.055000
347   0.045000
348   0.105000
349  -0.030000
350  -0.015000
351   0.040000
352  -0.030000
353   0.005000
354   0.010000
355   0.070000
356  -0.070000
357  -0.025000
358   0.010000
359  -0.010000
360   0.130000
361  -0.010000
362   0.035000
363  -0.010000
364  -0.030000
365  -0.010000
366   0.030000
367  -0.015000
368   0.125000
369   0.020000
370  -0.010000
371   0.000000
372   0.000000
373  -0.105000
374  -0.015000
375  -0.040000
376   0.010000
377   0.040000
378  -0.045000
379  -0.080000
380   0.025000
381   0.055000
382  -0.015000
383   0.025000
384   0.065000
385   0.085000
386   0.110000
387   0.055000
388   0.005000
389   0.030000
390   0.040000
391  -0.005000
392   0.010000
393   0.045000
394   0.000000
395  -0.055000
396   0.100000
397  -0.010000
398   0.055000
399  -0.060000
400  -0.015000
401   0.020000
402  -0.050000
403  -0.085000
404   0.090000
405  -0.090000
406  -0.040000
407   0.035000
408   0.065000
409   0.000000
410   0.080000
411  -0.065000
412   0.050000
413  -0.055000
414   0.010000
415  -0.040000
416   0.080000
417  -0.005000
418  -0.005000
419   0.015000
420   0.065000
421   0.040000
422  -0.060000
423  -0.040000
424   0.115000
425   0.050000
426   0.030000
427   0.010000
428   0.000000
429   0.005000
430   0.090000
431  -0.000000
432  -0.025000
433  -0.015000
434   0.060000
435   0.015000
436  -0.030000
437  -0.015000
438   0.045000
439   0.005000
440  -0.035000
441   0.035000
442   0.070000
443   0.040000
444  -0.090000
445   0.005000
446  -0.020000
447   0.010000
448  -0.085000
449  -0.040000
450   0.065000
451   0.030000
452   0.015000
453   0.005000
454   0.040000
455   0.040000
456   0.000000
457  -0.045000
458  -0.070000
459   0.005000
460  -0.065000
461  -0.010000
462  -0.030000
463  -0.020000
464   0.020000
465  -0.020000
466   0.045000
467   0.045000
468   0.035000
469  -0.030000
470  -0.075000
471  -0.025000
472  -0.000000
473   0.005000
474   0.020000
475  -0.070000
476  -0.075000
477  -0.065000
478   0.020000
479   0.045000
480  -0.010000
481  -0.050000
482  -0.010000
483  -0.025000
484   0.095000
485  -0.060000
486   0.045000
487   0.050000
488  -0.050000
489  -0.020000
490  -0.075000
491   0.055000
492   0.040000
493   0.050000
494   0.035000
495   0.075000
496   0.035000
497  -0.015000
498   0.005000
499  -0.015000
500  -0.040000
-499   0.040000
-498  -0.025000
-497  -0.030000
-496  -0.030000
-495  -0.070000
-494  -0.060000
-493   0.150000
-492  -0.085000
-491  -0.025000
-490  -0.020000
-489   0.005000
-488   0.050000
-487  -0.165000
-486   0.025000
-485  -0.060000
-484   0.060000
-483   0.075000
-482   0.015000
-481   0.030000
-480  -0.020000
-479   0.010000
-478  -0.010000
-477  -0.035000
-476  -0.020000
-475   0.080000
-474   0.045000
-473   0.080000
-472  -0.060000
-471   0.060000
-470   0.025000
-469   0.145000
-468  -0.030000
-467  -0.005000
-466   0.055000
-465   0.010000
-464   0.035000
-463  -0.095000
-462   0.045000
-461  -0.015000
-460  -0.055000
-459  -0.045000
-458  -0.015000
-457  -0.030000
-456   0.000000
-455  -0.015000
-454   0.025000
-453  -0.035000
-452   0.030000
-451   0.010000
-450   0.090000
-449  -0.010000
-448  -0.020000
-447   0.035000
-446   0.010000
-445  -0.000000
-444  -0.065000
-443   0.065000
-442  -0.030000
-441   0.035000
-440   0.005000
-439  -0.045000
-438  -0.055000
-437   0.000000
-436  -0.005000
-435   0.005000
-434  -0.025000
-433   0.110000
-432   0.035000
-431  -0.045000
-430   0.040000
-429  -0.055000
-428  -0.015000
-427  -0.065000
-426  -0.080000
-425  -0.030000
-424  -0.040000
-423   0.055000
-422   0.055000
-421  -0.045000
-420  -0.100000
-419   0.005000
-418  -0.025000
-417  -0.025000
-416  -0.015000
-415   0.050000
-414  -0.035000
-413  -0.090000
-412  -0.110000
-411   0.000000
-410  -0.090000
-409   0.005000
-408  -0.020000
-407   0.020000
-406   0.045000
-405  -0.030000
-404  -0.010000
-403   0.005000
-402  -0.040000
-401   0.015000
-400   0.040000
-399   0.035000
-398   0.065000
-397  -0.110000
-396  -0.070000
-395  -0.070000
-394  -0.100000
-393   0.035000
-392   0.050000
-391  -0.065000
-390  -0.005000
-389  -0.020000
-388  -0.030000
-387   0.020000
-386   0.065000
-385  -0.010000
-384   0.015000
-383  -0.050000
-382  -0.005000
-381   0.025000
-380  -0.005000
-379   0.050000
-378  -0.060000
-377  -0.010000
-376   0.040000
-375  -0.025000
-374   0.075000
-373   0.045000
-372  -0.055000
-371  -0.015000
-370   0.005000
-369   0.040000
-368   0.030000
-367   0.045000
-366  -0.010000
-365   0.045000
-364  -0.055000
-363  -0.050000
-362   0.005000
-361  -0.025000
-360   0.075000
-359  -0.095000
-358   0.030000
-357  -0.040000
-356   0.025000
-355  -0.055000
-354  -0.025000
-353   0.030000
-352   0.010000
-351  -0.070000
-350   0.005000
-349  -0.050000
-348   0.025000
-347   0.080000
-346  -0.080000
-345   0.000000
-344   0.070000
-343   0.005000
-342   0.085000
-341   0.045000
-340   0.020000
-339   0.045000
-338   0.010000
-337   0.015000
-336  -0.020000
-335  -0.025000
-334  -0.095000
-333   0.010000
-332  -0.015000
-331   0.015000
-330  -0.020000
-329   0.045000
-328   0.055000
-327   0.130000
-326   0.065000
-325  -0.010000
-324   0.070000
-323   0.060000
-322  -0.015000
-321   0.045000
-320   0.035000
-319   0.020000
-318  -0.020000
-317   0.045000
-316  -0.115000
-315   0.010000
-314  -0.065000
-313  -0.000000
-312   0.120000
-311   0.010000
-310  -0.005000
-309   0.060000
-308   0.005000
-307   0.030000
-306  -0.020000
-305   0.060000
-304   0.015000
-303   0.035000
-302   0.035000
-301   0.100000
-300  -0.015000
-299  -0.090000
-298  -0.030000
-297   0.075000
-296  -0.070000
-295  -0.030000
-294   0.125000
-293   0.005000
-292  -0.050000
-291  -0.035000
-290   0.020000
-289  -0.005000
-288   0.010000
-287  -0.010000
-286  -0.020000
-285   0.000000
-284  -0.065000
-283  -0.055000
-282   0.065000
-281  -0.035000
-280   0.045000
-279   0.005000
-278   0.070000
-277  -0.040000
-276   0.035000
-275  -0.050000
-274  -0.025000
-273  -0.045000
-272  -0.005000
-271   0.030000
-270  -0.010000
-269   0.000000
-268  -0.030000
-267   0.070000
-266  -0.045000
-265  -0.025000
-264  -0.015000
-263   0.005000
-262  -0.010000
-261  -0.065000
-260  -0.035000
-259  -0.070000
-258  -0.020000
-257   0.040000
-256   0.070000
-255   0.055000
-254  -0.015000
-253  -0.060000
-252  -0.025000
-251  -0.010000
-250   0.030000
-249   0.020000
-248  -0.020000
-247  -0.045000
-246   0.015000
-245  -0.010000
-244  -0.025000
-243  -0.005000
-242  -0.025000
-241   0.030000
-240   0.025000
-239   0.070000
-238   0.075000
-237   0.050000
-236   0.015000
-235  -0.030000
-234  -0.055000
-233   0.010000
-232  -0.005000
-231   0.005000
-230  -0.050000
-229   0.000000
-228   0.025000
-227  -0.040000
-226   0.000000
-225  -0.035000
-224  -0.030000
-223  -0.070000
-222   0.105000
-221  -0.050000
-220  -0.005000
-219   0.095000
-218  -0.010000
-217   0.130000
-216  -0.045000
-215  -0.015000
-214  -0.025000
-213   0.010000
-212   0.015000
-211  -0.025000
-210   0.030000
-209   0.025000
-208   0.010000
-207   0.010000
-206  -0.050000
-205   0.080000
-204   0.055000
-203  -0.070000
-202  -0.010000
-201   0.155000
-200   0.035000
-199   0.055000
-198  -0.020000
-197  -0.060000
-196  -0.010000
-195   0.085000
-194  -0.045000
-193   0.010000
-192   0.090000
-191  -0.005000
-190  -0.055000
-189  -0.040000
-188  -0.055000
-187  -0.025000
-186  -0.055000
-185   0.005000
-184   0.045000
-183  -0.025000
-182   0.090000
-181   0.005000
-180   0.130000
-179  -0.020000
-178   0.075000
-177  -0.095000
-176  -0.030000
-175  -0.055000
-174   0.040000
-173  -0.040000
-172  -0.010000
-171   0.125000
-170  -0.085000
-169  -0.025000
-168  -0.035000
-167  -0.070000
-166   0.030000
-165   0.015000
-164  -0.095000
-163  -0.065000
-162  -0.010000
-161  -0.080000
-160   0.035000
-159  -0.055000
-158   0.030000
-157  -0.045000
-156  -0.000000
-155  -0.035000
-154   0.040000
-153   0.025000
-152   0.015000
-151  -0.055000
-150  -0.000000
-149   0.055000
-148   0.045000
-147  -0.020000
-146  -0.080000
-145   0.055000
-144   0.065000
-143   0.035000
-142  -0.025000
-141   0.020000
-140   0.115000
-139   0.020000
-138  -0.005000
-137  -0.040000
-136  -0.040000
-135  -0.005000
-134   0.025000
-133   0.070000
-132   0.020000
-131  -0.035000
-130  -0.000000
-129   0.000000
-128  -0.020000
-127   0.030000
-126   0.095000
-125   0.010000
-124  -0.040000
-123   0.115000
-122   0.020000
-121  -0.015000
-120  -0.025000
-119   0.085000
-118  -0.000000
-117  -0.055000
-116   0.005000
-115   0.035000
-114  -0.010000
-113  -0.035000
-112  -0.070000
-111   0.075000
-110  -0.030000
-109   0.065000
-108  -0.045000
-107  -0.045000
-106   0.045000
-105  -0.005000
-104   0.020000
-103  -0.055000
-102  -0.050000
-101  -0.010000
-100  -0.045000
-99   0.015000
-98  -0.045000
-97  -0.005000
-96  -0.010000
-95   0.020000
-94  -0.000000
-93   0.075000
-92   0.020000
-91  -0.040000
-90  -0.015000
-89  -0.020000
-88  -0.040000
-87   0.035000
-86  -0.055000
-85  -0.005000
-84   0.080000
-83  -0.020000
-82  -0.020000
-81  -0.000000
-80   0.095000
-79   0.070000
-78  -0.060000
-77   0.010000
-76  -0.070000
-75   0.000000
-74   0.000000
-73  -0.030000
-72  -0.095000
-71  -0.030000
-70   0.015000
-69  -0.015000
-68  -0.050000
-67   0.050000
-66  -0.015000
-65   0.065000
-64   0.040000
-63  -0.005000
-62  -0.005000
-61  -0.040000
-60   0.010000
-59  -0.010000
-58   0.055000
-57  -0.060000
-56  -0.020000
-55  -0.050000
-54  -0.065000
-53   0.050000
-52  -0.005000
-51  -0.010000
-50  -0.055000
-49   0.060000
-48  -0.020000
-47  -0.010000
-46  -0.035000
-45  -0.045000
-44  -0.040000
-43  -0.005000
-42  -0.025000
-41   0.040000
-40  -0.055000
-39   0.070000
-38  -0.030000
-37   0.030000
-36  -0.010000
-35   0.020000
-34   0.040000
-33  -0.035000
-32  -0.065000
-31  -0.070000
-30   0.040000
-29   0.115000
-28   0.020000
-27  -0.060000
-26  -0.035000
-25   0.050000
-24   0.055000
-23   0.050000
-22  -0.135000
-21   0.020000
-20   0.035000
-19  -0.040000
-18   0.040000
-17  -0.060000
-16  -0.070000
-15   0.020000
-14   0.015000
-13  -0.030000
-12   0.015000
-11  -0.015000
-10   0.040000
-9  -0.010000
-8   0.055000
-7   0.010000
-6   0.005000
-5   0.090000
-4   0.005000
-3  -0.060000
-2   0.010000
-1   0.050000
