0   0.000000
1   0.055000
2  -0.015000
3   0.015000
4   0.050000
5   0.010000
6  -0.065000
7  -0.105000
8  -0.060000
9  -0.010000
10   0.020000
11   0.020000
12  -0.015000
13  -0.005000
14   0.010000
15   0.020000
16   0.025000
17   0.065000
18   0.070000
19   0.025000
20  -0.025000
21  -0.085000
22   0.030000
23  -0.055000
24   0.050000
25   0.085000
26  -0.005000
27  -0.080000
28  -0.070000
29  -0.025000
30   0.045000
31   0.020000
32  -0.020000
33   0.000000
34  -0.150000
35  -0.015000
36  -0.020000
37   0.020000
38  -0.005000
39  -0.040000
40  -0.060000
41   0.020000
42   0.035000
43  -0.000000
44  -0.055000
45  -0.050000
46  -0.045000
47  -0.050000
48  -0.080000
49  -0.035000
50   0.000000
51  -0.125000
52   0.065000
53   0.030000
54  -0.020000
55  -0.040000
56  -0.005000
57  -0.005000
58  -0.070000
59   0.035000
60   0.030000
61   0.015000
62  -0.045000
63  -0.065000
64  -0.030000
65   0.055000
66   0.040000
67  -0.095000
68   0.010000
69  -0.045000
70   0.020000
71  -0.040000
72  -0.000000
73  -0.040000
74   0.030000
75  -0.110000
76  -0.000000
77  -0.015000
78   0.005000
79   0.075000
80   0.040000
81   0.025000
82  -0.035000
83  -0.005000
84  -0.090000
85   0.040000
86   0.070000
87   0.050000
88  -0.005000
89   0.040000
90  -0.035000
91  -0.015000
92   0.015000
93   0.030000
94   0.070000
95  -0.040000
96  -0.070000
97  -0.040000
98   0.005000
99  -0.050000
100  -0.075000
101  -0.050000
102  -0.065000
103  -0.035000
104   0.025000
105  -0.065000
106  -0.010000
107  -0.060000
108   0.045000
109  -0.040000
110  -0.030000
111  -0.030000
112   0.035000
113  -0.070000
114   0.025000
115  -0.150000
116  -0.015000
117  -0.065000
118  -0.115000
119   0.035000
120   0.010000
121   0.015000
122  -0.050000
123  -0.055000
124   0.025000
125  -0.050000
126  -0.030000
127   0.165000
128   0.020000
129  -0.040000
130   0.070000
131  -0.070000
132   0.040000
133  -0.065000
134   0.015000
135   0.010000
136   0.010000
137   0.050000
138   0.065000
139   0.070000
140  -0.025000
141   0.040000
142  -0.100000
143   0.025000
144   0.015000
145   0.010000
146  -0.005000
147  -0.015000
148  -0.070000
149   0.040000
150   0.030000
151   0.045000
152   0.075000
153  -0.040000
154  -0.050000
155   0.005000
156  -0.015000
157  -0.080000
158   0.035000
159   0.015000
160   0.040000
161  -0.060000
162   0.040000
163   0.040000
164   0.020000
165   0.070000
166   0.040000
167   0.005000
168  -0.045000
169   0.065000
170   0.055000
171   0.050000
172  -0.035000
173   0.030000
174   0.045000
175  -0.025000
176  -0.050000
177   0.010000
178  -0.015000
179   0.055000
180   0.065000
181  -0.050000
182   0.020000
183  -0.020000
184  -0.020000
185  -0.035000
186  -0.020000
187   0.010000
188   0.100000
189  -0.050000
190  -0.110000
191   0.035000
192   0.065000
193  -0.005000
194  -0.100000
195   0.025000
196   0.020000
197  -0.015000
198  -0.065000
199  -0.035000
200   0.035000
201  -0.015000
202   0.020000
203   0.020000
204  -0.020000
205   0.050000
206   0.115000
207  -0.015000
208   0.115000
209  -0.025000
210   0.005000
211   0.070000
212  -0.010000
213   0.035000
214   0.010000
215  -0.035000
216   0.020000
217   0.065000
218  -0.040000
219   0.060000
220  -0.030000
221   0.010000
222  -0.005000
223   0.020000
224   0.035000
225  -0.010000
226  -0.055000
227   0.140000
228   0.030000
229   0.065000
230  -0.010000
231  -0.005000
232  -0.045000
233   0.050000
234   0.060000
235  -0.005000
236   0.115000
237   0.060000
238   0.010000
239  -0.015000
240   0.050000
241   0.085000
242   0.085000
243  -0.025000
244  -0.050000
245  -0.115000
246  -0.015000
247  -0.065000
248   0.080000
249  -0.070000
250  -0.005000
251  -0.030000
252  -0.000000
253   0.075000
254   0.010000
255  -0.015000
256   0.005000
257  -0.020000
258  -0.045000
259   0.025000
260   0.045000
261   0.060000
262   0.000000
263  -0.020000
264  -0.060000
265  -0.000000
266  -0.035000
267   0.035000
268   0.030000
269   0.050000
270  -0.085000
271   0.070000
272  -0.025000
273   0.025000
274   0.040000
275  -0.010000
276  -0.035000
277   0.035000
278   0.075000
279   0.000000
280   0.070000
281   0.010000
282   0.015000
283  -0.035000
284   0.030000
285   0.020000
286   0.115000
287  -0.020000
288   0.070000
289   0.015000
290   0.030000
291  -0.020000
292   0.055000
293  -0.015000
294  -0.045000
295  -0.055000
296  -0.125000
297  -0.040000
298  -0.050000
299   0.035000
300  -0.050000
301   0.030000
302  -0.080000
303   0.020000
304  -0.005000
305   0.005000
306  -0.020000
307   0.035000
308   0.040000
309  -0.035000
310  -0.050000
311   0.065000
312   0.075000
313  -0.045000
314  -0.025000
315  -0.080000
316   0.040000
317  -0.020000
318   0.055000
319   0.030000
320  -0.070000
321   0.030000
322  -0.060000
323   0.030000
324  -0.015000
325   0.045000
326  -0.030000
327   0.035000
328   0.055000
329  -0.005000
330  -0.020000
331  -0.010000
332   0.010000
333   0.070000
334   0.035000
335  -0.020000
336   0.015000
337   0.025000
338  -0.025000
339   0.020000
340   0.020000
341   0.020000
342  -0.020000
343   0.020000
344  -0.075000
345  -0.040000
346  -0.050000
347   0.030000
348   0.065000
349  -0.010000
350   0.045000
351   0.035000
352  -0.065000
353  -0.040000
354  -0.045000
355  -0.015000
356   0.010000
357  -0.040000
358  -0.080000
359  -0.045000
360  -0.045000
361  -0.035000
362   0.010000
363  -0.070000
364  -0.035000
365   0.010000
366  -0.000000
367   0.050000
368   0.030000
369  -0.025000
370  -0.040000
371  -0.020000
372   0.010000
373   0.030000
374  -0.005000
375  -0.010000
376  -0.070000
377   0.025000
378  -0.080000
379   0.045000
380  -0.015000
381  -0.075000
382  -0.015000
383  -0.060000
384   0.050000
385  -0.025000
386  -0.005000
387   0.045000
388   0.060000
389   0.000000
390   0.005000
391  -0.020000
392  -0.105000
393  -0.010000
394  -0.060000
395  -0.085000
396  -0.020000
397   0.020000
398  -0.050000
399   0.075000
400  -0.055000
401  -0.060000
402   0.005000
403   0.045000
404  -0.055000
405   0.025000
406   0.050000
407  -0.080000
408   0.025000
409   0.055000
410  -0.005000
411  -0.035000
412   0.000000
413  -0.040000
414   0.105000
415  -0.030000
416   0.025000
417   0.005000
418   0.085000
419   0.010000
420   0.055000
421  -0.005000
422  -0.085000
423  -0.030000
424   0.050000
425   0.000000
426   0.040000
427  -0.055000
428  -0.050000
429   0.015000
430  -0.010000
431   0.080000
432  -0.000000
433  -0.060000
434  -0.105000
435   0.035000
436  -0.030000
437   0.030000
438  -0.020000
439  -0.050000
440  -0.075000
441  -0.070000
442  -0.050000
443   0.010000
444   0.010000
445  -0.030000
446   0.040000
447   0.020000
448  -0.065000
449   0.005000
450   0.020000
451   0.010000
452   0.070000
453   0.010000
454   0.045000
455  -0.055000
456   0.005000
457  -0.040000
458  -0.005000
459   0.060000
460   0.035000
461  -0.015000
462  -0.010000
463   0.080000
464  -0.060000
465   0.010000
466   0.010000
467   0.030000
468   0.050000
469   0.035000
470  -0.035000
471   0.020000
472  -0.030000
473   0.035000
474   0.015000
475   0.055000
476  -0.055000
477  -0.045000
478   0.025000
479   0.055000
480   0.030000
481  -0.055000
482  -0.035000
483  -0.085000
484   0.005000
485   0.045000
486  -0.010000
487   0.090000
488   0.020000
489  -0.005000
490   0.000000
491   0.020000
492  -0.090000
493  -0.060000
494   0.020000
495   0.005000
496   0.020000
497   0.060000
498   0.025000
499  -0.075000
500  -0.010000
-499  -0.000000
-498   0.045000
-497  -0.045000
-496   0.055000
-495   0.045000
-494   0.150000
-493  -0.075000
-492   0.095000
-491  -0.050000
-490  -0.000000
-489   0.025000
-488   0.075000
-487   0.055000
-486  -0.050000
-485  -0.055000
-484  -0.025000
-483   0.000000
-482  -0.025000
-481   0.025000
-480  -0.030000
-479  -0.005000
-478  -0.020000
-477   0.035000
-476  -0.025000
-475   0.015000
-474   0.030000
-473   0.040000
-472   0.090000
-471  -0.010000
-470   0.040000
-469  -0.015000
-468   0.025000
-467   0.100000
-466  -0.045000
-465  -0.045000
-464  -0.020000
-463   0.015000
-462   0.010000
-461  -0.085000
-460   0.015000
-459   0.030000
-458  -0.030000
-457   0.085000
-456  -0.005000
-455   0.005000
-454   0.025000
-453  -0.000000
-452   0.080000
-451  -0.010000
-450  -0.015000
-449   0.005000
-448   0.015000
-447  -0.070000
-446   0.035000
-445   0.005000
-444  -0.060000
-443   0.070000
-442   0.005000
-441  -0.035000
-440   0.020000
-439   0.060000
-438  -0.020000
-437  -0.035000
-436   0.000000
-435   0.005000
-434  -0.070000
-433   0.040000
-432   0.015000
-431  -0.025000
-430  -0.090000
-429  -0.030000
-428  -0.025000
-427   0.015000
-426   0.065000
-425   0.070000
-424   0.025000
-423   0.015000
-422   0.010000
-421  -0.040000
-420   0.035000
-419  -0.010000
-418  -0.035000
-417   0.000000
-416   0.005000
-415   0.050000
-414   0.000000
-413  -0.025000
-412   0.035000
-411  -0.075000
-410   0.050000
-409  -0.020000
-408  -0.025000
-407   0.055000
-406   0.005000
-405  -0.090000
-404   0.065000
-403  -0.010000
-402   0.075000
-401   0.030000
-400  -0.070000
-399  -0.075000
-398   0.010000
-397  -0.050000
-396  -0.015000
-395   0.005000
-394  -0.040000
-393  -0.050000
-392   0.090000
-391   0.000000
-390   0.005000
-389   0.030000
-388  -0.000000
-387   0.050000
-386   0.015000
-385   0.055000
-384  -0.020000
-383   0.000000
-382   0.085000
-381   0.015000
-380  -0.025000
-379  -0.055000
-378  -0.030000
-377   0.065000
-376   0.000000
-375   0.015000
-374   0.010000
-373  -0.015000
-372  -0.080000
-371  -0.050000
-370   0.025000
-369   0.070000
-368   0.050000
-367  -0.020000
-366   0.060000
-365  -0.015000
-364   0.070000
-363  -0.020000
-362   0.020000
-361  -0.010000
-360   0.050000
-359   0.020000
-358   0.010000
-357   0.045000
-356  -0.045000
-355   0.025000
-354   0.010000
-353   0.000000
-352   0.055000
-351  -0.005000
-350  -0.050000
-349   0.015000
-348  -0.030000
-347   0.010000
-346   0.090000
-345  -0.095000
-344   0.090000
-343   0.040000
-342  -0.085000
-341  -0.065000
-340   0.080000
-339   0.060000
-338   0.015000
-337  -0.015000
-336   0.010000
-335  -0.055000
-334   0.005000
-333  -0.045000
-332  -0.135000
-331  -0.015000
-330   0.005000
-329  -0.005000
-328   0.000000
-327   0.050000
-326  -0.045000
-325  -0.020000
-324  -0.010000
-323   0.015000
-322   0.070000
-321  -0.020000
-320   0.000000
-319   0.035000
-318   0.055000
-317   0.065000
-316   0.060000
-315   0.005000
-314  -0.015000
-313  -0.055000
-312   0.005000
-311   0.020000
-310   0.025000
-309   0.125000
-308   0.005000
-307  -0.050000
-306   0.080000
-305   0.075000
-304  -0.030000
-303   0.035000
-302   0.055000
-301   0.085000
-300   0.030000
-299   0.060000
-298   0.115000
-297   0.095000
-296   0.040000
-295  -0.045000
-294  -0.010000
-293   0.050000
-292  -0.005000
-291  -0.035000
-290  -0.035000
-289  -0.095000
-288  -0.050000
-287  -0.060000
-286   0.090000
-285   0.020000
-284  -0.065000
-283  -0.040000
-282  -0.025000
-281   0.105000
-280   0.020000
-279  -0.065000
-278   0.045000
-277  -0.065000
-276   0.050000
-275   0.050000
-274  -0.055000
-273   0.010000
-272  -0.015000
-271   0.055000
-270  -0.040000
-269   0.000000
-268   0.020000
-267   0.035000
-266   0.020000
-265  -0.025000
-264  -0.010000
-263   0.045000
-262   0.035000
-261   0.020000
-260   0.110000
-259   0.035000
-258  -0.060000
-257   0.065000
-256   0.125000
-255   0.010000
-254  -0.040000
-253   0.080000
-252   0.060000
-251   0.045000
-250   0.010000
-249  -0.005000
-248  -0.015000
-247  -0.085000
-246  -0.080000
-245   0.050000
-244  -0.020000
-243  -0.025000
-242  -0.050000
-241   0.030000
-240  -0.100000
-239  -0.080000
-238   0.030000
-237   0.020000
-236   0.035000
-235   0.030000
-234  -0.035000
-233   0.055000
-232   0.025000
-231   0.040000
-230  -0.025000
-229  -0.035000
-228   0.050000
-227  -0.030000
-226  -0.025000
-225   0.015000
-224  -0.020000
-223  -0.060000
-222   0.015000
-221   0.030000
-220   0.030000
-219  -0.010000
-218   0.025000
-217   0.060000
-216  -0.040000
-215  -0.010000
-214   0.040000
-213  -0.070000
-212   0.040000
-211  -0.010000
-210   0.045000
-209  -0.055000
-208  -0.045000
-207  -0.015000
-206   0.005000
-205  -0.010000
-204  -0.045000
-203   0.115000
-202   0.060000
-201   0.040000
-200   0.030000
-199  -0.000000
-198   0.085000
-197   0.025000
-196  -0.055000
-195  -0.030000
-194  -0.050000
-193   0.035000
-192   0.015000
-191   0.080000
-190   0.020000
-189  -0.015000
-188  -0.070000
-187  -0.010000
-186   0.075000
-185   0.080000
-184   0.030000
-183   0.055000
-182   0.040000
-181  -0.070000
-180   0.020000
-179  -0.035000
-178   0.055000
-177   0.065000
-176   0.040000
-175   0.075000
-174  -0.035000
-173  -0.050000
-172   0.020000
-171  -0.040000
-170  -0.030000
-169   0.065000
-168   0.000000
-167  -0.005000
-166  -0.090000
-165   0.090000
-164   0.025000
-163  -0.075000
-162  -0.020000
-161   0.045000
-160   0.050000
-159  -0.020000
-158   0.050000
-157  -0.025000
-156   0.050000
-155  -0.120000
-154  -0.035000
-153   0.040000
-152  -0.040000
-151  -0.030000
-150   0.000000
-149   0.015000
-148  -0.065000
-147   0.035000
-146  -0.065000
-145  -0.010000
-144  -0.010000
-143   0.015000
-142  -0.010000
-141  -0.005000
-140  -0.020000
-139  -0.115000
-138   0.000000
-137  -0.070000
-136   0.010000
-135   0.130000
-134  -0.040000
-133  -0.065000
-132   0.025000
-131   0.035000
-130   0.060000
-129  -0.035000
-128   0.020000
-127  -0.040000
-126  -0.155000
-125   0.035000
-124  -0.035000
-123  -0.120000
-122   0.050000
-121  -0.070000
-120  -0.070000
-119  -0.065000
-118  -0.055000
-117   0.040000
-116   0.115000
-115   0.000000
-114   0.060000
-113   0.020000
-112  -0.085000
-111   0.045000
-110   0.040000
-109  -0.040000
-108   0.005000
-107   0.000000
-106   0.010000
-105   0.030000
-104   0.050000
-103  -0.030000
-102   0.010000
-101  -0.015000
-100  -0.025000
-99  -0.055000
-98  -0.005000
-97  -0.020000
-96   0.015000
-95  -0.050000
-94   0.010000
-93   0.020000
-92  -0.005000
-91   0.005000
-90   0.000000
-89   0.035000
-88   0.125000
-87   0.055000
-86   0.000000
-85  -0.025000
-84   0.060000
-83  -0.145000
-82  -0.020000
-81   0.080000
-80   0.060000
-79   0.070000
-78  -0.000000
-77  -0.060000
-76   0.115000
-75   0.055000
-74   0.055000
-73  -0.005000
-72   0.040000
-71   0.075000
-70   0.015000
-69   0.070000
-68  -0.000000
-67   0.115000
-66   0.030000
-65   0.050000
-64  -0.005000
-63   0.025000
-62  -0.050000
-61   0.015000
-60  -0.125000
-59   0.060000
-58  -0.010000
-57  -0.070000
-56   0.025000
-55  -0.105000
-54   0.075000
-53   0.100000
-52   0.050000
-51  -0.050000
-50  -0.010000
-49   0.010000
-48  -0.045000
-47   0.025000
-46  -0.035000
-45  -0.015000
-44  -0.045000
-43   0.005000
-42  -0.005000
-41  -0.005000
-40  -0.055000
-39  -0.040000
-38  -0.035000
-37   0.030000
-36  -0.090000
-35   0.030000
-34   0.020000
-33  -0.020000
-32  -0.025000
-31   0.060000
-30  -0.015000
-29  -0.040000
-28   0.015000
-27  -0.010000
-26   0.100000
-25  -0.000000
-24   0.025000
-23  -0.030000
-22   0.035000
-21  -0.060000
-20  -0.015000
-19   0.050000
-18  -0.030000
-17   0.025000
-16  -0.020000
-15  -0.070000
-14   0.025000
-13   0.055000
-12  -0.015000
-11   0.065000
-10   0.055000
-9  -0.025000
-8  -0.030000
-7   0.055000
-6  -0.015000
-5  -0.025000
-4   0.040000
-3  -0.015000
-2  -0.025000
-1  -0.075000
