0  -0.075000
1  -0.010000
2  -0.005000
3  -0.060000
4   0.040000
5  -0.045000
6  -0.085000
7  -0.040000
8   0.010000
9   0.070000
10  -0.100000
11  -0.075000
12  -0.035000
13  -0.080000
14   0.015000
15   0.045000
16   0.045000
17  -0.075000
18  -0.070000
19  -0.045000
20  -0.050000
21  -0.045000
22   0.010000
23   0.030000
24  -0.015000
25   0.070000
26   0.015000
27   0.010000
28  -0.090000
29   0.040000
30   0.070000
31   0.120000
32  -0.045000
33  -0.010000
34  -0.035000
35  -0.150000
36  -0.005000
37  -0.065000
38   0.000000
39  -0.050000
40   0.040000
41   0.025000
42   0.055000
43   0.000000
44   0.070000
45   0.060000
46  -0.055000
47   0.015000
48  -0.085000
49   0.040000
50   0.020000
51   0.035000
52  -0.130000
53   0.010000
54  -0.035000
55   0.020000
56  -0.020000
57   0.035000
58  -0.110000
59   0.005000
60   0.025000
61  -0.015000
62  -0.025000
63   0.060000
64  -0.010000
65   0.010000
66  -0.010000
67  -0.010000
68   0.040000
69   0.010000
70  -0.005000
71   0.000000
72   0.020000
73   0.060000
74   0.025000
75   0.155000
76   0.050000
77   0.140000
78  -0.055000
79  -0.005000
80  -0.025000
81   0.080000
82   0.065000
83  -0.075000
84   0.070000
85   0.055000
86   0.065000
87  -0.050000
88   0.045000
89  -0.035000
90   0.065000
91   0.010000
92   0.020000
93  -0.030000
94  -0.050000
95  -0.025000
96   0.045000
97   0.025000
98   0.000000
99  -0.020000
100  -0.035000
101  -0.090000
102   0.025000
103  -0.010000
104  -0.010000
105   0.075000
106  -0.065000
107  -0.065000
108  -0.070000
109   0.005000
110   0.025000
111   0.100000
112   0.040000
113   0.030000
114  -0.015000
115  -0.050000
116   0.010000
117   0.025000
118   0.060000
119  -0.065000
120  -0.005000
121  -0.030000
122  -0.040000
123  -0.045000
124   0.150000
125  -0.095000
126  -0.050000
127  -0.045000
128   0.015000
129   0.045000
130  -0.010000
131   0.015000
132  -0.030000
133   0.075000
134   0.070000
135   0.025000
136   0.110000
137  -0.000000
138   0.080000
139   0.030000
140   0.080000
141   0.005000
142   0.025000
143   0.010000
144  -0.015000
145  -0.050000
146  -0.015000
147   0.020000
148   0.055000
149  -0.065000
150   0.040000
151   0.015000
152   0.060000
153   0.100000
154  -0.070000
155  -0.035000
156   0.060000
157   0.015000
158   0.000000
159  -0.050000
160  -0.030000
161  -0.005000
162  -0.010000
163   0.025000
164  -0.015000
165  -0.015000
166  -0.065000
167  -0.025000
168   0.035000
169  -0.050000
170  -0.010000
171  -0.010000
172   0.040000
173  -0.005000
174   0.035000
175   0.110000
176   0.025000
177   0.020000
178  -0.075000
179  -0.055000
180   0.025000
181   0.000000
182  -0.095000
183  -0.040000
184  -0.005000
185  -0.075000
186   0.020000
187   0.070000
188  -0.025000
189   0.015000
190  -0.060000
191  -0.005000
192  -0.105000
193  -0.060000
194  -0.005000
195   0.035000
196  -0.015000
197   0.000000
198  -0.050000
199  -0.030000
200   0.080000
201  -0.000000
202   0.000000
203   0.000000
204   0.010000
205   0.020000
206  -0.020000
207  -0.005000
208   0.005000
209  -0.010000
210  -0.060000
211  -0.065000
212   0.050000
213   0.085000
214   0.020000
215  -0.050000
216   0.005000
217   0.035000
218  -0.015000
219   0.025000
220  -0.020000
221  -0.030000
222  -0.040000
223   0.025000
224   0.015000
225   0.015000
226  -0.045000
227   0.100000
228  -0.080000
229  -0.070000
230  -0.110000
231   0.080000
232  -0.005000
233   0.045000
234   0.050000
235   0.080000
236  -0.010000
237   0.020000
238  -0.050000
239   0.000000
240  -0.090000
241   0.025000
242  -0.040000
243  -0.015000
244  -0.040000
245  -0.045000
246  -0.050000
247   0.010000
248  -0.015000
249  -0.035000
250  -0.040000
251  -0.020000
252   0.050000
253  -0.025000
254  -0.015000
255  -0.055000
256   0.025000
257  -0.050000
258  -0.010000
259   0.035000
260  -0.045000
261   0.060000
262   0.060000
263   0.050000
264  -0.000000
265   0.035000
266  -0.020000
267  -0.065000
268   0.005000
269   0.055000
270  -0.015000
271   0.065000
272   0.000000
273   0.105000
274   0.035000
275   0.065000
276   0.060000
277   0.070000
278   0.010000
279   0.010000
280   0.020000
281  -0.000000
282  -0.020000
283   0.065000
284  -0.045000
285   0.095000
286   0.000000
287   0.065000
288   0.090000
289   0.020000
290   0.075000
291  -0.020000
292   0.025000
293  -0.020000
294  -0.025000
295   0.095000
296  -0.070000
297   0.075000
298   0.060000
299  -0.035000
300  -0.045000
301   0.030000
302  -0.025000
303   0.025000
304   0.060000
305   0.010000
306   0.000000
307   0.025000
308   0.005000
309   0.070000
310  -0.050000
311   0.010000
312   0.025000
313   0.025000
314  -0.020000
315   0.015000
316   0.005000
317  -0.055000
318   0.040000
319  -0.000000
320  -0.055000
321  -0.035000
322  -0.060000
323  -0.010000
324   0.025000
325   0.080000
326  -0.035000
327   0.015000
328   0.025000
329   0.035000
330  -0.035000
331  -0.035000
332   0.035000
333  -0.010000
334  -0.090000
335   0.020000
336  -0.015000
337  -0.000000
338  -0.045000
339  -0.045000
340   0.005000
341  -0.080000
342   0.010000
343  -0.100000
344  -0.020000
345  -0.020000
346   0.075000
347   0.025000
348   0.020000
349  -0.030000
350   0.020000
351  -0.035000
352  -0.030000
353  -0.010000
354   0.025000
355   0.020000
356   0.065000
357  -0.025000
358  -0.020000
359  -0.025000
360  -0.075000
361   0.010000
362   0.095000
363   0.020000
364   0.025000
365   0.025000
366  -0.010000
367   0.080000
368  -0.025000
369  -0.025000
370  -0.005000
371   0.065000
372  -0.005000
373  -0.035000
374  -0.050000
375   0.045000
376   0.090000
377  -0.025000
378   0.065000
379   0.085000
380   0.025000
381  -0.025000
382  -0.050000
383   0.050000
384  -0.130000
385  -0.010000
386  -0.030000
387   0.010000
388  -0.035000
389   0.010000
390  -0.025000
391  -0.070000
392   0.010000
393  -0.060000
394   0.015000
395   0.150000
396   0.020000
397  -0.025000
398   0.020000
399   0.045000
400  -0.025000
401   0.035000
402  -0.010000
403   0.015000
404  -0.020000
405   0.050000
406  -0.055000
407   0.045000
408   0.085000
409   0.030000
410   0.020000
411   0.040000
412  -0.035000
413  -0.090000
414  -0.055000
415   0.155000
416  -0.030000
417  -0.090000
418   0.000000
419  -0.005000
420  -0.035000
421   0.025000
422   0.020000
423   0.035000
424   0.050000
425   0.040000
426  -0.015000
427  -0.065000
428   0.050000
429  -0.070000
430   0.055000
431   0.030000
432  -0.040000
433  -0.010000
434  -0.045000
435  -0.110000
436  -0.045000
437  -0.055000
438   0.045000
439  -0.030000
440  -0.055000
441  -0.010000
442   0.035000
443  -0.175000
444  -0.065000
445   0.075000
446  -0.055000
447  -0.080000
448   0.025000
449   0.050000
450  -0.010000
451  -0.000000
452  -0.010000
453   0.055000
454  -0.020000
455   0.030000
456  -0.055000
457   0.060000
458  -0.020000
459   0.035000
460  -0.080000
461  -0.030000
462   0.005000
463  -0.020000
464  -0.015000
465  -0.050000
466   0.040000
467   0.020000
468   0.040000
469  -0.035000
470  -0.000000
471  -0.065000
472  -0.030000
473  -0.100000
474  -0.050000
475  -0.060000
476  -0.070000
477  -0.010000
478   0.000000
479  -0.020000
480  -0.060000
481   0.050000
482  -0.130000
483   0.015000
484  -0.050000
485  -0.010000
486  -0.030000
487  -0.005000
488  -0.035000
489   0.050000
490  -0.050000
491  -0.015000
492  -0.055000
493  -0.025000
494   0.020000
495   0.040000
496  -0.025000
497  -0.005000
498   0.005000
499  -0.020000
500  -0.040000
-499  -0.030000
-498   0.035000
-497  -0.050000
-496   0.015000
-495  -0.015000
-494  -0.020000
-493  -0.090000
-492   0.010000
-491  -0.035000
-490   0.080000
-489   0.045000
-488   0.000000
-487   0.030000
-486  -0.035000
-485  -0.020000
-484   0.075000
-483   0.045000
-482  -0.095000
-481  -0.130000
-480  -0.040000
-479   0.005000
-478  -0.045000
-477  -0.145000
-476  -0.015000
-475  -0.085000
-474   0.025000
-473  -0.015000
-472   0.005000
-471   0.065000
-470   0.050000
-469   0.010000
-468   0.025000
-467  -0.040000
-466  -0.000000
-465  -0.035000
-464   0.055000
-463  -0.060000
-462  -0.060000
-461   0.005000
-460   0.045000
-459   0.010000
-458   0.050000
-457   0.005000
-456   0.030000
-455  -0.050000
-454   0.050000
-453  -0.065000
-452  -0.080000
-451  -0.045000
-450   0.010000
-449  -0.010000
-448  -0.030000
-447  -0.030000
-446   0.040000
-445  -0.080000
-444  -0.055000
-443   0.040000
-442   0.045000
-441  -0.005000
-440   0.030000
-439  -0.030000
-438   0.040000
-437   0.010000
-436  -0.000000
-435   0.030000
-434  -0.060000
-433   0.110000
-432   0.015000
-431   0.025000
-430   0.065000
-429  -0.000000
-428   0.070000
-427  -0.050000
-426  -0.125000
-425   0.015000
-424  -0.005000
-423  -0.065000
-422   0.065000
-421   0.000000
-420  -0.035000
-419   0.030000
-418   0.005000
-417   0.030000
-416   0.010000
-415   0.025000
-414   0.105000
-413   0.030000
-412   0.020000
-411  -0.015000
-410  -0.055000
-409  -0.025000
-408  -0.045000
-407   0.050000
-406  -0.065000
-405  -0.045000
-404   0.040000
-403   0.060000
-402  -0.055000
-401  -0.020000
-400   0.015000
-399   0.020000
-398  -0.010000
-397   0.005000
-396  -0.005000
-395   0.080000
-394  -0.010000
-393   0.015000
-392  -0.045000
-391   0.080000
-390   0.085000
-389  -0.045000
-388  -0.070000
-387   0.010000
-386   0.005000
-385   0.050000
-384   0.020000
-383   0.045000
-382  -0.030000
-381   0.020000
-380  -0.005000
-379  -0.015000
-378  -0.075000
-377   0.025000
-376   0.065000
-375   0.075000
-374   0.020000
-373  -0.060000
-372  -0.040000
-371  -0.010000
-370   0.035000
-369  -0.005000
-368   0.030000
-367  -0.040000
-366  -0.035000
-365   0.020000
-364  -0.030000
-363   0.030000
-362   0.060000
-361   0.010000
-360  -0.015000
-359   0.050000
-358   0.020000
-357   0.040000
-356   0.040000
-355  -0.040000
-354  -0.005000
-353  -0.010000
-352   0.005000
-351  -0.060000
-350  -0.020000
-349  -0.040000
-348  -0.075000
-347   0.010000
-346   0.020000
-345   0.005000
-344  -0.065000
-343  -0.030000
-342  -0.040000
-341  -0.020000
-340  -0.005000
-339  -0.005000
-338  -0.095000
-337   0.025000
-336  -0.050000
-335   0.100000
-334  -0.020000
-333   0.010000
-332  -0.010000
-331  -0.070000
-330   0.035000
-329  -0.040000
-328   0.025000
-327   0.025000
-326   0.080000
-325   0.015000
-324   0.005000
-323   0.005000
-322  -0.010000
-321   0.035000
-320   0.045000
-319   0.030000
-318   0.065000
-317   0.020000
-316  -0.095000
-315   0.095000
-314   0.050000
-313  -0.035000
-312   0.025000
-311   0.100000
-310  -0.025000
-309   0.025000
-308   0.020000
-307  -0.090000
-306  -0.010000
-305   0.005000
-304   0.065000
-303  -0.040000
-302   0.040000
-301  -0.000000
-300  -0.060000
-299  -0.035000
-298  -0.040000
-297  -0.040000
-296  -0.020000
-295   0.055000
-294  -0.065000
-293   0.020000
-292  -0.030000
-291   0.110000
-290   0.080000
-289   0.025000
-288  -0.005000
-287   0.075000
-286  -0.040000
-285  -0.055000
-284  -0.065000
-283  -0.010000
-282   0.040000
-281   0.035000
-280  -0.100000
-279  -0.025000
-278  -0.070000
-277   0.005000
-276   0.005000
-275   0.000000
-274   0.065000
-273  -0.115000
-272   0.100000
-271  -0.005000
-270  -0.105000
-269   0.005000
-268   0.060000
-267  -0.005000
-266   0.015000
-265   0.010000
-264   0.005000
-263  -0.025000
-262  -0.010000
-261   0.065000
-260   0.030000
-259  -0.025000
-258  -0.065000
-257  -0.005000
-256   0.050000
-255  -0.005000
-254   0.085000
-253  -0.035000
-252   0.085000
-251  -0.030000
-250  -0.010000
-249  -0.025000
-248   0.020000
-247  -0.040000
-246   0.045000
-245   0.015000
-244  -0.115000
-243  -0.010000
-242   0.060000
-241   0.000000
-240   0.035000
-239  -0.025000
-238   0.010000
-237  -0.005000
-236   0.050000
-235   0.060000
-234  -0.005000
-233   0.035000
-232   0.025000
-231  -0.005000
-230  -0.025000
-229  -0.010000
-228   0.010000
-227   0.005000
-226  -0.055000
-225  -0.050000
-224   0.065000
-223  -0.025000
-222   0.050000
-221   0.020000
-220  -0.025000
-219   0.095000
-218   0.025000
-217   0.020000
-216  -0.030000
-215  -0.110000
-214   0.000000
-213  -0.070000
-212   0.040000
-211  -0.065000
-210  -0.005000
-209   0.030000
-208  -0.070000
-207  -0.025000
-206  -0.110000
-205  -0.010000
-204  -0.060000
-203  -0.060000
-202  -0.055000
-201   0.020000
-200  -0.090000
-199   0.065000
-198  -0.020000
-197  -0.010000
-196  -0.010000
-195   0.055000
-194  -0.035000
-193  -0.095000
-192  -0.005000
-191  -0.050000
-190  -0.105000
-189   0.000000
-188  -0.040000
-187  -0.050000
-186   0.020000
-185  -0.045000
-184   0.045000
-183   0.010000
-182  -0.005000
-181  -0.045000
-180  -0.020000
-179   0.035000
-178   0.055000
-177   0.040000
-176  -0.020000
-175   0.010000
-174  -0.045000
-173   0.115000
-172  -0.010000
-171  -0.015000
-170  -0.020000
-169  -0.035000
-168   0.005000
-167   0.015000
-166  -0.010000
-165  -0.055000
-164   0.035000
-163  -0.005000
-162   0.005000
-161  -0.050000
-160  -0.010000
-159   0.020000
-158   0.055000
-157  -0.070000
-156  -0.040000
-155  -0.000000
-154  -0.005000
-153  -0.000000
-152  -0.060000
-151   0.040000
-150   0.000000
-149  -0.010000
-148  -0.070000
-147   0.025000
-146   0.025000
-145  -0.080000
-144   0.060000
-143  -0.055000
-142   0.020000
-141  -0.020000
-140   0.040000
-139   0.030000
-138  -0.025000
-137   0.045000
-136   0.015000
-135   0.060000
-134  -0.000000
-133  -0.035000
-132   0.025000
-131  -0.005000
-130   0.055000
-129  -0.030000
-128   0.025000
-127  -0.085000
-126  -0.005000
-125  -0.005000
-124  -0.075000
-123   0.065000
-122   0.050000
-121   0.010000
-120  -0.055000
-119  -0.005000
-118  -0.080000
-117  -0.125000
-116   0.030000
-115  -0.055000
-114  -0.025000
-113  -0.020000
-112  -0.025000
-111   0.015000
-110  -0.055000
-109  -0.085000
-108   0.010000
-107   0.075000
-106   0.015000
-105  -0.005000
-104   0.065000
-103  -0.030000
-102  -0.030000
-101   0.030000
-100  -0.030000
-99   0.005000
-98   0.050000
-97   0.030000
-96  -0.075000
-95   0.070000
-94   0.010000
-93   0.000000
-92   0.020000
-91  -0.050000
-90  -0.015000
-89  -0.020000
-88  -0.035000
-87  -0.070000
-86   0.020000
-85   0.015000
-84   0.030000
-83  -0.005000
-82  -0.025000
-81   0.100000
-80   0.050000
-79  -0.070000
-78   0.045000
-77  -0.050000
-76  -0.050000
-75   0.105000
-74  -0.005000
-73  -0.060000
-72  -0.070000
-71   0.080000
-70  -0.080000
-69   0.045000
-68   0.010000
-67  -0.095000
-66   0.080000
-65   0.045000
-64  -0.075000
-63  -0.050000
-62   0.040000
-61   0.015000
-60  -0.015000
-59   0.060000
-58  -0.095000
-57   0.075000
-56   0.105000
-55   0.050000
-54  -0.020000
-53   0.055000
-52   0.015000
-51  -0.025000
-50  -0.045000
-49  -0.015000
-48   0.035000
-47  -0.030000
-46   0.030000
-45   0.065000
-44   0.070000
-43   0.005000
-42   0.060000
-41   0.010000
-40  -0.015000
-39   0.035000
-38  -0.115000
-37   0.060000
-36  -0.070000
-35   0.025000
-34  -0.080000
-33  -0.065000
-32  -0.015000
-31  -0.050000
-30  -0.025000
-29   0.045000
-28   0.015000
-27  -0.045000
-26  -0.050000
-25  -0.035000
-24   0.045000
-23  -0.070000
-22  -0.060000
-21  -0.035000
-20   0.080000
-19   0.075000
-18  -0.050000
-17  -0.080000
-16  -0.065000
-15   0.040000
-14  -0.050000
-13  -0.035000
-12  -0.040000
-11   0.010000
-10   0.035000
-9   0.015000
-8  -0.020000
-7  -0.120000
-6   0.020000
-5  -0.050000
-4   0.005000
-3   0.050000
-2  -0.025000
-1  -0.000000
