0   0.085000
1   0.045000
2   0.150000
3   0.015000
4   0.015000
5   0.070000
6  -0.020000
7  -0.090000
8  -0.035000
9   0.005000
10  -0.100000
11  -0.085000
12  -0.010000
13  -0.030000
14  -0.045000
15   0.010000
16   0.015000
17   0.020000
18  -0.015000
19   0.030000
20   0.050000
21   0.070000
22  -0.010000
23   0.060000
24   0.035000
25   0.065000
26   0.005000
27  -0.040000
28   0.075000
29  -0.040000
30   0.040000
31   0.060000
32   0.025000
33   0.070000
34  -0.040000
35  -0.000000
36  -0.010000
37  -0.015000
38   0.020000
39  -0.010000
40   0.080000
41   0.045000
42  -0.005000
43  -0.015000
44  -0.070000
45   0.105000
46  -0.045000
47  -0.010000
48  -0.010000
49  -0.050000
50  -0.065000
51   0.050000
52  -0.065000
53  -0.060000
54  -0.020000
55  -0.040000
56   0.045000
57   0.040000
58  -0.030000
59  -0.015000
60  -0.000000
61   0.005000
62   0.080000
63  -0.020000
64  -0.100000
65   0.040000
66  -0.060000
67   0.040000
68  -0.030000
69   0.040000
70   0.005000
71   0.025000
72   0.000000
73  -0.025000
74   0.015000
75  -0.020000
76   0.005000
77  -0.090000
78  -0.070000
79   0.025000
80  -0.010000
81   0.005000
82  -0.050000
83   0.005000
84   0.095000
85  -0.065000
86  -0.055000
87  -0.030000
88  -0.025000
89   0.065000
90   0.025000
91   0.015000
92   0.015000
93   0.160000
94  -0.015000
95   0.025000
96  -0.125000
97  -0.090000
98  -0.035000
99  -0.040000
100  -0.025000
101   0.050000
102   0.090000
103  -0.010000
104  -0.025000
105   0.080000
106   0.000000
107   0.005000
108  -0.075000
109   0.000000
110  -0.060000
111   0.090000
112   0.075000
113   0.005000
114   0.015000
115   0.060000
116  -0.010000
117  -0.050000
118   0.060000
119  -0.005000
120  -0.045000
121  -0.005000
122   0.030000
123  -0.035000
124   0.010000
125  -0.065000
126  -0.045000
127   0.015000
128  -0.015000
129  -0.140000
130   0.005000
131  -0.025000
132  -0.030000
133   0.030000
134  -0.095000
135  -0.065000
136  -0.020000
137  -0.055000
138  -0.005000
139   0.085000
140   0.020000
141   0.005000
142  -0.015000
143  -0.045000
144   0.080000
145   0.010000
146   0.110000
147   0.030000
148  -0.065000
149  -0.065000
150  -0.005000
151   0.025000
152  -0.070000
153  -0.015000
154   0.035000
155  -0.025000
156   0.040000
157  -0.050000
158  -0.005000
159  -0.025000
160   0.045000
161  -0.015000
162   0.090000
163  -0.020000
164  -0.025000
165   0.015000
166  -0.025000
167  -0.020000
168  -0.010000
169   0.030000
170   0.100000
171   0.060000
172  -0.075000
173  -0.065000
174   0.045000
175  -0.115000
176  -0.065000
177  -0.050000
178  -0.005000
179   0.000000
180   0.070000
181  -0.010000
182  -0.065000
183   0.075000
184   0.010000
185  -0.070000
186   0.090000
187  -0.025000
188  -0.020000
189   0.030000
190   0.000000
191   0.015000
192  -0.070000
193   0.085000
194  -0.010000
195  -0.015000
196  -0.120000
197  -0.050000
198  -0.000000
199  -0.025000
200   0.100000
201   0.055000
202  -0.035000
203  -0.085000
204  -0.005000
205   0.015000
206  -0.035000
207  -0.070000
208   0.040000
209   0.005000
210  -0.135000
211  -0.065000
212  -0.060000
213   0.010000
214  -0.100000
215  -0.015000
216   0.030000
217  -0.035000
218   0.030000
219  -0.050000
220  -0.055000
221  -0.020000
222   0.010000
223   0.060000
224   0.025000
225   0.000000
226   0.000000
227   0.010000
228  -0.025000
229   0.025000
230   0.015000
231  -0.110000
232   0.065000
233   0.035000
234  -0.035000
235   0.055000
236  -0.005000
237   0.025000
238  -0.015000
239   0.005000
240   0.025000
241  -0.070000
242   0.025000
243   0.000000
244   0.070000
245  -0.005000
246  -0.015000
247   0.005000
248   0.040000
249  -0.080000
250   0.010000
251   0.065000
252   0.005000
253  -0.010000
254   0.015000
255  -0.020000
256   0.020000
257  -0.050000
258  -0.070000
259   0.045000
260   0.085000
261   0.055000
262   0.015000
263   0.045000
264   0.015000
265  -0.045000
266   0.010000
267   0.000000
268   0.005000
269   0.045000
270  -0.075000
271   0.020000
272   0.000000
273   0.075000
274  -0.030000
275  -0.090000
276  -0.050000
277   0.030000
278   0.015000
279  -0.070000
280   0.005000
281  -0.045000
282   0.010000
283   0.025000
284   0.015000
285  -0.000000
286  -0.035000
287  -0.045000
288  -0.020000
289  -0.080000
290   0.060000
291  -0.020000
292   0.085000
293  -0.015000
294   0.085000
295   0.065000
296   0.000000
297   0.040000
298  -0.075000
299   0.085000
300  -0.025000
301   0.055000
302  -0.000000
303  -0.030000
304  -0.040000
305  -0.050000
306  -0.030000
307  -0.085000
308  -0.000000
309   0.010000
310   0.045000
311   0.065000
312   0.015000
313  -0.010000
314  -0.020000
315   0.045000
316  -0.040000
317   0.035000
318  -0.070000
319  -0.020000
320  -0.005000
321   0.025000
322   0.055000
323  -0.005000
324   0.020000
325   0.015000
326  -0.050000
327   0.070000
328  -0.065000
329   0.010000
330  -0.005000
331  -0.005000
332   0.030000
333   0.025000
334  -0.040000
335   0.070000
336  -0.070000
337   0.020000
338   0.040000
339   0.085000
340   0.090000
341  -0.000000
342  -0.015000
343   0.055000
344   0.010000
345  -0.045000
346   0.010000
347   0.005000
348   0.040000
349  -0.015000
350   0.065000
351  -0.060000
352  -0.060000
353   0.035000
354  -0.015000
355  -0.015000
356   0.015000
357   0.005000
358  -0.005000
359  -0.040000
360   0.015000
361  -0.015000
362  -0.065000
363   0.010000
364   0.010000
365  -0.115000
366   0.015000
367   0.085000
368   0.020000
369  -0.125000
370  -0.020000
371  -0.015000
372   0.065000
373  -0.145000
374   0.025000
375   0.055000
376  -0.020000
377  -0.040000
378   0.015000
379   0.035000
380  -0.030000
381  -0.015000
382   0.085000
383  -0.005000
384   0.005000
385   0.010000
386   0.030000
387   0.015000
388  -0.015000
389   0.080000
390   0.080000
391  -0.030000
392  -0.050000
393   0.000000
394  -0.025000
395  -0.030000
396  -0.010000
397   0.010000
398   0.045000
399  -0.020000
400   0.045000
401  -0.040000
402   0.010000
403  -0.050000
404  -0.045000
405  -0.035000
406  -0.010000
407  -0.045000
408   0.065000
409  -0.025000
410   0.065000
411  -0.050000
412   0.040000
413   0.080000
414  -0.080000
415   0.005000
416   0.060000
417  -0.010000
418  -0.020000
419  -0.060000
420  -0.075000
421  -0.035000
422   0.040000
423  -0.025000
424   0.075000
425   0.050000
426   0.065000
427   0.030000
428   0.020000
429   0.045000
430   0.045000
431   0.015000
432  -0.045000
433  -0.005000
434  -0.015000
435  -0.035000
436   0.095000
437  -0.015000
438  -0.090000
439  -0.050000
440   0.070000
441  -0.015000
442  -0.055000
443  -0.100000
444  -0.065000
445   0.095000
446   0.050000
447  -0.045000
448  -0.040000
449  -0.035000
450  -0.030000
451  -0.020000
452   0.050000
453   0.025000
454  -0.025000
455   0.035000
456  -0.010000
457   0.005000
458   0.070000
459   0.045000
460  -0.000000
461   0.010000
462  -0.050000
463  -0.050000
464   0.065000
465   0.080000
466  -0.020000
467   0.015000
468   0.035000
469   0.050000
470  -0.015000
471  -0.000000
472  -0.090000
473   0.005000
474   0.055000
475  -0.040000
476   0.045000
477   0.095000
478  -0.085000
479  -0.020000
480   0.105000
481  -0.020000
482  -0.005000
483   0.010000
484  -0.005000
485   0.030000
486  -0.010000
487   0.040000
488   0.045000
489  -0.050000
490  -0.110000
491   0.010000
492   0.095000
493   0.015000
494   0.135000
495  -0.020000
496  -0.030000
497  -0.055000
498   0.005000
499  -0.020000
500   0.005000
-499  -0.075000
-498   0.020000
-497  -0.060000
-496   0.055000
-495   0.015000
-494  -0.025000
-493  -0.055000
-492  -0.070000
-491   0.010000
-490  -0.025000
-489   0.055000
-488  -0.005000
-487  -0.080000
-486   0.005000
-485  -0.010000
-484  -0.040000
-483   0.050000
-482  -0.040000
-481  -0.025000
-480  -0.030000
-479  -0.025000
-478  -0.065000
-477   0.020000
-476  -0.035000
-475  -0.035000
-474   0.040000
-473  -0.040000
-472  -0.105000
-471  -0.015000
-470   0.100000
-469   0.020000
-468  -0.090000
-467  -0.075000
-466  -0.090000
-465   0.060000
-464   0.055000
-463   0.025000
-462  -0.035000
-461   0.025000
-460   0.105000
-459   0.060000
-458  -0.025000
-457   0.065000
-456  -0.070000
-455  -0.035000
-454  -0.015000
-453  -0.020000
-452  -0.060000
-451  -0.020000
-450  -0.020000
-449  -0.040000
-448   0.025000
-447   0.010000
-446  -0.045000
-445   0.095000
-444  -0.025000
-443  -0.060000
-442   0.065000
-441  -0.070000
-440   0.080000
-439  -0.040000
-438   0.020000
-437   0.020000
-436   0.015000
-435  -0.070000
-434   0.105000
-433   0.040000
-432   0.015000
-431  -0.030000
-430  -0.010000
-429   0.035000
-428   0.005000
-427  -0.005000
-426  -0.135000
-425   0.070000
-424  -0.025000
-423   0.060000
-422   0.010000
-421   0.045000
-420  -0.045000
-419   0.025000
-418  -0.010000
-417   0.025000
-416   0.010000
-415   0.005000
-414   0.015000
-413  -0.030000
-412  -0.005000
-411   0.045000
-410  -0.000000
-409  -0.060000
-408  -0.030000
-407  -0.020000
-406   0.010000
-405  -0.005000
-404   0.030000
-403   0.075000
-402   0.000000
-401  -0.115000
-400   0.020000
-399  -0.010000
-398   0.005000
-397   0.030000
-396   0.090000
-395   0.045000
-394  -0.030000
-393   0.010000
-392  -0.030000
-391  -0.030000
-390  -0.055000
-389  -0.010000
-388  -0.035000
-387   0.075000
-386   0.065000
-385  -0.005000
-384   0.020000
-383   0.030000
-382   0.000000
-381  -0.015000
-380  -0.020000
-379   0.005000
-378  -0.060000
-377   0.005000
-376   0.060000
-375  -0.065000
-374  -0.010000
-373  -0.055000
-372   0.045000
-371  -0.075000
-370  -0.010000
-369  -0.025000
-368   0.025000
-367   0.015000
-366  -0.085000
-365  -0.070000
-364  -0.020000
-363  -0.065000
-362   0.030000
-361  -0.075000
-360   0.020000
-359  -0.045000
-358  -0.075000
-357  -0.015000
-356   0.025000
-355  -0.040000
-354  -0.035000
-353  -0.060000
-352  -0.030000
-351   0.020000
-350  -0.010000
-349   0.060000
-348  -0.000000
-347  -0.050000
-346  -0.040000
-345   0.010000
-344   0.085000
-343  -0.000000
-342  -0.045000
-341  -0.020000
-340   0.040000
-339   0.005000
-338   0.030000
-337   0.015000
-336  -0.060000
-335   0.005000
-334  -0.115000
-333   0.035000
-332   0.020000
-331   0.005000
-330  -0.080000
-329   0.030000
-328  -0.015000
-327   0.020000
-326  -0.075000
-325   0.100000
-324   0.015000
-323  -0.030000
-322  -0.135000
-321   0.090000
-320  -0.060000
-319   0.055000
-318   0.025000
-317  -0.025000
-316  -0.055000
-315  -0.065000
-314  -0.095000
-313  -0.035000
-312  -0.015000
-311   0.110000
-310  -0.025000
-309  -0.030000
-308  -0.025000
-307   0.035000
-306   0.005000
-305  -0.005000
-304   0.015000
-303   0.040000
-302   0.085000
-301  -0.005000
-300   0.030000
-299  -0.010000
-298   0.010000
-297  -0.070000
-296  -0.050000
-295   0.045000
-294  -0.100000
-293   0.040000
-292  -0.045000
-291   0.075000
-290  -0.060000
-289   0.010000
-288  -0.055000
-287   0.030000
-286   0.060000
-285   0.095000
-284  -0.055000
-283  -0.015000
-282  -0.105000
-281  -0.090000
-280   0.100000
-279   0.025000
-278  -0.020000
-277   0.030000
-276  -0.015000
-275  -0.005000
-274  -0.030000
-273  -0.015000
-272  -0.015000
-271   0.020000
-270   0.020000
-269   0.005000
-268   0.030000
-267   0.070000
-266  -0.055000
-265   0.015000
-264  -0.070000
-263  -0.040000
-262  -0.005000
-261   0.025000
-260  -0.005000
-259  -0.035000
-258  -0.030000
-257  -0.095000
-256  -0.025000
-255   0.045000
-254  -0.035000
-253   0.085000
-252   0.045000
-251  -0.080000
-250   0.080000
-249   0.075000
-248   0.030000
-247   0.030000
-246  -0.055000
-245   0.015000
-244   0.040000
-243   0.110000
-242   0.075000
-241   0.050000
-240   0.035000
-239   0.040000
-238   0.015000
-237  -0.050000
-236  -0.075000
-235  -0.040000
-234  -0.015000
-233   0.050000
-232   0.085000
-231  -0.025000
-230   0.085000
-229   0.030000
-228  -0.045000
-227   0.005000
-226   0.060000
-225   0.095000
-224  -0.035000
-223  -0.045000
-222  -0.060000
-221   0.045000
-220   0.010000
-219  -0.095000
-218  -0.075000
-217   0.005000
-216   0.040000
-215  -0.030000
-214  -0.015000
-213  -0.035000
-212  -0.000000
-211  -0.065000
-210   0.035000
-209  -0.055000
-208   0.000000
-207   0.035000
-206  -0.010000
-205   0.055000
-204  -0.025000
-203  -0.030000
-202  -0.030000
-201  -0.025000
-200  -0.055000
-199   0.000000
-198  -0.015000
-197  -0.010000
-196   0.065000
-195   0.015000
-194   0.035000
-193   0.000000
-192   0.010000
-191   0.010000
-190   0.005000
-189  -0.010000
-188   0.030000
-187   0.080000
-186   0.075000
-185  -0.060000
-184  -0.070000
-183   0.045000
-182  -0.095000
-181   0.060000
-180  -0.015000
-179   0.010000
-178   0.135000
-177   0.130000
-176   0.025000
-175  -0.045000
-174   0.095000
-173   0.020000
-172  -0.050000
-171   0.005000
-170   0.040000
-169   0.030000
-168  -0.050000
-167   0.000000
-166   0.000000
-165  -0.010000
-164  -0.080000
-163   0.010000
-162  -0.005000
-161  -0.065000
-160   0.015000
-159   0.050000
-158  -0.010000
-157   0.080000
-156   0.030000
-155   0.005000
-154  -0.015000
-153   0.015000
-152  -0.035000
-151   0.080000
-150  -0.050000
-149  -0.050000
-148   0.015000
-147   0.010000
-146   0.005000
-145  -0.045000
-144  -0.030000
-143   0.025000
-142   0.010000
-141  -0.040000
-140  -0.070000
-139   0.090000
-138   0.060000
-137  -0.095000
-136   0.005000
-135   0.030000
-134   0.040000
-133   0.045000
-132  -0.065000
-131   0.075000
-130   0.025000
-129   0.000000
-128  -0.070000
-127   0.030000
-126   0.035000
-125   0.000000
-124   0.005000
-123  -0.030000
-122  -0.025000
-121  -0.050000
-120   0.050000
-119   0.010000
-118  -0.060000
-117   0.010000
-116   0.060000
-115   0.080000
-114  -0.010000
-113   0.080000
-112  -0.020000
-111   0.035000
-110   0.020000
-109   0.055000
-108   0.100000
-107  -0.005000
-106   0.025000
-105   0.095000
-104  -0.075000
-103   0.015000
-102  -0.040000
-101  -0.050000
-100   0.120000
-99   0.045000
-98  -0.080000
-97   0.035000
-96  -0.070000
-95  -0.070000
-94   0.055000
-93   0.025000
-92   0.020000
-91   0.030000
-90  -0.020000
-89   0.000000
-88  -0.065000
-87  -0.005000
-86   0.035000
-85  -0.035000
-84   0.030000
-83  -0.020000
-82  -0.155000
-81   0.070000
-80  -0.060000
-79   0.010000
-78   0.080000
-77   0.040000
-76   0.105000
-75   0.000000
-74  -0.080000
-73  -0.010000
-72   0.085000
-71   0.040000
-70   0.000000
-69   0.055000
-68   0.000000
-67   0.030000
-66  -0.020000
-65  -0.000000
-64  -0.005000
-63  -0.055000
-62  -0.045000
-61  -0.015000
-60   0.025000
-59   0.080000
-58  -0.030000
-57  -0.035000
-56   0.060000
-55  -0.045000
-54  -0.025000
-53   0.005000
-52   0.020000
-51  -0.050000
-50  -0.085000
-49   0.055000
-48   0.060000
-47   0.005000
-46  -0.120000
-45   0.065000
-44  -0.105000
-43  -0.050000
-42  -0.050000
-41  -0.045000
-40   0.035000
-39   0.060000
-38  -0.090000
-37  -0.050000
-36   0.005000
-35  -0.020000
-34  -0.085000
-33  -0.115000
-32   0.000000
-31   0.050000
-30   0.015000
-29   0.010000
-28  -0.025000
-27   0.080000
-26   0.055000
-25  -0.025000
-24  -0.005000
-23  -0.005000
-22  -0.055000
-21  -0.045000
-20   0.050000
-19  -0.040000
-18  -0.005000
-17  -0.015000
-16   0.030000
-15   0.080000
-14  -0.035000
-13  -0.080000
-12   0.010000
-11   0.050000
-10   0.030000
-9   0.020000
-8  -0.000000
-7   0.080000
-6   0.035000
-5   0.025000
-4   0.015000
-3  -0.035000
-2   0.005000
-1   0.075000
