0  -0.005000
1  -0.040000
2   0.055000
3   0.075000
4   0.045000
5  -0.080000
6  -0.040000
7   0.045000
8   0.010000
9  -0.010000
10  -0.030000
11  -0.005000
12  -0.075000
13   0.025000
14  -0.030000
15   0.070000
16  -0.035000
17   0.005000
18   0.005000
19  -0.015000
20  -0.015000
21   0.045000
22  -0.035000
23   0.060000
24   0.000000
25  -0.035000
26   0.005000
27  -0.045000
28   0.015000
29   0.005000
30   0.080000
31  -0.010000
32  -0.015000
33  -0.060000
34  -0.060000
35   0.060000
36  -0.045000
37  -0.005000
38  -0.005000
39  -0.035000
40   0.020000
41  -0.045000
42  -0.010000
43   0.000000
44   0.110000
45  -0.010000
46  -0.055000
47  -0.045000
48  -0.015000
49  -0.050000
50  -0.040000
51   0.045000
52  -0.020000
53   0.025000
54   0.040000
55  -0.035000
56   0.055000
57   0.020000
58  -0.055000
59  -0.020000
60  -0.015000
61  -0.090000
62  -0.030000
63  -0.025000
64  -0.015000
65  -0.090000
66   0.015000
67   0.015000
68  -0.030000
69  -0.020000
70  -0.010000
71  -0.020000
72   0.050000
73   0.005000
74  -0.010000
75  -0.005000
76   0.035000
77   0.040000
78   0.005000
79  -0.010000
80   0.120000
81   0.090000
82   0.085000
83   0.080000
84  -0.035000
85   0.100000
86   0.045000
87   0.030000
88  -0.070000
89  -0.030000
90   0.050000
91   0.035000
92   0.005000
93  -0.020000
94  -0.060000
95  -0.070000
96  -0.015000
97   0.025000
98   0.010000
99  -0.045000
100   0.080000
101   0.045000
102  -0.020000
103  -0.010000
104  -0.050000
105   0.055000
106  -0.080000
107   0.010000
108  -0.040000
109   0.040000
110   0.005000
111  -0.015000
112   0.015000
113   0.010000
114   0.015000
115   0.000000
116  -0.010000
117  -0.060000
118  -0.100000
119  -0.090000
120  -0.070000
121   0.040000
122   0.000000
123   0.025000
124   0.005000
125   0.040000
126  -0.045000
127  -0.100000
128  -0.015000
129  -0.080000
130   0.025000
131   0.005000
132   0.045000
133   0.040000
134  -0.085000
135   0.045000
136  -0.045000
137  -0.030000
138  -0.085000
139   0.050000
140  -0.065000
141   0.035000
142   0.045000
143  -0.010000
144  -0.015000
145  -0.090000
146  -0.110000
147  -0.025000
148  -0.065000
149  -0.015000
150   0.020000
151   0.010000
152  -0.005000
153   0.090000
154  -0.085000
155   0.025000
156  -0.010000
157   0.015000
158   0.030000
159  -0.015000
160   0.035000
161  -0.050000
162  -0.100000
163   0.010000
164   0.065000
165  -0.025000
166   0.005000
167  -0.040000
168   0.110000
169  -0.080000
170  -0.015000
171   0.020000
172  -0.020000
173  -0.035000
174   0.050000
175   0.020000
176  -0.000000
177   0.050000
178  -0.065000
179  -0.090000
180   0.010000
181   0.005000
182   0.020000
183  -0.040000
184   0.040000
185   0.050000
186   0.060000
187  -0.045000
188   0.005000
189  -0.020000
190   0.055000
191   0.040000
192  -0.015000
193  -0.030000
194  -0.015000
195   0.040000
196   0.080000
197   0.005000
198  -0.015000
199   0.085000
200   0.000000
201   0.040000
202  -0.040000
203  -0.010000
204  -0.015000
205  -0.055000
206   0.080000
207  -0.030000
208  -0.020000
209   0.025000
210   0.010000
211  -0.015000
212  -0.020000
213   0.110000
214  -0.010000
215   0.000000
216  -0.005000
217   0.110000
218  -0.005000
219   0.025000
220  -0.015000
221  -0.050000
222  -0.045000
223   0.025000
224  -0.040000
225   0.085000
226   0.120000
227   0.005000
228   0.005000
229  -0.025000
230   0.135000
231  -0.030000
232   0.080000
233   0.010000
234   0.020000
235  -0.130000
236   0.060000
237  -0.015000
238   0.025000
239  -0.080000
240   0.025000
241  -0.030000
242   0.060000
243  -0.065000
244   0.030000
245  -0.030000
246   0.005000
247  -0.025000
248  -0.060000
249  -0.035000
250  -0.020000
251  -0.020000
252  -0.025000
253  -0.055000
254  -0.050000
255  -0.035000
256   0.055000
257  -0.010000
258   0.075000
259  -0.065000
260   0.030000
261   0.030000
262   0.005000
263   0.010000
264   0.045000
265   0.095000
266   0.010000
267  -0.020000
268   0.020000
269  -0.050000
270  -0.015000
271   0.015000
272   0.075000
273   0.000000
274  -0.035000
275  -0.035000
276   0.015000
277   0.060000
278   0.055000
279   0.000000
280   0.105000
281  -0.025000
282   0.100000
283   0.060000
284   0.035000
285   0.035000
286   0.000000
287  -0.000000
288   0.000000
289   0.060000
290   0.025000
291  -0.110000
292  -0.005000
293   0.055000
294   0.010000
295   0.010000
296   0.045000
297   0.030000
298   0.000000
299   0.035000
300   0.050000
301  -0.025000
302   0.050000
303  -0.040000
304  -0.005000
305  -0.025000
306   0.015000
307   0.050000
308   0.095000
309  -0.065000
310   0.070000
311   0.030000
312  -0.030000
313   0.000000
314  -0.040000
315  -0.015000
316  -0.130000
317  -0.005000
318   0.010000
319   0.080000
320  -0.135000
321   0.000000
322  -0.060000
323   0.010000
324  -0.010000
325  -0.015000
326   0.085000
327  -0.030000
328  -0.105000
329   0.000000
330   0.060000
331  -0.015000
332   0.015000
333   0.015000
334  -0.080000
335  -0.025000
336   0.005000
337  -0.005000
338  -0.065000
339   0.060000
340  -0.040000
341  -0.135000
342   0.030000
343  -0.155000
344   0.030000
345   0.005000
346   0.045000
347  -0.045000
348   0.010000
349   0.050000
350  -0.010000
351   0.005000
352  -0.050000
353   0.015000
354  -0.025000
355  -0.055000
356  -0.020000
357  -0.015000
358   0.025000
359  -0.030000
360   0.065000
361   0.010000
362  -0.045000
363  -0.055000
364   0.095000
365   0.020000
366  -0.020000
367  -0.000000
368   0.020000
369  -0.030000
370  -0.065000
371  -0.030000
372  -0.055000
373   0.050000
374  -0.015000
375  -0.015000
376   0.070000
377  -0.020000
378   0.030000
379  -0.030000
380  -0.085000
381   0.055000
382  -0.060000
383   0.060000
384   0.000000
385  -0.005000
386   0.035000
387   0.080000
388   0.055000
389   0.095000
390  -0.050000
391   0.020000
392   0.025000
393   0.130000
394  -0.055000
395   0.010000
396   0.010000
397  -0.015000
398   0.005000
399   0.035000
400   0.000000
401   0.010000
402  -0.010000
403   0.070000
404  -0.010000
405  -0.000000
406  -0.030000
407  -0.000000
408  -0.045000
409   0.020000
410   0.025000
411   0.005000
412   0.015000
413   0.025000
414   0.060000
415   0.015000
416  -0.060000
417   0.065000
418  -0.010000
419   0.045000
420  -0.085000
421  -0.010000
422  -0.025000
423   0.045000
424  -0.005000
425   0.010000
426   0.060000
427   0.010000
428  -0.045000
429  -0.040000
430   0.020000
431  -0.045000
432   0.010000
433  -0.005000
434   0.075000
435  -0.050000
436  -0.015000
437   0.010000
438   0.035000
439   0.020000
440   0.035000
441  -0.050000
442   0.075000
443   0.060000
444  -0.085000
445   0.000000
446  -0.025000
447  -0.025000
448  -0.005000
449  -0.025000
450   0.040000
451  -0.085000
452   0.100000
453   0.005000
454  -0.040000
455  -0.055000
456  -0.065000
457   0.050000
458  -0.010000
459   0.015000
460  -0.070000
461   0.020000
462   0.040000
463  -0.070000
464   0.075000
465   0.025000
466  -0.025000
467   0.035000
468  -0.015000
469  -0.005000
470  -0.035000
471   0.010000
472   0.035000
473   0.025000
474  -0.030000
475  -0.010000
476  -0.040000
477  -0.085000
478   0.020000
479   0.055000
480  -0.045000
481   0.050000
482  -0.030000
483   0.025000
484   0.060000
485  -0.030000
486  -0.055000
487  -0.015000
488   0.155000
489   0.000000
490  -0.015000
491  -0.005000
492   0.010000
493   0.005000
494  -0.060000
495   0.055000
496  -0.050000
497  -0.010000
498  -0.005000
499   0.050000
500  -0.100000
-499  -0.030000
-498  -0.060000
-497   0.040000
-496  -0.030000
-495   0.110000
-494  -0.010000
-493   0.015000
-492   0.010000
-491  -0.025000
-490  -0.070000
-489  -0.035000
-488   0.010000
-487   0.000000
-486  -0.010000
-485  -0.020000
-484   0.060000
-483  -0.030000
-482  -0.125000
-481  -0.035000
-480  -0.025000
-479  -0.025000
-478  -0.120000
-477   0.115000
-476  -0.045000
-475  -0.030000
-474  -0.030000
-473  -0.010000
-472   0.025000
-471   0.065000
-470   0.075000
-469   0.000000
-468  -0.105000
-467   0.045000
-466  -0.015000
-465  -0.010000
-464  -0.030000
-463  -0.040000
-462  -0.080000
-461   0.035000
-460   0.005000
-459  -0.060000
-458   0.025000
-457  -0.070000
-456   0.035000
-455  -0.045000
-454   0.025000
-453  -0.030000
-452   0.090000
-451  -0.015000
-450  -0.025000
-449  -0.045000
-448   0.085000
-447  -0.045000
-446  -0.060000
-445  -0.025000
-444   0.010000
-443   0.055000
-442  -0.020000
-441   0.035000
-440   0.020000
-439   0.015000
-438   0.045000
-437  -0.030000
-436   0.060000
-435   0.035000
-434  -0.050000
-433  -0.040000
-432   0.025000
-431   0.020000
-430  -0.010000
-429   0.085000
-428   0.030000
-427   0.005000
-426  -0.010000
-425  -0.035000
-424  -0.060000
-423  -0.070000
-422  -0.005000
-421  -0.085000
-420   0.020000
-419  -0.040000
-418   0.105000
-417  -0.025000
-416   0.040000
-415   0.020000
-414  -0.000000
-413  -0.060000
-412   0.040000
-411  -0.040000
-410  -0.035000
-409   0.020000
-408   0.070000
-407  -0.010000
-406  -0.045000
-405  -0.005000
-404   0.010000
-403  -0.050000
-402   0.085000
-401  -0.095000
-400   0.080000
-399   0.030000
-398   0.070000
-397  -0.020000
-396  -0.030000
-395  -0.070000
-394   0.040000
-393  -0.030000
-392  -0.025000
-391  -0.005000
-390  -0.010000
-389   0.075000
-388  -0.035000
-387  -0.010000
-386  -0.060000
-385   0.040000
-384  -0.080000
-383   0.075000
-382  -0.030000
-381  -0.010000
-380   0.015000
-379   0.040000
-378   0.085000
-377   0.030000
-376  -0.030000
-375   0.015000
-374   0.040000
-373   0.000000
-372   0.020000
-371   0.020000
-370  -0.035000
-369   0.060000
-368  -0.045000
-367  -0.025000
-366  -0.015000
-365   0.075000
-364   0.010000
-363  -0.020000
-362   0.040000
-361  -0.030000
-360   0.035000
-359   0.025000
-358  -0.005000
-357   0.030000
-356   0.040000
-355   0.015000
-354  -0.005000
-353   0.000000
-352   0.010000
-351  -0.015000
-350   0.080000
-349  -0.000000
-348  -0.085000
-347  -0.040000
-346  -0.025000
-345   0.005000
-344  -0.005000
-343  -0.065000
-342   0.040000
-341  -0.050000
-340   0.005000
-339   0.060000
-338   0.050000
-337   0.025000
-336   0.100000
-335  -0.010000
-334   0.000000
-333  -0.035000
-332  -0.075000
-331  -0.005000
-330   0.065000
-329  -0.010000
-328   0.055000
-327  -0.030000
-326   0.005000
-325  -0.005000
-324   0.030000
-323  -0.005000
-322   0.015000
-321   0.040000
-320   0.110000
-319  -0.050000
-318   0.000000
-317  -0.115000
-316  -0.030000
-315   0.010000
-314   0.040000
-313  -0.000000
-312  -0.010000
-311   0.015000
-310  -0.040000
-309  -0.010000
-308  -0.005000
-307  -0.030000
-306  -0.030000
-305   0.055000
-304  -0.025000
-303   0.050000
-302  -0.010000
-301  -0.000000
-300   0.005000
-299   0.030000
-298   0.045000
-297   0.005000
-296  -0.005000
-295  -0.080000
-294  -0.045000
-293   0.000000
-292   0.040000
-291   0.010000
-290  -0.075000
-289   0.010000
-288   0.000000
-287  -0.035000
-286  -0.035000
-285   0.100000
-284  -0.075000
-283  -0.105000
-282  -0.070000
-281   0.050000
-280   0.030000
-279   0.060000
-278  -0.035000
-277  -0.060000
-276   0.065000
-275   0.010000
-274   0.050000
-273   0.035000
-272  -0.000000
-271  -0.000000
-270   0.025000
-269  -0.105000
-268   0.055000
-267  -0.030000
-266   0.005000
-265  -0.030000
-264   0.070000
-263   0.005000
-262  -0.120000
-261   0.035000
-260   0.000000
-259  -0.035000
-258   0.025000
-257   0.070000
-256  -0.060000
-255   0.080000
-254  -0.005000
-253   0.020000
-252   0.125000
-251   0.020000
-250  -0.015000
-249   0.025000
-248   0.055000
-247   0.090000
-246  -0.015000
-245  -0.005000
-244  -0.045000
-243   0.060000
-242   0.050000
-241   0.045000
-240  -0.035000
-239   0.040000
-238  -0.035000
-237   0.085000
-236  -0.060000
-235   0.170000
-234  -0.070000
-233  -0.040000
-232   0.100000
-231  -0.015000
-230   0.050000
-229  -0.010000
-228  -0.050000
-227   0.000000
-226  -0.070000
-225  -0.005000
-224   0.020000
-223   0.095000
-222  -0.105000
-221  -0.025000
-220   0.000000
-219  -0.055000
-218   0.005000
-217   0.045000
-216  -0.075000
-215   0.075000
-214  -0.055000
-213   0.020000
-212  -0.040000
-211  -0.025000
-210  -0.035000
-209  -0.040000
-208   0.075000
-207   0.025000
-206   0.005000
-205  -0.050000
-204  -0.010000
-203   0.065000
-202   0.025000
-201   0.040000
-200   0.055000
-199  -0.020000
-198   0.005000
-197   0.015000
-196   0.055000
-195  -0.045000
-194   0.060000
-193  -0.055000
-192  -0.065000
-191  -0.035000
-190   0.095000
-189  -0.000000
-188  -0.010000
-187   0.040000
-186  -0.045000
-185  -0.030000
-184  -0.040000
-183   0.005000
-182   0.100000
-181   0.060000
-180  -0.080000
-179   0.090000
-178  -0.020000
-177  -0.050000
-176  -0.050000
-175  -0.005000
-174  -0.020000
-173  -0.050000
-172   0.010000
-171   0.050000
-170   0.040000
-169  -0.080000
-168   0.040000
-167   0.045000
-166  -0.020000
-165   0.045000
-164   0.035000
-163  -0.055000
-162   0.015000
-161   0.030000
-160  -0.070000
-159   0.000000
-158  -0.035000
-157  -0.000000
-156   0.005000
-155   0.000000
-154   0.010000
-153   0.000000
-152  -0.015000
-151   0.010000
-150   0.010000
-149  -0.000000
-148   0.110000
-147  -0.100000
-146  -0.005000
-145  -0.070000
-144   0.005000
-143   0.010000
-142   0.070000
-141   0.015000
-140   0.060000
-139   0.000000
-138  -0.010000
-137   0.080000
-136  -0.015000
-135  -0.040000
-134  -0.100000
-133   0.025000
-132   0.040000
-131   0.005000
-130  -0.095000
-129  -0.045000
-128   0.075000
-127  -0.045000
-126   0.040000
-125  -0.010000
-124  -0.020000
-123   0.005000
-122  -0.010000
-121   0.070000
-120   0.085000
-119   0.065000
-118   0.095000
-117   0.070000
-116   0.015000
-115   0.015000
-114   0.005000
-113   0.020000
-112   0.010000
-111   0.005000
-110  -0.005000
-109  -0.050000
-108   0.005000
-107   0.040000
-106  -0.020000
-105   0.000000
-104  -0.020000
-103   0.020000
-102  -0.015000
-101   0.050000
-100   0.015000
-99   0.015000
-98   0.010000
-97  -0.005000
-96  -0.035000
-95  -0.045000
-94  -0.040000
-93  -0.015000
-92  -0.020000
-91   0.055000
-90  -0.020000
-89   0.000000
-88   0.035000
-87   0.025000
-86   0.020000
-85  -0.045000
-84   0.010000
-83  -0.120000
-82   0.050000
-81   0.030000
-80   0.000000
-79  -0.005000
-78  -0.020000
-77  -0.055000
-76   0.030000
-75  -0.025000
-74   0.025000
-73  -0.005000
-72   0.025000
-71   0.030000
-70  -0.075000
-69   0.025000
-68   0.070000
-67   0.040000
-66  -0.040000
-65   0.005000
-64   0.070000
-63  -0.055000
-62   0.030000
-61   0.045000
-60   0.035000
-59  -0.060000
-58  -0.025000
-57  -0.050000
-56   0.015000
-55  -0.010000
-54   0.005000
-53  -0.025000
-52  -0.030000
-51   0.055000
-50   0.015000
-49   0.020000
-48  -0.025000
-47  -0.020000
-46   0.065000
-45  -0.025000
-44   0.050000
-43  -0.105000
-42  -0.055000
-41   0.035000
-40  -0.095000
-39   0.015000
-38   0.035000
-37  -0.010000
-36   0.020000
-35  -0.080000
-34  -0.020000
-33  -0.040000
-32   0.000000
-31   0.050000
-30  -0.005000
-29  -0.015000
-28  -0.015000
-27  -0.035000
-26   0.025000
-25   0.015000
-24  -0.005000
-23  -0.030000
-22  -0.000000
-21  -0.035000
-20  -0.025000
-19   0.030000
-18   0.000000
-17   0.115000
-16   0.060000
-15   0.000000
-14  -0.015000
-13  -0.050000
-12  -0.020000
-11   0.020000
-10   0.045000
-9  -0.015000
-8   0.100000
-7   0.025000
-6   0.005000
-5   0.005000
-4  -0.040000
-3  -0.030000
-2   0.040000
-1   0.110000
