0   0.005000
1   0.045000
2  -0.015000
3   0.080000
4   0.005000
5   0.005000
6   0.070000
7  -0.030000
8  -0.075000
9  -0.035000
10   0.035000
11  -0.105000
12   0.055000
13  -0.010000
14   0.090000
15  -0.010000
16  -0.010000
17   0.020000
18  -0.015000
19   0.030000
20  -0.020000
21  -0.065000
22  -0.095000
23   0.005000
24  -0.065000
25  -0.030000
26   0.005000
27   0.000000
28   0.050000
29  -0.020000
30  -0.035000
31   0.000000
32   0.105000
33   0.025000
34  -0.015000
35   0.075000
36  -0.050000
37  -0.020000
38   0.070000
39  -0.015000
40  -0.045000
41  -0.005000
42   0.035000
43  -0.015000
44  -0.050000
45   0.020000
46  -0.040000
47   0.045000
48   0.050000
49   0.030000
50  -0.035000
51  -0.005000
52  -0.010000
53  -0.020000
54   0.010000
55  -0.070000
56   0.055000
57   0.035000
58  -0.045000
59  -0.065000
60  -0.045000
61   0.040000
62   0.015000
63  -0.090000
64  -0.045000
65   0.005000
66   0.080000
67   0.020000
68   0.040000
69  -0.030000
70  -0.055000
71   0.030000
72   0.010000
73   0.005000
74   0.010000
75   0.040000
76  -0.010000
77  -0.010000
78   0.015000
79   0.015000
80   0.050000
81   0.025000
82  -0.075000
83   0.010000
84   0.065000
85   0.015000
86   0.060000
87  -0.010000
88   0.020000
89   0.040000
90   0.105000
91  -0.040000
92   0.010000
93  -0.015000
94  -0.020000
95  -0.045000
96   0.015000
97   0.050000
98  -0.010000
99  -0.045000
100   0.050000
101   0.010000
102  -0.025000
103   0.000000
104   0.030000
105  -0.015000
106   0.020000
107  -0.060000
108   0.075000
109  -0.030000
110   0.010000
111   0.030000
112   0.000000
113   0.010000
114   0.015000
115  -0.025000
116  -0.170000
117   0.020000
118  -0.030000
119  -0.025000
120   0.030000
121  -0.025000
122  -0.055000
123  -0.125000
124  -0.000000
125  -0.015000
126  -0.030000
127  -0.035000
128  -0.050000
129  -0.015000
130   0.005000
131  -0.060000
132  -0.015000
133   0.005000
134   0.020000
135  -0.075000
136  -0.085000
137   0.010000
138  -0.075000
139  -0.010000
140  -0.035000
141   0.035000
142   0.000000
143  -0.000000
144  -0.050000
145  -0.000000
146   0.050000
147  -0.020000
148   0.080000
149  -0.015000
150   0.010000
151  -0.025000
152  -0.005000
153  -0.025000
154  -0.130000
155   0.030000
156   0.005000
157  -0.025000
158  -0.025000
159   0.030000
160  -0.000000
161   0.010000
162   0.040000
163  -0.020000
164  -0.020000
165  -0.060000
166  -0.005000
167  -0.015000
168   0.010000
169  -0.025000
170   0.020000
171   0.040000
172   0.050000
173  -0.020000
174  -0.070000
175  -0.055000
176  -0.025000
177   0.025000
178  -0.080000
179  -0.025000
180  -0.030000
181  -0.090000
182   0.025000
183   0.020000
184   0.025000
185   0.010000
186  -0.000000
187  -0.030000
188  -0.065000
189   0.105000
190  -0.035000
191  -0.050000
192   0.025000
193   0.000000
194   0.040000
195  -0.075000
196   0.035000
197  -0.005000
198   0.050000
199  -0.075000
200  -0.060000
201   0.000000
202   0.060000
203  -0.010000
204   0.060000
205   0.045000
206  -0.015000
207   0.005000
208  -0.015000
209  -0.010000
210   0.035000
211   0.030000
212   0.030000
213   0.010000
214   0.040000
215  -0.030000
216   0.015000
217  -0.030000
218  -0.120000
219   0.105000
220   0.035000
221  -0.030000
222   0.015000
223   0.030000
224   0.050000
225  -0.040000
226  -0.100000
227  -0.075000
228  -0.055000
229   0.005000
230   0.060000
231   0.070000
232   0.040000
233   0.025000
234  -0.005000
235   0.095000
236  -0.010000
237   0.020000
238   0.005000
239   0.025000
240  -0.035000
241   0.065000
242   0.040000
243   0.020000
244   0.035000
245  -0.035000
246   0.000000
247  -0.020000
248   0.015000
249   0.055000
250   0.070000
251  -0.045000
252  -0.040000
253  -0.035000
254  -0.005000
255   0.045000
256  -0.075000
257   0.040000
258  -0.015000
259  -0.035000
260  -0.015000
261  -0.050000
262  -0.055000
263   0.010000
264   0.100000
265   0.045000
266   0.010000
267  -0.115000
268  -0.005000
269   0.050000
270   0.020000
271   0.000000
272  -0.060000
273  -0.005000
274   0.125000
275   0.010000
276  -0.005000
277   0.020000
278   0.020000
279   0.060000
280  -0.015000
281  -0.040000
282  -0.050000
283  -0.025000
284   0.015000
285  -0.035000
286  -0.035000
287  -0.055000
288  -0.065000
289  -0.075000
290   0.065000
291  -0.030000
292   0.005000
293  -0.010000
294   0.055000
295  -0.025000
296  -0.035000
297  -0.020000
298  -0.025000
299  -0.020000
300  -0.050000
301  -0.040000
302   0.025000
303   0.020000
304   0.045000
305   0.005000
306  -0.035000
307  -0.015000
308  -0.020000
309   0.055000
310   0.000000
311  -0.035000
312  -0.060000
313  -0.010000
314  -0.070000
315   0.005000
316  -0.040000
317   0.030000
318   0.115000
319   0.100000
320   0.020000
321   0.065000
322   0.025000
323   0.035000
324   0.040000
325  -0.050000
326   0.015000
327  -0.100000
328   0.050000
329  -0.020000
330   0.010000
331   0.005000
332   0.020000
333   0.015000
334   0.035000
335  -0.060000
336  -0.010000
337   0.025000
338  -0.005000
339  -0.065000
340   0.020000
341   0.080000
342  -0.110000
343  -0.010000
344  -0.010000
345  -0.040000
346   0.050000
347  -0.015000
348   0.015000
349   0.050000
350   0.050000
351   0.015000
352   0.010000
353  -0.060000
354   0.105000
355   0.035000
356   0.075000
357  -0.085000
358   0.010000
359   0.065000
360  -0.055000
361  -0.010000
362   0.010000
363  -0.060000
364  -0.005000
365   0.035000
366   0.070000
367  -0.015000
368  -0.055000
369  -0.095000
370   0.040000
371   0.005000
372   0.015000
373   0.025000
374   0.015000
375   0.010000
376  -0.015000
377  -0.025000
378  -0.040000
379   0.030000
380   0.030000
381   0.020000
382  -0.070000
383  -0.010000
384  -0.000000
385   0.035000
386   0.020000
387   0.035000
388   0.020000
389   0.030000
390  -0.075000
391  -0.125000
392   0.025000
393   0.045000
394   0.050000
395  -0.060000
396   0.015000
397   0.065000
398  -0.000000
399   0.050000
400  -0.025000
401  -0.110000
402   0.075000
403   0.025000
404   0.020000
405   0.065000
406   0.030000
407  -0.115000
408  -0.005000
409  -0.080000
410  -0.040000
411  -0.075000
412  -0.125000
413  -0.045000
414  -0.055000
415  -0.030000
416   0.080000
417   0.020000
418   0.010000
419  -0.050000
420  -0.015000
421   0.040000
422  -0.015000
423   0.030000
424   0.060000
425  -0.075000
426   0.025000
427   0.035000
428  -0.035000
429  -0.040000
430  -0.035000
431  -0.050000
432  -0.055000
433   0.065000
434   0.050000
435  -0.045000
436  -0.040000
437   0.060000
438   0.030000
439   0.105000
440  -0.025000
441   0.015000
442   0.005000
443   0.005000
444  -0.050000
445  -0.035000
446   0.095000
447  -0.035000
448  -0.005000
449  -0.005000
450   0.000000
451  -0.000000
452   0.040000
453  -0.010000
454   0.035000
455  -0.025000
456   0.100000
457   0.100000
458   0.000000
459   0.015000
460  -0.055000
461  -0.030000
462  -0.110000
463   0.050000
464   0.010000
465  -0.025000
466  -0.040000
467  -0.055000
468  -0.000000
469  -0.025000
470   0.060000
471  -0.060000
472   0.005000
473  -0.045000
474   0.040000
475  -0.065000
476   0.015000
477  -0.085000
478   0.080000
479   0.075000
480  -0.040000
481   0.090000
482   0.005000
483  -0.040000
484   0.075000
485  -0.070000
486   0.080000
487  -0.090000
488   0.045000
489   0.070000
490  -0.020000
491   0.025000
492   0.030000
493  -0.040000
494  -0.080000
495   0.025000
496  -0.095000
497  -0.010000
498   0.055000
499  -0.005000
500  -0.030000
-499   0.010000
-498  -0.050000
-497   0.030000
-496  -0.070000
-495   0.010000
-494   0.085000
-493   0.040000
-492  -0.065000
-491   0.000000
-490   0.010000
-489  -0.020000
-488   0.045000
-487   0.070000
-486  -0.035000
-485   0.030000
-484   0.015000
-483   0.070000
-482   0.005000
-481  -0.060000
-480   0.010000
-479  -0.020000
-478   0.080000
-477   0.035000
-476  -0.015000
-475   0.030000
-474  -0.060000
-473  -0.045000
-472   0.085000
-471  -0.025000
-470   0.050000
-469  -0.165000
-468  -0.085000
-467   0.110000
-466  -0.020000
-465  -0.010000
-464  -0.000000
-463   0.040000
-462   0.060000
-461  -0.100000
-460   0.045000
-459  -0.040000
-458   0.015000
-457  -0.020000
-456   0.005000
-455   0.020000
-454   0.005000
-453   0.010000
-452  -0.035000
-451  -0.025000
-450   0.065000
-449  -0.065000
-448   0.035000
-447  -0.035000
-446   0.020000
-445   0.055000
-444   0.010000
-443   0.040000
-442  -0.070000
-441   0.050000
-440  -0.065000
-439  -0.030000
-438   0.020000
-437   0.005000
-436   0.020000
-435   0.080000
-434   0.055000
-433  -0.035000
-432   0.070000
-431   0.025000
-430  -0.045000
-429   0.010000
-428  -0.045000
-427   0.000000
-426  -0.035000
-425  -0.060000
-424   0.005000
-423   0.005000
-422  -0.035000
-421   0.000000
-420  -0.065000
-419  -0.065000
-418   0.045000
-417   0.035000
-416  -0.020000
-415  -0.045000
-414   0.010000
-413  -0.090000
-412   0.025000
-411  -0.015000
-410  -0.000000
-409  -0.110000
-408  -0.080000
-407   0.135000
-406   0.045000
-405   0.095000
-404  -0.045000
-403   0.025000
-402   0.005000
-401  -0.015000
-400  -0.080000
-399   0.005000
-398   0.010000
-397  -0.035000
-396   0.050000
-395  -0.030000
-394  -0.065000
-393  -0.015000
-392   0.005000
-391  -0.040000
-390  -0.005000
-389   0.020000
-388  -0.040000
-387   0.070000
-386  -0.025000
-385  -0.035000
-384  -0.025000
-383   0.050000
-382   0.070000
-381  -0.060000
-380   0.080000
-379  -0.045000
-378  -0.015000
-377   0.015000
-376  -0.045000
-375   0.030000
-374   0.030000
-373   0.040000
-372   0.025000
-371   0.070000
-370  -0.035000
-369   0.055000
-368   0.005000
-367   0.045000
-366   0.030000
-365   0.055000
-364   0.040000
-363  -0.040000
-362  -0.015000
-361   0.010000
-360   0.055000
-359  -0.030000
-358   0.035000
-357   0.025000
-356   0.030000
-355  -0.015000
-354  -0.155000
-353  -0.020000
-352   0.015000
-351  -0.070000
-350  -0.000000
-349  -0.010000
-348   0.060000
-347  -0.020000
-346  -0.045000
-345   0.085000
-344   0.100000
-343   0.015000
-342  -0.020000
-341  -0.040000
-340   0.075000
-339  -0.050000
-338  -0.045000
-337  -0.025000
-336  -0.065000
-335  -0.010000
-334   0.010000
-333  -0.035000
-332  -0.030000
-331  -0.075000
-330  -0.035000
-329   0.020000
-328   0.005000
-327  -0.065000
-326   0.080000
-325   0.070000
-324  -0.015000
-323  -0.035000
-322   0.045000
-321  -0.040000
-320   0.020000
-319   0.035000
-318   0.005000
-317  -0.020000
-316   0.045000
-315  -0.030000
-314   0.015000
-313   0.005000
-312   0.005000
-311  -0.015000
-310   0.075000
-309   0.070000
-308  -0.010000
-307   0.045000
-306  -0.015000
-305  -0.030000
-304   0.050000
-303  -0.015000
-302  -0.025000
-301   0.030000
-300   0.085000
-299  -0.070000
-298  -0.035000
-297  -0.060000
-296  -0.100000
-295  -0.040000
-294  -0.045000
-293   0.025000
-292  -0.030000
-291   0.010000
-290   0.005000
-289   0.025000
-288   0.035000
-287  -0.050000
-286   0.085000
-285  -0.095000
-284  -0.040000
-283  -0.100000
-282   0.030000
-281   0.010000
-280  -0.035000
-279   0.010000
-278   0.005000
-277  -0.045000
-276   0.015000
-275  -0.000000
-274  -0.025000
-273  -0.070000
-272   0.015000
-271   0.080000
-270   0.030000
-269  -0.050000
-268  -0.055000
-267  -0.085000
-266   0.035000
-265  -0.010000
-264  -0.005000
-263  -0.035000
-262   0.070000
-261   0.050000
-260  -0.010000
-259  -0.045000
-258  -0.130000
-257   0.030000
-256  -0.005000
-255   0.005000
-254   0.030000
-253  -0.000000
-252  -0.065000
-251  -0.085000
-250  -0.070000
-249   0.060000
-248   0.030000
-247   0.025000
-246   0.055000
-245  -0.020000
-244   0.115000
-243  -0.060000
-242  -0.100000
-241  -0.065000
-240  -0.045000
-239  -0.010000
-238  -0.015000
-237  -0.035000
-236  -0.030000
-235  -0.075000
-234  -0.035000
-233  -0.050000
-232  -0.125000
-231  -0.045000
-230  -0.030000
-229   0.075000
-228   0.060000
-227   0.020000
-226   0.030000
-225   0.045000
-224  -0.065000
-223   0.065000
-222   0.000000
-221   0.105000
-220  -0.035000
-219  -0.015000
-218  -0.065000
-217   0.035000
-216   0.075000
-215   0.060000
-214   0.050000
-213   0.030000
-212  -0.075000
-211  -0.015000
-210  -0.040000
-209   0.035000
-208   0.000000
-207  -0.005000
-206   0.035000
-205  -0.060000
-204  -0.045000
-203  -0.035000
-202   0.055000
-201   0.015000
-200  -0.040000
-199  -0.035000
-198  -0.085000
-197   0.025000
-196  -0.035000
-195  -0.015000
-194   0.035000
-193  -0.015000
-192   0.005000
-191  -0.030000
-190   0.030000
-189   0.015000
-188   0.100000
-187  -0.005000
-186  -0.020000
-185  -0.005000
-184  -0.010000
-183  -0.020000
-182  -0.115000
-181   0.030000
-180  -0.005000
-179   0.085000
-178  -0.015000
-177  -0.040000
-176   0.010000
-175   0.010000
-174  -0.065000
-173  -0.025000
-172   0.095000
-171   0.020000
-170  -0.060000
-169   0.020000
-168  -0.010000
-167   0.045000
-166   0.025000
-165  -0.040000
-164   0.035000
-163   0.020000
-162  -0.050000
-161  -0.005000
-160   0.015000
-159  -0.015000
-158   0.095000
-157   0.055000
-156  -0.010000
-155  -0.070000
-154  -0.020000
-153  -0.010000
-152  -0.015000
-151  -0.080000
-150  -0.020000
-149  -0.020000
-148   0.015000
-147  -0.035000
-146   0.030000
-145  -0.100000
-144   0.095000
-143  -0.005000
-142  -0.050000
-141   0.010000
-140   0.060000
-139   0.030000
-138   0.005000
-137   0.010000
-136  -0.040000
-135   0.040000
-134   0.080000
-133  -0.040000
-132  -0.000000
-131   0.045000
-130  -0.015000
-129  -0.015000
-128  -0.020000
-127   0.010000
-126  -0.005000
-125   0.020000
-124  -0.055000
-123   0.010000
-122  -0.020000
-121  -0.065000
-120  -0.050000
-119   0.005000
-118   0.040000
-117  -0.065000
-116   0.030000
-115   0.090000
-114   0.030000
-113  -0.000000
-112   0.050000
-111  -0.000000
-110  -0.005000
-109   0.080000
-108   0.005000
-107  -0.020000
-106  -0.065000
-105   0.005000
-104   0.110000
-103   0.090000
-102   0.055000
-101  -0.045000
-100  -0.055000
-99  -0.025000
-98   0.040000
-97  -0.015000
-96   0.005000
-95   0.005000
-94  -0.140000
-93  -0.045000
-92   0.025000
-91  -0.010000
-90  -0.030000
-89  -0.005000
-88   0.025000
-87   0.020000
-86  -0.025000
-85  -0.070000
-84  -0.045000
-83   0.015000
-82  -0.020000
-81   0.005000
-80  -0.035000
-79   0.100000
-78  -0.045000
-77  -0.015000
-76   0.005000
-75  -0.050000
-74  -0.050000
-73  -0.030000
-72  -0.015000
-71  -0.015000
-70  -0.095000
-69  -0.050000
-68   0.070000
-67  -0.040000
-66   0.040000
-65   0.000000
-64  -0.010000
-63  -0.060000
-62   0.125000
-61   0.025000
-60   0.000000
-59  -0.000000
-58   0.020000
-57  -0.075000
-56  -0.025000
-55  -0.045000
-54   0.080000
-53   0.110000
-52   0.055000
-51   0.020000
-50   0.045000
-49   0.050000
-48  -0.020000
-47   0.005000
-46  -0.030000
-45   0.025000
-44   0.030000
-43   0.050000
-42  -0.020000
-41   0.000000
-40  -0.030000
-39   0.025000
-38   0.020000
-37   0.090000
-36   0.020000
-35   0.055000
-34   0.065000
-33   0.015000
-32  -0.030000
-31   0.030000
-30   0.040000
-29   0.035000
-28  -0.030000
-27  -0.020000
-26   0.035000
-25  -0.045000
-24   0.025000
-23   0.050000
-22  -0.015000
-21   0.125000
-20   0.065000
-19  -0.010000
-18   0.075000
-17  -0.005000
-16   0.010000
-15   0.015000
-14  -0.000000
-13  -0.050000
-12  -0.035000
-11   0.040000
-10   0.035000
-9  -0.060000
-8   0.005000
-7  -0.040000
-6   0.055000
-5  -0.075000
-4  -0.035000
-3  -0.045000
-2  -0.040000
-1   0.080000
