0   0.070000
1  -0.040000
2   0.005000
3   0.010000
4   0.000000
5  -0.060000
6   0.020000
7  -0.000000
8   0.125000
9  -0.010000
10   0.035000
11  -0.065000
12   0.005000
13  -0.010000
14  -0.000000
15   0.000000
16  -0.055000
17   0.070000
18  -0.045000
19   0.025000
20  -0.105000
21   0.015000
22  -0.015000
23   0.070000
24   0.010000
25   0.020000
26   0.055000
27   0.010000
28  -0.020000
29  -0.035000
30   0.040000
31   0.000000
32  -0.025000
33  -0.020000
34   0.025000
35  -0.020000
36   0.035000
37  -0.035000
38  -0.040000
39   0.050000
40  -0.060000
41  -0.045000
42  -0.070000
43  -0.005000
44  -0.020000
45  -0.010000
46   0.025000
47   0.075000
48  -0.010000
49  -0.060000
50   0.075000
51   0.030000
52   0.025000
53   0.040000
54   0.035000
55  -0.060000
56  -0.015000
57   0.065000
58  -0.035000
59  -0.005000
60   0.005000
61  -0.055000
62   0.025000
63   0.080000
64   0.005000
65  -0.015000
66   0.030000
67   0.065000
68   0.000000
69  -0.050000
70   0.015000
71  -0.030000
72  -0.050000
73   0.060000
74  -0.020000
75   0.070000
76   0.005000
77  -0.030000
78   0.000000
79   0.000000
80   0.030000
81   0.030000
82   0.075000
83  -0.045000
84   0.055000
85   0.060000
86  -0.055000
87  -0.020000
88  -0.025000
89  -0.010000
90  -0.035000
91  -0.045000
92  -0.025000
93   0.020000
94   0.015000
95  -0.035000
96   0.020000
97   0.000000
98   0.020000
99  -0.025000
100  -0.010000
101   0.035000
102  -0.050000
103  -0.020000
104   0.005000
105  -0.160000
106  -0.115000
107  -0.045000
108   0.120000
109  -0.125000
110   0.120000
111   0.030000
112   0.060000
113  -0.075000
114  -0.060000
115   0.015000
116   0.020000
117   0.035000
118  -0.025000
119  -0.045000
120   0.100000
121  -0.035000
122   0.075000
123   0.005000
124   0.020000
125   0.095000
126  -0.085000
127  -0.005000
128  -0.055000
129   0.020000
130  -0.060000
131  -0.005000
132   0.075000
133   0.015000
134  -0.030000
135  -0.000000
136   0.035000
137   0.055000
138   0.010000
139  -0.010000
140  -0.005000
141   0.055000
142   0.025000
143  -0.030000
144   0.020000
145  -0.020000
146  -0.010000
147  -0.005000
148   0.035000
149  -0.045000
150  -0.005000
151  -0.080000
152   0.040000
153   0.015000
154   0.025000
155   0.005000
156   0.025000
157   0.035000
158  -0.045000
159  -0.080000
160   0.025000
161   0.025000
162   0.080000
163  -0.120000
164   0.110000
165  -0.010000
166   0.130000
167   0.075000
168  -0.050000
169  -0.030000
170  -0.030000
171  -0.070000
172  -0.065000
173  -0.025000
174   0.040000
175   0.070000
176  -0.015000
177   0.035000
178  -0.070000
179   0.030000
180   0.035000
181   0.020000
182  -0.030000
183  -0.055000
184   0.045000
185   0.030000
186   0.020000
187  -0.140000
188   0.030000
189  -0.020000
190  -0.065000
191   0.015000
192  -0.020000
193   0.030000
194   0.070000
195  -0.005000
196   0.020000
197  -0.050000
198   0.095000
199   0.005000
200   0.055000
201  -0.055000
202  -0.105000
203   0.020000
204  -0.025000
205   0.020000
206   0.015000
207  -0.055000
208  -0.025000
209   0.090000
210  -0.005000
211   0.020000
212  -0.045000
213  -0.020000
214  -0.040000
215  -0.050000
216  -0.025000
217   0.025000
218   0.055000
219  -0.050000
220   0.060000
221   0.025000
222  -0.000000
223   0.125000
224   0.060000
225   0.045000
226  -0.030000
227  -0.025000
228   0.020000
229  -0.050000
230   0.130000
231   0.135000
232   0.050000
233  -0.010000
234  -0.000000
235  -0.055000
236  -0.080000
237   0.005000
238   0.035000
239  -0.005000
240   0.035000
241   0.105000
242  -0.025000
243   0.030000
244   0.040000
245  -0.030000
246   0.030000
247  -0.000000
248   0.085000
249  -0.035000
250   0.035000
251  -0.055000
252   0.105000
253   0.095000
254   0.030000
255   0.025000
256   0.095000
257  -0.045000
258  -0.045000
259  -0.015000
260  -0.020000
261  -0.030000
262  -0.045000
263  -0.015000
264   0.035000
265  -0.135000
266  -0.080000
267  -0.015000
268   0.060000
269  -0.060000
270   0.055000
271  -0.010000
272   0.040000
273   0.025000
274   0.035000
275   0.020000
276   0.045000
277   0.045000
278  -0.030000
279   0.000000
280  -0.050000
281  -0.065000
282  -0.095000
283  -0.015000
284   0.030000
285   0.120000
286  -0.040000
287  -0.005000
288   0.095000
289   0.005000
290   0.060000
291   0.005000
292   0.060000
293   0.025000
294  -0.075000
295   0.010000
296  -0.025000
297  -0.005000
298   0.030000
299   0.030000
300   0.030000
301   0.030000
302   0.020000
303  -0.075000
304  -0.060000
305   0.010000
306  -0.075000
307   0.005000
308   0.075000
309   0.020000
310  -0.000000
311  -0.065000
312   0.115000
313   0.005000
314   0.060000
315  -0.005000
316   0.060000
317   0.185000
318  -0.035000
319  -0.015000
320  -0.040000
321  -0.005000
322  -0.120000
323  -0.060000
324   0.080000
325  -0.030000
326   0.025000
327   0.005000
328   0.035000
329   0.095000
330   0.125000
331   0.060000
332   0.005000
333  -0.070000
334   0.010000
335  -0.030000
336  -0.055000
337   0.030000
338   0.025000
339   0.005000
340  -0.000000
341   0.065000
342   0.005000
343  -0.030000
344   0.100000
345   0.085000
346  -0.075000
347   0.005000
348   0.020000
349   0.025000
350  -0.070000
351   0.015000
352  -0.050000
353   0.015000
354  -0.065000
355   0.080000
356   0.040000
357  -0.030000
358  -0.010000
359   0.020000
360  -0.095000
361   0.025000
362  -0.080000
363  -0.050000
364  -0.040000
365  -0.065000
366   0.080000
367  -0.005000
368   0.020000
369   0.060000
370   0.085000
371   0.015000
372   0.030000
373  -0.055000
374  -0.085000
375  -0.010000
376  -0.020000
377   0.040000
378   0.005000
379   0.095000
380  -0.015000
381  -0.010000
382  -0.025000
383  -0.050000
384   0.055000
385   0.020000
386  -0.105000
387   0.045000
388   0.030000
389  -0.005000
390  -0.030000
391  -0.025000
392  -0.005000
393  -0.040000
394  -0.015000
395   0.055000
396  -0.005000
397  -0.085000
398  -0.100000
399   0.090000
400   0.005000
401  -0.010000
402   0.065000
403  -0.025000
404   0.075000
405  -0.020000
406  -0.020000
407   0.020000
408  -0.005000
409   0.060000
410   0.015000
411  -0.015000
412   0.025000
413   0.035000
414  -0.035000
415  -0.020000
416   0.020000
417  -0.005000
418  -0.060000
419  -0.065000
420  -0.010000
421   0.030000
422   0.050000
423  -0.030000
424  -0.060000
425  -0.020000
426  -0.065000
427   0.050000
428   0.055000
429  -0.045000
430   0.015000
431   0.055000
432  -0.025000
433   0.015000
434  -0.005000
435  -0.075000
436  -0.105000
437   0.070000
438   0.030000
439   0.095000
440   0.020000
441  -0.055000
442   0.005000
443   0.010000
444  -0.025000
445   0.085000
446  -0.040000
447   0.030000
448  -0.015000
449  -0.080000
450  -0.090000
451   0.000000
452  -0.005000
453   0.080000
454  -0.025000
455   0.055000
456  -0.020000
457   0.025000
458  -0.000000
459   0.010000
460   0.015000
461  -0.020000
462  -0.050000
463   0.035000
464   0.080000
465   0.025000
466  -0.055000
467   0.075000
468   0.030000
469  -0.005000
470  -0.025000
471   0.070000
472   0.020000
473  -0.040000
474  -0.060000
475  -0.085000
476  -0.035000
477   0.035000
478  -0.040000
479  -0.040000
480  -0.020000
481   0.015000
482   0.070000
483  -0.080000
484   0.100000
485  -0.030000
486   0.065000
487   0.075000
488   0.035000
489   0.025000
490   0.000000
491   0.035000
492  -0.065000
493   0.045000
494   0.020000
495  -0.000000
496  -0.115000
497  -0.010000
498  -0.035000
499  -0.005000
500  -0.065000
-499  -0.025000
-498   0.035000
-497   0.035000
-496   0.025000
-495   0.090000
-494  -0.080000
-493  -0.055000
-492   0.025000
-491   0.015000
-490   0.095000
-489   0.050000
-488   0.000000
-487   0.035000
-486  -0.020000
-485   0.055000
-484   0.055000
-483  -0.030000
-482  -0.050000
-481  -0.015000
-480   0.035000
-479  -0.070000
-478   0.020000
-477  -0.025000
-476  -0.055000
-475  -0.020000
-474   0.020000
-473   0.040000
-472   0.060000
-471   0.055000
-470  -0.080000
-469   0.015000
-468  -0.115000
-467  -0.025000
-466   0.060000
-465   0.020000
-464  -0.015000
-463  -0.085000
-462  -0.045000
-461   0.085000
-460  -0.065000
-459  -0.060000
-458   0.010000
-457   0.010000
-456  -0.060000
-455  -0.030000
-454   0.030000
-453   0.035000
-452  -0.005000
-451  -0.045000
-450  -0.055000
-449   0.005000
-448  -0.015000
-447  -0.090000
-446   0.095000
-445   0.040000
-444   0.075000
-443   0.020000
-442   0.075000
-441   0.080000
-440   0.065000
-439   0.035000
-438  -0.025000
-437   0.120000
-436  -0.035000
-435   0.070000
-434  -0.060000
-433   0.060000
-432  -0.065000
-431  -0.080000
-430   0.035000
-429  -0.100000
-428  -0.035000
-427  -0.010000
-426   0.045000
-425  -0.015000
-424  -0.010000
-423   0.110000
-422  -0.025000
-421   0.010000
-420  -0.015000
-419  -0.105000
-418  -0.010000
-417  -0.065000
-416  -0.010000
-415   0.065000
-414   0.010000
-413  -0.010000
-412  -0.010000
-411  -0.015000
-410  -0.035000
-409   0.065000
-408   0.085000
-407   0.140000
-406  -0.060000
-405   0.105000
-404  -0.075000
-403  -0.005000
-402  -0.055000
-401  -0.000000
-400  -0.040000
-399   0.005000
-398   0.045000
-397  -0.075000
-396  -0.020000
-395   0.030000
-394  -0.030000
-393  -0.045000
-392  -0.020000
-391   0.035000
-390  -0.020000
-389  -0.010000
-388   0.055000
-387   0.020000
-386  -0.025000
-385   0.010000
-384   0.020000
-383   0.020000
-382  -0.080000
-381   0.060000
-380  -0.065000
-379  -0.005000
-378   0.070000
-377  -0.005000
-376  -0.020000
-375   0.020000
-374   0.080000
-373   0.015000
-372  -0.015000
-371  -0.030000
-370   0.000000
-369   0.020000
-368  -0.050000
-367   0.035000
-366   0.045000
-365   0.010000
-364  -0.000000
-363   0.020000
-362  -0.030000
-361   0.130000
-360  -0.035000
-359   0.030000
-358  -0.075000
-357  -0.080000
-356  -0.090000
-355   0.000000
-354  -0.070000
-353   0.015000
-352  -0.020000
-351  -0.095000
-350   0.015000
-349  -0.005000
-348   0.050000
-347  -0.100000
-346  -0.020000
-345  -0.015000
-344   0.075000
-343   0.000000
-342  -0.015000
-341   0.040000
-340   0.070000
-339  -0.045000
-338   0.085000
-337   0.070000
-336  -0.040000
-335  -0.035000
-334   0.055000
-333  -0.010000
-332  -0.010000
-331   0.025000
-330  -0.035000
-329  -0.040000
-328   0.070000
-327   0.065000
-326   0.075000
-325  -0.030000
-324  -0.085000
-323   0.010000
-322   0.035000
-321   0.015000
-320   0.020000
-319  -0.020000
-318  -0.075000
-317  -0.020000
-316   0.035000
-315   0.020000
-314  -0.045000
-313  -0.035000
-312  -0.015000
-311   0.065000
-310   0.040000
-309   0.045000
-308  -0.055000
-307   0.080000
-306   0.035000
-305   0.020000
-304  -0.015000
-303   0.030000
-302  -0.010000
-301  -0.005000
-300   0.040000
-299  -0.020000
-298  -0.020000
-297  -0.030000
-296  -0.025000
-295   0.015000
-294  -0.110000
-293  -0.070000
-292   0.095000
-291  -0.020000
-290  -0.020000
-289   0.060000
-288   0.000000
-287   0.030000
-286  -0.100000
-285  -0.045000
-284  -0.040000
-283  -0.095000
-282   0.080000
-281   0.005000
-280   0.030000
-279   0.005000
-278  -0.005000
-277   0.040000
-276   0.025000
-275  -0.085000
-274   0.035000
-273   0.035000
-272  -0.050000
-271  -0.025000
-270   0.060000
-269  -0.105000
-268   0.035000
-267  -0.055000
-266  -0.075000
-265   0.070000
-264  -0.010000
-263  -0.030000
-262  -0.010000
-261   0.000000
-260   0.040000
-259   0.055000
-258  -0.010000
-257  -0.040000
-256   0.045000
-255  -0.035000
-254   0.025000
-253  -0.020000
-252   0.030000
-251  -0.010000
-250  -0.125000
-249   0.095000
-248   0.010000
-247   0.030000
-246   0.035000
-245   0.050000
-244   0.050000
-243  -0.020000
-242  -0.005000
-241  -0.070000
-240   0.000000
-239  -0.035000
-238   0.015000
-237   0.045000
-236   0.035000
-235   0.075000
-234   0.060000
-233   0.040000
-232   0.155000
-231  -0.030000
-230  -0.090000
-229   0.015000
-228   0.090000
-227   0.055000
-226  -0.130000
-225  -0.010000
-224   0.015000
-223  -0.050000
-222  -0.045000
-221   0.055000
-220   0.000000
-219   0.115000
-218   0.020000
-217  -0.030000
-216   0.035000
-215  -0.105000
-214   0.065000
-213   0.030000
-212  -0.015000
-211   0.010000
-210  -0.040000
-209   0.080000
-208   0.060000
-207   0.085000
-206  -0.085000
-205   0.025000
-204  -0.035000
-203  -0.010000
-202  -0.010000
-201  -0.040000
-200  -0.005000
-199  -0.010000
-198   0.010000
-197  -0.045000
-196  -0.045000
-195   0.030000
-194  -0.060000
-193  -0.010000
-192  -0.040000
-191  -0.010000
-190   0.035000
-189  -0.005000
-188   0.100000
-187  -0.010000
-186  -0.100000
-185   0.035000
-184   0.025000
-183   0.015000
-182   0.040000
-181  -0.030000
-180   0.065000
-179   0.055000
-178   0.020000
-177   0.050000
-176  -0.070000
-175  -0.050000
-174   0.030000
-173  -0.020000
-172   0.010000
-171   0.020000
-170  -0.030000
-169  -0.015000
-168  -0.060000
-167   0.005000
-166  -0.020000
-165   0.055000
-164   0.015000
-163  -0.030000
-162   0.050000
-161   0.090000
-160   0.060000
-159   0.030000
-158   0.025000
-157  -0.040000
-156  -0.005000
-155  -0.055000
-154  -0.010000
-153   0.020000
-152   0.040000
-151   0.000000
-150  -0.050000
-149   0.085000
-148   0.120000
-147  -0.035000
-146  -0.045000
-145   0.070000
-144   0.010000
-143   0.040000
-142  -0.010000
-141  -0.020000
-140   0.020000
-139  -0.035000
-138  -0.080000
-137   0.010000
-136   0.135000
-135  -0.035000
-134  -0.035000
-133  -0.010000
-132  -0.085000
-131  -0.010000
-130  -0.015000
-129   0.095000
-128   0.040000
-127  -0.060000
-126   0.030000
-125  -0.015000
-124  -0.000000
-123   0.030000
-122  -0.015000
-121  -0.050000
-120  -0.045000
-119  -0.030000
-118  -0.040000
-117   0.020000
-116  -0.020000
-115   0.005000
-114  -0.010000
-113   0.075000
-112   0.035000
-111  -0.100000
-110  -0.015000
-109   0.040000
-108  -0.015000
-107  -0.035000
-106  -0.045000
-105  -0.045000
-104  -0.020000
-103  -0.040000
-102   0.030000
-101   0.000000
-100   0.020000
-99  -0.040000
-98  -0.005000
-97   0.030000
-96   0.015000
-95   0.000000
-94   0.045000
-93  -0.040000
-92  -0.030000
-91   0.080000
-90  -0.010000
-89   0.055000
-88   0.030000
-87  -0.060000
-86  -0.070000
-85  -0.025000
-84  -0.060000
-83  -0.045000
-82  -0.075000
-81  -0.085000
-80   0.040000
-79   0.050000
-78  -0.065000
-77   0.020000
-76  -0.050000
-75   0.045000
-74  -0.040000
-73  -0.040000
-72   0.025000
-71  -0.035000
-70   0.030000
-69   0.005000
-68  -0.035000
-67   0.140000
-66   0.015000
-65   0.000000
-64  -0.045000
-63  -0.055000
-62  -0.005000
-61  -0.010000
-60  -0.015000
-59  -0.010000
-58   0.020000
-57   0.015000
-56   0.070000
-55  -0.020000
-54  -0.020000
-53   0.040000
-52   0.130000
-51  -0.035000
-50  -0.035000
-49  -0.030000
-48  -0.060000
-47  -0.075000
-46  -0.055000
-45   0.085000
-44  -0.030000
-43  -0.105000
-42   0.040000
-41   0.045000
-40  -0.005000
-39  -0.010000
-38  -0.035000
-37  -0.005000
-36   0.035000
-35   0.030000
-34  -0.035000
-33   0.050000
-32   0.015000
-31  -0.095000
-30   0.030000
-29   0.020000
-28  -0.000000
-27   0.055000
-26  -0.055000
-25   0.045000
-24   0.005000
-23  -0.055000
-22  -0.060000
-21   0.010000
-20   0.095000
-19  -0.070000
-18  -0.015000
-17   0.010000
-16  -0.010000
-15  -0.075000
-14  -0.010000
-13  -0.000000
-12   0.045000
-11  -0.120000
-10  -0.000000
-9  -0.035000
-8   0.010000
-7   0.060000
-6   0.065000
-5   0.110000
-4   0.030000
-3   0.060000
-2   0.020000
-1  -0.045000
