0   0.080000
1   0.095000
2   0.010000
3   0.055000
4  -0.060000
5   0.050000
6  -0.105000
7   0.035000
8  -0.010000
9   0.080000
10  -0.005000
11  -0.005000
12  -0.020000
13  -0.075000
14  -0.045000
15  -0.045000
16   0.050000
17   0.005000
18   0.010000
19   0.015000
20   0.000000
21   0.015000
22   0.045000
23  -0.030000
24   0.025000
25   0.025000
26  -0.020000
27   0.015000
28  -0.070000
29   0.025000
30   0.040000
31   0.045000
32   0.040000
33  -0.005000
34   0.050000
35   0.000000
36   0.015000
37   0.035000
38   0.075000
39   0.105000
40   0.015000
41  -0.070000
42  -0.030000
43   0.055000
44   0.065000
45  -0.015000
46   0.035000
47  -0.030000
48  -0.060000
49   0.005000
50  -0.025000
51   0.020000
52  -0.045000
53  -0.020000
54   0.015000
55   0.090000
56  -0.055000
57   0.025000
58  -0.040000
59   0.045000
60  -0.065000
61  -0.090000
62   0.040000
63   0.025000
64  -0.010000
65   0.030000
66  -0.010000
67   0.025000
68   0.030000
69   0.030000
70  -0.080000
71   0.040000
72   0.020000
73   0.120000
74  -0.080000
75  -0.040000
76  -0.085000
77  -0.025000
78   0.060000
79   0.000000
80   0.015000
81   0.035000
82  -0.040000
83   0.035000
84  -0.050000
85   0.085000
86  -0.030000
87  -0.000000
88  -0.035000
89   0.000000
90   0.030000
91   0.065000
92  -0.010000
93  -0.060000
94  -0.035000
95   0.005000
96  -0.035000
97   0.035000
98  -0.035000
99   0.030000
100   0.055000
101   0.025000
102   0.015000
103  -0.055000
104   0.000000
105   0.035000
106  -0.035000
107  -0.065000
108  -0.105000
109   0.010000
110  -0.010000
111   0.000000
112  -0.045000
113  -0.005000
114  -0.020000
115   0.025000
116  -0.010000
117  -0.025000
118   0.140000
119  -0.090000
120   0.025000
121  -0.080000
122  -0.065000
123  -0.035000
124  -0.030000
125   0.010000
126  -0.025000
127   0.000000
128  -0.020000
129   0.015000
130  -0.020000
131   0.050000
132  -0.020000
133  -0.075000
134  -0.040000
135  -0.050000
136   0.095000
137   0.015000
138   0.020000
139   0.005000
140  -0.050000
141  -0.045000
142   0.010000
143   0.050000
144   0.025000
145   0.050000
146  -0.030000
147   0.035000
148   0.020000
149  -0.010000
150   0.020000
151  -0.010000
152   0.000000
153   0.020000
154   0.030000
155   0.015000
156   0.040000
157  -0.095000
158   0.075000
159   0.080000
160   0.030000
161   0.030000
162  -0.070000
163   0.050000
164   0.040000
165  -0.005000
166  -0.040000
167   0.020000
168  -0.005000
169   0.020000
170   0.030000
171   0.000000
172  -0.030000
173   0.010000
174   0.050000
175   0.010000
176   0.070000
177  -0.010000
178   0.085000
179  -0.025000
180  -0.010000
181  -0.015000
182  -0.020000
183   0.025000
184  -0.035000
185   0.025000
186  -0.025000
187  -0.025000
188   0.040000
189  -0.065000
190   0.020000
191   0.005000
192  -0.030000
193  -0.005000
194  -0.035000
195   0.125000
196  -0.060000
197  -0.075000
198   0.030000
199   0.025000
200  -0.045000
201   0.050000
202  -0.020000
203  -0.015000
204  -0.070000
205  -0.045000
206  -0.025000
207   0.065000
208  -0.100000
209   0.075000
210   0.010000
211  -0.085000
212   0.005000
213  -0.070000
214   0.085000
215   0.060000
216  -0.030000
217   0.045000
218  -0.005000
219   0.020000
220  -0.050000
221   0.065000
222   0.110000
223   0.025000
224   0.070000
225   0.000000
226   0.000000
227   0.040000
228   0.025000
229   0.055000
230   0.015000
231   0.070000
232  -0.040000
233  -0.045000
234  -0.015000
235  -0.040000
236   0.015000
237  -0.060000
238  -0.010000
239   0.080000
240   0.020000
241   0.030000
242   0.000000
243   0.045000
244  -0.040000
245   0.055000
246   0.035000
247   0.065000
248   0.025000
249  -0.010000
250  -0.060000
251  -0.010000
252   0.100000
253  -0.010000
254  -0.015000
255   0.005000
256  -0.010000
257  -0.020000
258   0.035000
259   0.020000
260  -0.075000
261  -0.005000
262   0.090000
263  -0.035000
264   0.025000
265  -0.015000
266   0.070000
267   0.060000
268  -0.045000
269   0.005000
270   0.105000
271  -0.005000
272   0.085000
273   0.005000
274   0.015000
275  -0.030000
276   0.010000
277   0.010000
278  -0.035000
279  -0.015000
280   0.035000
281   0.060000
282  -0.045000
283   0.075000
284  -0.005000
285  -0.030000
286  -0.005000
287   0.110000
288   0.010000
289   0.005000
290   0.025000
291   0.050000
292   0.040000
293  -0.100000
294   0.035000
295   0.035000
296  -0.050000
297   0.030000
298  -0.015000
299  -0.015000
300  -0.025000
301   0.065000
302   0.020000
303   0.050000
304  -0.050000
305  -0.015000
306   0.020000
307  -0.070000
308  -0.020000
309  -0.035000
310  -0.005000
311  -0.025000
312  -0.055000
313  -0.055000
314  -0.010000
315  -0.040000
316  -0.015000
317  -0.090000
318  -0.035000
319  -0.010000
320  -0.035000
321  -0.070000
322   0.030000
323  -0.080000
324  -0.075000
325  -0.020000
326   0.100000
327  -0.050000
328   0.050000
329   0.020000
330   0.045000
331  -0.040000
332  -0.010000
333  -0.035000
334   0.025000
335  -0.050000
336  -0.045000
337   0.040000
338  -0.015000
339  -0.065000
340  -0.055000
341  -0.070000
342   0.010000
343   0.040000
344  -0.025000
345  -0.030000
346   0.025000
347  -0.020000
348   0.050000
349  -0.080000
350   0.065000
351  -0.045000
352  -0.040000
353  -0.020000
354   0.120000
355  -0.015000
356  -0.045000
357  -0.070000
358   0.005000
359  -0.025000
360   0.055000
361   0.070000
362  -0.005000
363   0.035000
364  -0.035000
365   0.140000
366  -0.040000
367  -0.030000
368   0.010000
369   0.065000
370  -0.010000
371  -0.055000
372  -0.025000
373   0.020000
374  -0.020000
375  -0.025000
376   0.050000
377   0.080000
378   0.060000
379   0.020000
380   0.050000
381  -0.040000
382  -0.015000
383  -0.045000
384   0.065000
385   0.080000
386   0.025000
387   0.020000
388   0.065000
389  -0.000000
390  -0.080000
391   0.010000
392   0.050000
393  -0.015000
394   0.020000
395  -0.150000
396  -0.035000
397  -0.055000
398  -0.010000
399   0.020000
400  -0.040000
401  -0.010000
402   0.015000
403   0.025000
404   0.025000
405  -0.025000
406  -0.020000
407  -0.000000
408   0.005000
409   0.030000
410   0.055000
411   0.045000
412  -0.060000
413   0.030000
414   0.060000
415  -0.065000
416  -0.060000
417  -0.060000
418   0.015000
419  -0.010000
420   0.025000
421   0.025000
422  -0.085000
423   0.060000
424  -0.005000
425   0.060000
426   0.020000
427  -0.005000
428   0.050000
429   0.050000
430  -0.145000
431   0.080000
432  -0.010000
433   0.020000
434   0.050000
435   0.015000
436  -0.015000
437   0.055000
438   0.010000
439  -0.075000
440   0.050000
441   0.050000
442  -0.000000
443  -0.020000
444  -0.015000
445  -0.070000
446   0.045000
447  -0.045000
448  -0.025000
449   0.070000
450   0.025000
451   0.025000
452   0.045000
453  -0.035000
454  -0.030000
455  -0.075000
456   0.025000
457  -0.045000
458   0.120000
459   0.025000
460  -0.095000
461   0.010000
462   0.070000
463  -0.025000
464   0.045000
465  -0.105000
466   0.035000
467  -0.140000
468  -0.005000
469  -0.015000
470  -0.040000
471  -0.075000
472   0.030000
473  -0.055000
474  -0.005000
475   0.045000
476  -0.065000
477   0.000000
478  -0.080000
479  -0.035000
480  -0.045000
481   0.030000
482  -0.065000
483  -0.025000
484   0.050000
485  -0.055000
486   0.065000
487  -0.025000
488   0.035000
489   0.005000
490   0.005000
491  -0.045000
492   0.005000
493  -0.040000
494  -0.045000
495   0.080000
496   0.010000
497  -0.005000
498   0.055000
499   0.030000
500  -0.000000
-499  -0.025000
-498   0.065000
-497  -0.030000
-496   0.050000
-495  -0.005000
-494   0.025000
-493  -0.150000
-492   0.025000
-491   0.030000
-490  -0.035000
-489  -0.040000
-488   0.065000
-487  -0.030000
-486   0.050000
-485  -0.035000
-484  -0.100000
-483   0.050000
-482   0.085000
-481  -0.020000
-480  -0.085000
-479   0.085000
-478  -0.005000
-477  -0.035000
-476   0.045000
-475  -0.050000
-474   0.010000
-473  -0.050000
-472   0.050000
-471  -0.040000
-470  -0.010000
-469  -0.010000
-468   0.075000
-467  -0.120000
-466   0.085000
-465  -0.045000
-464  -0.045000
-463   0.005000
-462   0.060000
-461   0.020000
-460   0.045000
-459   0.020000
-458  -0.015000
-457   0.020000
-456  -0.020000
-455  -0.010000
-454  -0.025000
-453   0.005000
-452   0.055000
-451  -0.005000
-450  -0.005000
-449  -0.015000
-448   0.005000
-447  -0.055000
-446  -0.100000
-445   0.035000
-444  -0.040000
-443  -0.020000
-442  -0.025000
-441   0.030000
-440  -0.060000
-439   0.020000
-438  -0.015000
-437  -0.105000
-436   0.020000
-435   0.065000
-434  -0.080000
-433  -0.065000
-432   0.020000
-431   0.070000
-430   0.055000
-429   0.070000
-428  -0.025000
-427   0.065000
-426  -0.015000
-425  -0.005000
-424  -0.035000
-423  -0.020000
-422  -0.055000
-421   0.005000
-420   0.060000
-419   0.075000
-418   0.055000
-417  -0.070000
-416   0.010000
-415   0.025000
-414   0.025000
-413  -0.080000
-412  -0.035000
-411   0.010000
-410   0.030000
-409  -0.065000
-408   0.040000
-407   0.005000
-406   0.095000
-405  -0.010000
-404   0.050000
-403   0.065000
-402  -0.045000
-401  -0.015000
-400  -0.065000
-399   0.020000
-398  -0.005000
-397   0.000000
-396   0.040000
-395  -0.010000
-394   0.005000
-393   0.010000
-392  -0.040000
-391  -0.015000
-390   0.060000
-389   0.020000
-388   0.050000
-387   0.055000
-386  -0.040000
-385   0.075000
-384  -0.095000
-383  -0.020000
-382   0.005000
-381   0.015000
-380   0.085000
-379   0.060000
-378   0.060000
-377   0.045000
-376   0.025000
-375   0.050000
-374  -0.060000
-373   0.075000
-372  -0.035000
-371  -0.050000
-370  -0.040000
-369  -0.015000
-368   0.005000
-367  -0.010000
-366   0.035000
-365   0.020000
-364   0.085000
-363   0.020000
-362  -0.025000
-361  -0.035000
-360   0.055000
-359  -0.025000
-358  -0.010000
-357  -0.085000
-356  -0.060000
-355  -0.015000
-354   0.045000
-353   0.005000
-352  -0.040000
-351  -0.035000
-350  -0.005000
-349   0.065000
-348   0.060000
-347   0.050000
-346   0.025000
-345   0.010000
-344   0.005000
-343  -0.060000
-342   0.010000
-341   0.110000
-340  -0.065000
-339  -0.040000
-338   0.005000
-337  -0.005000
-336   0.000000
-335   0.015000
-334  -0.015000
-333  -0.005000
-332   0.110000
-331  -0.040000
-330  -0.005000
-329  -0.005000
-328   0.110000
-327  -0.185000
-326   0.080000
-325  -0.000000
-324  -0.005000
-323  -0.025000
-322   0.000000
-321   0.150000
-320  -0.075000
-319   0.015000
-318   0.125000
-317  -0.085000
-316  -0.005000
-315   0.015000
-314  -0.010000
-313  -0.025000
-312  -0.110000
-311   0.065000
-310   0.075000
-309   0.020000
-308   0.035000
-307   0.115000
-306   0.005000
-305   0.000000
-304  -0.025000
-303  -0.010000
-302  -0.060000
-301  -0.080000
-300  -0.020000
-299   0.005000
-298   0.065000
-297   0.080000
-296  -0.030000
-295  -0.040000
-294   0.070000
-293   0.055000
-292   0.010000
-291  -0.005000
-290  -0.060000
-289   0.000000
-288  -0.025000
-287  -0.040000
-286  -0.005000
-285   0.025000
-284   0.030000
-283   0.030000
-282   0.000000
-281   0.005000
-280   0.000000
-279   0.120000
-278  -0.025000
-277   0.035000
-276   0.040000
-275  -0.005000
-274   0.040000
-273   0.070000
-272  -0.010000
-271   0.005000
-270   0.055000
-269   0.070000
-268  -0.035000
-267   0.070000
-266   0.045000
-265   0.040000
-264   0.030000
-263   0.025000
-262  -0.030000
-261  -0.010000
-260  -0.030000
-259   0.075000
-258  -0.040000
-257  -0.005000
-256   0.055000
-255  -0.045000
-254  -0.035000
-253   0.000000
-252  -0.090000
-251  -0.050000
-250   0.005000
-249   0.005000
-248   0.015000
-247  -0.090000
-246  -0.005000
-245   0.065000
-244   0.010000
-243  -0.005000
-242   0.005000
-241   0.030000
-240  -0.045000
-239  -0.040000
-238  -0.015000
-237   0.050000
-236  -0.030000
-235  -0.070000
-234   0.025000
-233  -0.115000
-232  -0.015000
-231  -0.005000
-230  -0.010000
-229   0.045000
-228   0.000000
-227  -0.050000
-226   0.020000
-225  -0.025000
-224   0.050000
-223  -0.065000
-222   0.000000
-221   0.060000
-220   0.040000
-219   0.010000
-218   0.015000
-217   0.040000
-216  -0.010000
-215   0.055000
-214   0.020000
-213  -0.060000
-212  -0.015000
-211   0.000000
-210  -0.035000
-209   0.030000
-208  -0.075000
-207  -0.060000
-206  -0.070000
-205   0.015000
-204  -0.065000
-203   0.030000
-202  -0.050000
-201  -0.130000
-200  -0.005000
-199   0.045000
-198  -0.020000
-197  -0.055000
-196  -0.040000
-195  -0.085000
-194  -0.095000
-193   0.050000
-192  -0.040000
-191  -0.010000
-190  -0.085000
-189   0.005000
-188  -0.050000
-187  -0.035000
-186  -0.005000
-185   0.010000
-184   0.015000
-183  -0.050000
-182  -0.030000
-181  -0.025000
-180   0.000000
-179  -0.040000
-178  -0.055000
-177   0.015000
-176   0.135000
-175  -0.070000
-174   0.030000
-173   0.045000
-172  -0.050000
-171   0.030000
-170  -0.030000
-169   0.005000
-168  -0.040000
-167  -0.015000
-166   0.010000
-165   0.045000
-164   0.045000
-163  -0.040000
-162  -0.015000
-161   0.075000
-160  -0.050000
-159   0.030000
-158   0.000000
-157   0.005000
-156  -0.050000
-155  -0.085000
-154  -0.005000
-153   0.045000
-152   0.045000
-151  -0.050000
-150   0.020000
-149  -0.035000
-148  -0.075000
-147  -0.020000
-146  -0.030000
-145   0.080000
-144   0.025000
-143   0.040000
-142   0.035000
-141   0.040000
-140   0.035000
-139  -0.020000
-138  -0.040000
-137   0.045000
-136  -0.040000
-135  -0.040000
-134   0.030000
-133   0.050000
-132  -0.025000
-131   0.005000
-130  -0.005000
-129   0.020000
-128   0.050000
-127   0.050000
-126  -0.020000
-125  -0.020000
-124   0.040000
-123   0.020000
-122  -0.025000
-121  -0.085000
-120   0.010000
-119   0.050000
-118   0.050000
-117   0.035000
-116  -0.090000
-115   0.070000
-114  -0.045000
-113  -0.080000
-112  -0.005000
-111  -0.025000
-110  -0.080000
-109  -0.075000
-108  -0.020000
-107  -0.055000
-106  -0.025000
-105   0.075000
-104  -0.055000
-103   0.010000
-102  -0.020000
-101  -0.015000
-100  -0.040000
-99  -0.065000
-98   0.010000
-97   0.010000
-96   0.060000
-95  -0.090000
-94  -0.015000
-93   0.000000
-92   0.010000
-91   0.020000
-90   0.060000
-89  -0.005000
-88   0.010000
-87   0.005000
-86  -0.025000
-85  -0.050000
-84   0.005000
-83  -0.050000
-82   0.045000
-81   0.045000
-80   0.015000
-79  -0.055000
-78   0.030000
-77   0.045000
-76  -0.060000
-75  -0.015000
-74   0.010000
-73  -0.125000
-72  -0.025000
-71  -0.010000
-70  -0.050000
-69   0.095000
-68   0.025000
-67   0.035000
-66   0.000000
-65  -0.040000
-64  -0.055000
-63   0.075000
-62   0.085000
-61   0.065000
-60  -0.030000
-59   0.025000
-58  -0.095000
-57   0.115000
-56  -0.075000
-55   0.030000
-54   0.145000
-53  -0.030000
-52   0.010000
-51  -0.025000
-50   0.030000
-49   0.000000
-48  -0.090000
-47   0.030000
-46  -0.025000
-45   0.085000
-44  -0.015000
-43   0.090000
-42   0.030000
-41  -0.015000
-40   0.045000
-39   0.000000
-38   0.030000
-37   0.085000
-36  -0.070000
-35   0.025000
-34  -0.070000
-33   0.020000
-32  -0.010000
-31   0.020000
-30   0.050000
-29   0.030000
-28  -0.015000
-27   0.045000
-26  -0.030000
-25  -0.075000
-24   0.015000
-23  -0.035000
-22   0.060000
-21  -0.085000
-20   0.050000
-19  -0.030000
-18   0.005000
-17   0.035000
-16   0.005000
-15   0.090000
-14  -0.040000
-13   0.030000
-12   0.085000
-11   0.045000
-10   0.005000
-9  -0.010000
-8   0.020000
-7  -0.080000
-6  -0.045000
-5   0.120000
-4  -0.030000
-3   0.005000
-2   0.045000
-1   0.010000
