0  -0.070000
1  -0.010000
2   0.020000
3  -0.050000
4   0.010000
5   0.055000
6   0.120000
7   0.045000
8  -0.065000
9  -0.010000
10  -0.050000
11  -0.090000
12  -0.015000
13  -0.005000
14  -0.025000
15   0.040000
16  -0.015000
17  -0.030000
18   0.060000
19  -0.055000
20   0.080000
21  -0.025000
22  -0.015000
23   0.045000
24  -0.040000
25  -0.005000
26  -0.040000
27   0.030000
28   0.030000
29  -0.020000
30  -0.020000
31   0.025000
32  -0.010000
33   0.040000
34  -0.030000
35   0.110000
36  -0.050000
37   0.040000
38  -0.040000
39   0.015000
40   0.030000
41   0.025000
42   0.020000
43  -0.080000
44  -0.020000
45   0.025000
46  -0.020000
47   0.005000
48   0.030000
49  -0.010000
50   0.100000
51  -0.005000
52  -0.040000
53  -0.060000
54  -0.055000
55   0.015000
56  -0.015000
57  -0.020000
58   0.005000
59   0.055000
60  -0.010000
61  -0.015000
62  -0.025000
63   0.020000
64  -0.050000
65   0.045000
66  -0.015000
67   0.045000
68   0.070000
69  -0.075000
70  -0.065000
71  -0.080000
72  -0.010000
73  -0.005000
74   0.045000
75   0.125000
76  -0.010000
77  -0.045000
78  -0.090000
79  -0.055000
80  -0.040000
81   0.035000
82  -0.025000
83   0.005000
84  -0.030000
85   0.020000
86  -0.050000
87   0.010000
88   0.025000
89  -0.065000
90   0.035000
91   0.010000
92   0.045000
93   0.035000
94   0.095000
95   0.065000
96   0.000000
97  -0.010000
98   0.015000
99  -0.005000
100   0.065000
101   0.065000
102  -0.020000
103   0.030000
104  -0.080000
105   0.020000
106   0.050000
107   0.000000
108  -0.080000
109  -0.075000
110   0.045000
111   0.005000
112   0.010000
113   0.035000
114  -0.020000
115  -0.010000
116  -0.030000
117   0.065000
118   0.125000
119  -0.015000
120   0.020000
121   0.075000
122   0.015000
123   0.000000
124   0.045000
125   0.040000
126   0.060000
127   0.045000
128  -0.005000
129   0.050000
130   0.010000
131   0.080000
132   0.035000
133   0.085000
134  -0.040000
135   0.050000
136  -0.055000
137   0.040000
138  -0.045000
139   0.055000
140   0.005000
141  -0.070000
142  -0.040000
143  -0.165000
144   0.080000
145   0.060000
146   0.100000
147  -0.025000
148  -0.025000
149  -0.055000
150  -0.080000
151   0.085000
152   0.030000
153  -0.015000
154  -0.035000
155   0.005000
156  -0.120000
157   0.050000
158  -0.045000
159   0.040000
160   0.075000
161  -0.065000
162   0.035000
163  -0.010000
164   0.000000
165  -0.100000
166   0.065000
167   0.045000
168  -0.010000
169  -0.035000
170   0.005000
171   0.025000
172   0.015000
173   0.030000
174   0.010000
175   0.045000
176   0.060000
177   0.090000
178  -0.035000
179  -0.045000
180   0.000000
181  -0.025000
182  -0.040000
183  -0.010000
184  -0.055000
185  -0.095000
186  -0.065000
187   0.035000
188  -0.025000
189   0.020000
190  -0.040000
191  -0.085000
192  -0.095000
193  -0.010000
194   0.035000
195   0.080000
196  -0.015000
197   0.075000
198   0.025000
199  -0.040000
200  -0.050000
201  -0.085000
202   0.090000
203  -0.045000
204   0.055000
205   0.000000
206  -0.015000
207   0.030000
208   0.075000
209   0.025000
210  -0.030000
211   0.080000
212  -0.015000
213   0.035000
214   0.005000
215   0.000000
216   0.050000
217  -0.010000
218   0.005000
219   0.100000
220  -0.040000
221   0.025000
222   0.035000
223  -0.005000
224  -0.075000
225   0.060000
226   0.015000
227  -0.055000
228   0.010000
229  -0.005000
230   0.040000
231   0.080000
232   0.055000
233   0.010000
234  -0.045000
235  -0.005000
236  -0.005000
237   0.055000
238   0.025000
239  -0.020000
240   0.025000
241   0.055000
242   0.020000
243   0.055000
244  -0.030000
245  -0.060000
246  -0.070000
247  -0.015000
248  -0.050000
249   0.010000
250  -0.040000
251  -0.050000
252  -0.055000
253   0.075000
254   0.010000
255   0.055000
256   0.090000
257   0.020000
258  -0.030000
259   0.005000
260  -0.080000
261  -0.030000
262  -0.035000
263  -0.015000
264   0.030000
265   0.010000
266   0.080000
267  -0.030000
268   0.080000
269  -0.015000
270  -0.030000
271   0.060000
272  -0.015000
273  -0.000000
274   0.055000
275   0.035000
276   0.015000
277   0.010000
278  -0.000000
279  -0.035000
280  -0.020000
281   0.020000
282   0.120000
283  -0.010000
284   0.005000
285   0.000000
286   0.010000
287  -0.050000
288  -0.060000
289   0.065000
290   0.030000
291   0.005000
292   0.020000
293  -0.025000
294   0.050000
295  -0.010000
296   0.045000
297   0.025000
298  -0.045000
299   0.090000
300  -0.015000
301   0.025000
302   0.160000
303   0.090000
304  -0.040000
305  -0.060000
306  -0.085000
307   0.005000
308   0.035000
309  -0.065000
310  -0.035000
311  -0.015000
312   0.005000
313   0.025000
314  -0.070000
315  -0.080000
316   0.070000
317  -0.015000
318  -0.020000
319   0.010000
320   0.040000
321   0.020000
322  -0.065000
323  -0.040000
324  -0.095000
325  -0.060000
326   0.120000
327  -0.040000
328  -0.025000
329  -0.020000
330   0.025000
331  -0.015000
332  -0.025000
333  -0.040000
334   0.005000
335  -0.025000
336   0.065000
337  -0.040000
338  -0.030000
339   0.065000
340  -0.020000
341  -0.080000
342   0.005000
343  -0.025000
344   0.055000
345  -0.000000
346   0.010000
347  -0.060000
348   0.030000
349   0.040000
350   0.090000
351   0.090000
352  -0.040000
353   0.040000
354  -0.080000
355  -0.045000
356  -0.060000
357  -0.015000
358   0.030000
359  -0.045000
360   0.150000
361  -0.000000
362   0.005000
363  -0.060000
364  -0.100000
365   0.015000
366   0.020000
367  -0.050000
368  -0.010000
369  -0.075000
370   0.030000
371  -0.030000
372  -0.045000
373  -0.015000
374  -0.015000
375   0.040000
376   0.005000
377   0.025000
378  -0.025000
379  -0.075000
380   0.040000
381  -0.060000
382  -0.030000
383   0.045000
384   0.085000
385  -0.110000
386   0.050000
387  -0.150000
388  -0.030000
389  -0.020000
390   0.035000
391   0.010000
392  -0.040000
393  -0.060000
394   0.030000
395   0.105000
396   0.025000
397  -0.070000
398   0.050000
399  -0.075000
400  -0.040000
401  -0.065000
402  -0.005000
403  -0.020000
404  -0.040000
405  -0.080000
406  -0.085000
407   0.050000
408  -0.055000
409   0.050000
410  -0.015000
411  -0.050000
412   0.020000
413   0.030000
414   0.065000
415   0.090000
416   0.065000
417  -0.045000
418  -0.050000
419   0.010000
420   0.075000
421  -0.030000
422   0.070000
423   0.085000
424   0.075000
425   0.040000
426  -0.015000
427  -0.030000
428   0.045000
429   0.030000
430   0.025000
431   0.000000
432  -0.030000
433   0.060000
434  -0.000000
435  -0.010000
436   0.005000
437   0.050000
438   0.025000
439  -0.030000
440   0.025000
441  -0.020000
442   0.005000
443   0.030000
444  -0.010000
445   0.005000
446  -0.015000
447  -0.005000
448   0.020000
449   0.025000
450  -0.055000
451  -0.015000
452  -0.080000
453   0.020000
454  -0.020000
455  -0.060000
456  -0.080000
457   0.010000
458   0.075000
459  -0.030000
460  -0.090000
461  -0.045000
462   0.080000
463   0.050000
464  -0.035000
465  -0.035000
466  -0.080000
467  -0.035000
468  -0.030000
469  -0.030000
470   0.080000
471  -0.010000
472   0.010000
473  -0.010000
474   0.060000
475  -0.060000
476  -0.080000
477  -0.010000
478   0.060000
479   0.015000
480   0.040000
481   0.015000
482   0.010000
483  -0.015000
484  -0.015000
485  -0.005000
486   0.065000
487  -0.035000
488  -0.030000
489  -0.035000
490  -0.020000
491  -0.035000
492  -0.030000
493   0.005000
494  -0.030000
495   0.055000
496   0.000000
497   0.030000
498   0.050000
499   0.050000
500  -0.010000
-499  -0.085000
-498  -0.090000
-497  -0.085000
-496   0.045000
-495  -0.135000
-494   0.010000
-493   0.010000
-492  -0.065000
-491   0.050000
-490   0.010000
-489   0.030000
-488  -0.020000
-487   0.015000
-486  -0.040000
-485   0.005000
-484   0.005000
-483  -0.000000
-482   0.025000
-481  -0.010000
-480   0.050000
-479   0.065000
-478   0.010000
-477   0.020000
-476   0.035000
-475  -0.020000
-474  -0.035000
-473   0.110000
-472  -0.095000
-471   0.020000
-470   0.015000
-469   0.000000
-468  -0.025000
-467   0.010000
-466  -0.080000
-465   0.065000
-464  -0.035000
-463   0.085000
-462   0.040000
-461   0.005000
-460  -0.035000
-459  -0.045000
-458  -0.020000
-457   0.075000
-456  -0.080000
-455  -0.125000
-454  -0.055000
-453  -0.045000
-452   0.035000
-451  -0.025000
-450   0.095000
-449  -0.000000
-448   0.020000
-447   0.045000
-446  -0.040000
-445   0.015000
-444   0.020000
-443   0.045000
-442  -0.015000
-441   0.055000
-440  -0.110000
-439  -0.000000
-438  -0.015000
-437   0.065000
-436  -0.045000
-435  -0.010000
-434   0.015000
-433  -0.075000
-432   0.025000
-431   0.000000
-430  -0.015000
-429  -0.050000
-428   0.025000
-427  -0.030000
-426   0.060000
-425  -0.010000
-424   0.030000
-423   0.015000
-422   0.150000
-421  -0.100000
-420  -0.150000
-419  -0.015000
-418   0.020000
-417  -0.025000
-416   0.065000
-415  -0.030000
-414   0.065000
-413   0.030000
-412   0.010000
-411   0.045000
-410   0.030000
-409   0.025000
-408  -0.005000
-407  -0.035000
-406  -0.015000
-405   0.085000
-404   0.000000
-403  -0.080000
-402   0.050000
-401   0.055000
-400  -0.015000
-399   0.020000
-398   0.015000
-397  -0.065000
-396  -0.045000
-395  -0.060000
-394   0.030000
-393   0.010000
-392  -0.005000
-391  -0.050000
-390  -0.025000
-389  -0.040000
-388   0.015000
-387   0.025000
-386   0.000000
-385   0.035000
-384   0.025000
-383  -0.060000
-382   0.030000
-381   0.095000
-380   0.045000
-379  -0.020000
-378   0.075000
-377  -0.025000
-376   0.055000
-375  -0.090000
-374  -0.015000
-373  -0.010000
-372  -0.055000
-371   0.055000
-370   0.040000
-369   0.010000
-368   0.010000
-367  -0.040000
-366   0.000000
-365   0.050000
-364  -0.100000
-363   0.000000
-362  -0.030000
-361  -0.085000
-360   0.085000
-359   0.010000
-358  -0.010000
-357  -0.040000
-356  -0.040000
-355   0.005000
-354  -0.030000
-353   0.075000
-352  -0.075000
-351  -0.045000
-350  -0.020000
-349   0.040000
-348   0.035000
-347  -0.030000
-346  -0.015000
-345  -0.030000
-344  -0.055000
-343   0.010000
-342  -0.005000
-341  -0.030000
-340   0.030000
-339  -0.080000
-338  -0.090000
-337  -0.030000
-336  -0.015000
-335   0.005000
-334   0.010000
-333  -0.075000
-332   0.015000
-331   0.055000
-330   0.005000
-329   0.080000
-328  -0.035000
-327   0.105000
-326   0.040000
-325  -0.055000
-324  -0.050000
-323  -0.075000
-322  -0.020000
-321  -0.115000
-320  -0.035000
-319  -0.025000
-318  -0.000000
-317  -0.040000
-316   0.045000
-315  -0.035000
-314   0.030000
-313   0.070000
-312  -0.010000
-311  -0.005000
-310   0.025000
-309  -0.030000
-308   0.030000
-307   0.080000
-306  -0.005000
-305   0.010000
-304   0.045000
-303   0.050000
-302   0.020000
-301   0.080000
-300   0.070000
-299   0.010000
-298   0.010000
-297   0.000000
-296  -0.020000
-295  -0.035000
-294  -0.010000
-293   0.020000
-292   0.050000
-291  -0.020000
-290  -0.040000
-289  -0.025000
-288   0.045000
-287   0.115000
-286   0.025000
-285   0.015000
-284   0.085000
-283   0.045000
-282   0.050000
-281   0.050000
-280   0.015000
-279   0.055000
-278  -0.150000
-277  -0.015000
-276   0.100000
-275  -0.070000
-274  -0.025000
-273  -0.015000
-272  -0.020000
-271   0.080000
-270   0.045000
-269  -0.055000
-268   0.040000
-267  -0.015000
-266  -0.030000
-265  -0.025000
-264  -0.040000
-263  -0.060000
-262  -0.030000
-261   0.045000
-260  -0.005000
-259   0.105000
-258  -0.055000
-257  -0.045000
-256  -0.015000
-255  -0.040000
-254   0.060000
-253   0.005000
-252  -0.070000
-251   0.090000
-250  -0.005000
-249  -0.060000
-248  -0.020000
-247  -0.020000
-246   0.045000
-245  -0.020000
-244   0.060000
-243  -0.050000
-242   0.050000
-241   0.025000
-240  -0.055000
-239   0.090000
-238  -0.030000
-237  -0.035000
-236  -0.085000
-235   0.130000
-234  -0.010000
-233   0.030000
-232  -0.010000
-231   0.080000
-230  -0.015000
-229  -0.005000
-228  -0.055000
-227  -0.100000
-226  -0.050000
-225   0.050000
-224  -0.015000
-223   0.005000
-222  -0.015000
-221  -0.055000
-220  -0.000000
-219  -0.005000
-218   0.030000
-217   0.070000
-216   0.005000
-215   0.030000
-214  -0.110000
-213   0.015000
-212  -0.045000
-211  -0.005000
-210   0.065000
-209   0.100000
-208   0.015000
-207  -0.100000
-206  -0.050000
-205  -0.085000
-204  -0.030000
-203   0.040000
-202   0.030000
-201   0.065000
-200   0.025000
-199   0.115000
-198  -0.055000
-197  -0.090000
-196  -0.020000
-195   0.045000
-194  -0.005000
-193  -0.025000
-192  -0.015000
-191  -0.080000
-190  -0.025000
-189   0.010000
-188   0.070000
-187   0.040000
-186   0.000000
-185  -0.030000
-184  -0.005000
-183  -0.010000
-182   0.055000
-181   0.045000
-180  -0.080000
-179  -0.035000
-178  -0.010000
-177  -0.070000
-176   0.055000
-175   0.015000
-174   0.010000
-173   0.125000
-172  -0.125000
-171   0.015000
-170  -0.045000
-169  -0.075000
-168   0.060000
-167  -0.020000
-166  -0.040000
-165   0.035000
-164   0.060000
-163  -0.030000
-162   0.045000
-161  -0.030000
-160  -0.015000
-159  -0.050000
-158  -0.060000
-157  -0.035000
-156  -0.020000
-155   0.040000
-154   0.025000
-153  -0.030000
-152  -0.050000
-151   0.020000
-150  -0.045000
-149  -0.100000
-148  -0.045000
-147  -0.000000
-146   0.075000
-145   0.010000
-144   0.105000
-143   0.060000
-142  -0.075000
-141   0.050000
-140  -0.010000
-139  -0.055000
-138   0.025000
-137  -0.035000
-136  -0.015000
-135   0.020000
-134   0.020000
-133  -0.015000
-132  -0.035000
-131  -0.015000
-130   0.040000
-129   0.040000
-128   0.080000
-127   0.020000
-126   0.035000
-125   0.045000
-124  -0.025000
-123   0.045000
-122   0.070000
-121  -0.050000
-120  -0.005000
-119   0.015000
-118   0.005000
-117   0.010000
-116   0.010000
-115   0.080000
-114  -0.010000
-113   0.040000
-112  -0.010000
-111  -0.045000
-110   0.005000
-109  -0.050000
-108  -0.100000
-107  -0.075000
-106   0.045000
-105  -0.025000
-104  -0.100000
-103  -0.100000
-102   0.055000
-101   0.015000
-100   0.025000
-99  -0.020000
-98  -0.000000
-97   0.025000
-96   0.050000
-95  -0.045000
-94  -0.060000
-93  -0.020000
-92  -0.060000
-91   0.020000
-90  -0.020000
-89   0.040000
-88  -0.060000
-87   0.010000
-86   0.015000
-85  -0.010000
-84   0.020000
-83   0.035000
-82  -0.065000
-81  -0.020000
-80  -0.010000
-79  -0.110000
-78  -0.025000
-77  -0.055000
-76  -0.100000
-75  -0.020000
-74  -0.130000
-73  -0.000000
-72   0.020000
-71   0.090000
-70   0.025000
-69  -0.090000
-68   0.020000
-67  -0.025000
-66   0.010000
-65  -0.040000
-64   0.055000
-63   0.020000
-62  -0.020000
-61   0.025000
-60  -0.115000
-59  -0.070000
-58  -0.045000
-57  -0.045000
-56   0.035000
-55   0.060000
-54   0.090000
-53  -0.025000
-52  -0.135000
-51   0.015000
-50   0.060000
-49   0.025000
-48   0.065000
-47   0.045000
-46  -0.045000
-45   0.075000
-44  -0.005000
-43   0.035000
-42   0.060000
-41  -0.040000
-40  -0.050000
-39   0.115000
-38  -0.005000
-37   0.045000
-36  -0.050000
-35   0.010000
-34  -0.025000
-33   0.045000
-32   0.020000
-31  -0.025000
-30  -0.065000
-29   0.010000
-28  -0.060000
-27   0.070000
-26   0.020000
-25  -0.010000
-24  -0.010000
-23   0.030000
-22  -0.040000
-21  -0.065000
-20  -0.030000
-19  -0.015000
-18  -0.010000
-17   0.020000
-16  -0.030000
-15   0.000000
-14  -0.025000
-13   0.020000
-12   0.045000
-11   0.095000
-10   0.020000
-9  -0.010000
-8  -0.095000
-7  -0.040000
-6  -0.020000
-5  -0.025000
-4  -0.125000
-3  -0.005000
-2   0.045000
-1   0.075000
