0   0.025000
1   0.030000
2  -0.020000
3  -0.050000
4  -0.020000
5  -0.035000
6  -0.015000
7  -0.065000
8   0.005000
9  -0.020000
10  -0.025000
11  -0.090000
12   0.090000
13   0.035000
14   0.060000
15   0.090000
16  -0.035000
17  -0.020000
18  -0.015000
19   0.055000
20  -0.000000
21  -0.100000
22  -0.095000
23   0.010000
24  -0.040000
25  -0.065000
26   0.040000
27   0.010000
28   0.065000
29   0.055000
30  -0.030000
31  -0.035000
32   0.070000
33  -0.040000
34   0.020000
35   0.045000
36  -0.005000
37   0.010000
38  -0.030000
39  -0.005000
40  -0.065000
41  -0.000000
42  -0.050000
43   0.020000
44   0.000000
45   0.015000
46  -0.030000
47   0.010000
48   0.095000
49   0.025000
50   0.010000
51   0.050000
52  -0.050000
53   0.005000
54  -0.025000
55  -0.020000
56   0.055000
57  -0.010000
58   0.040000
59  -0.005000
60  -0.100000
61   0.020000
62   0.055000
63  -0.015000
64   0.055000
65   0.010000
66   0.025000
67   0.095000
68  -0.055000
69   0.075000
70  -0.100000
71   0.005000
72   0.050000
73  -0.005000
74   0.025000
75   0.075000
76  -0.010000
77  -0.025000
78   0.045000
79   0.030000
80  -0.060000
81   0.070000
82  -0.080000
83  -0.005000
84  -0.015000
85  -0.025000
86  -0.020000
87  -0.020000
88  -0.010000
89   0.070000
90   0.040000
91   0.045000
92  -0.050000
93  -0.030000
94   0.030000
95  -0.055000
96   0.030000
97   0.060000
98  -0.040000
99  -0.060000
100   0.020000
101   0.010000
102  -0.005000
103   0.050000
104  -0.060000
105  -0.100000
106   0.020000
107  -0.065000
108  -0.005000
109   0.010000
110   0.065000
111  -0.085000
112   0.030000
113   0.015000
114   0.010000
115   0.015000
116  -0.055000
117  -0.025000
118   0.045000
119  -0.085000
120  -0.020000
121  -0.020000
122  -0.085000
123  -0.020000
124   0.060000
125  -0.005000
126  -0.010000
127  -0.075000
128  -0.095000
129  -0.025000
130   0.090000
131  -0.035000
132   0.050000
133  -0.055000
134   0.040000
135  -0.035000
136   0.015000
137   0.055000
138  -0.010000
139  -0.015000
140  -0.060000
141  -0.025000
142  -0.110000
143  -0.020000
144   0.025000
145   0.045000
146   0.035000
147   0.010000
148   0.045000
149  -0.080000
150  -0.070000
151   0.000000
152   0.050000
153   0.120000
154  -0.035000
155   0.030000
156  -0.075000
157  -0.040000
158  -0.035000
159  -0.070000
160   0.000000
161   0.020000
162   0.015000
163  -0.040000
164  -0.035000
165  -0.005000
166  -0.015000
167   0.035000
168  -0.040000
169  -0.035000
170   0.020000
171   0.025000
172  -0.045000
173  -0.045000
174  -0.040000
175  -0.035000
176   0.015000
177   0.025000
178   0.015000
179  -0.085000
180   0.050000
181  -0.030000
182   0.075000
183   0.080000
184  -0.005000
185   0.015000
186  -0.025000
187  -0.025000
188   0.015000
189   0.055000
190   0.005000
191   0.035000
192  -0.030000
193  -0.065000
194  -0.025000
195  -0.050000
196   0.025000
197   0.005000
198   0.065000
199  -0.015000
200  -0.025000
201  -0.050000
202   0.010000
203  -0.030000
204   0.020000
205  -0.050000
206  -0.090000
207  -0.045000
208  -0.005000
209  -0.005000
210  -0.010000
211  -0.015000
212   0.030000
213   0.090000
214   0.070000
215   0.080000
216  -0.065000
217  -0.040000
218  -0.055000
219   0.015000
220   0.005000
221  -0.015000
222  -0.040000
223   0.015000
224  -0.035000
225   0.015000
226  -0.040000
227  -0.020000
228   0.060000
229   0.005000
230   0.115000
231   0.085000
232   0.005000
233  -0.035000
234   0.005000
235   0.050000
236  -0.070000
237   0.090000
238  -0.015000
239  -0.005000
240   0.000000
241   0.030000
242   0.040000
243   0.040000
244   0.125000
245   0.035000
246   0.035000
247  -0.015000
248  -0.030000
249   0.020000
250  -0.035000
251   0.005000
252   0.005000
253  -0.040000
254   0.025000
255  -0.065000
256   0.020000
257   0.020000
258  -0.065000
259  -0.015000
260   0.010000
261   0.080000
262   0.060000
263   0.035000
264   0.020000
265   0.090000
266   0.010000
267  -0.050000
268   0.020000
269   0.025000
270   0.055000
271  -0.045000
272   0.020000
273   0.045000
274   0.020000
275   0.035000
276  -0.070000
277  -0.060000
278   0.030000
279  -0.020000
280   0.020000
281  -0.010000
282  -0.015000
283   0.015000
284   0.095000
285   0.020000
286   0.035000
287   0.010000
288  -0.010000
289   0.030000
290   0.010000
291   0.030000
292   0.015000
293   0.010000
294   0.030000
295   0.030000
296   0.050000
297  -0.045000
298  -0.045000
299   0.010000
300  -0.090000
301  -0.025000
302  -0.025000
303  -0.020000
304   0.020000
305   0.015000
306  -0.095000
307  -0.055000
308  -0.005000
309   0.015000
310  -0.050000
311  -0.005000
312  -0.065000
313  -0.015000
314  -0.065000
315  -0.040000
316   0.000000
317   0.045000
318   0.020000
319   0.050000
320   0.045000
321   0.010000
322  -0.005000
323  -0.010000
324   0.055000
325  -0.090000
326   0.020000
327  -0.090000
328   0.060000
329   0.015000
330  -0.005000
331  -0.005000
332   0.005000
333  -0.010000
334  -0.010000
335  -0.030000
336  -0.075000
337   0.015000
338  -0.030000
339  -0.095000
340  -0.040000
341   0.000000
342   0.035000
343  -0.040000
344   0.045000
345   0.010000
346   0.070000
347  -0.070000
348  -0.055000
349   0.060000
350   0.025000
351  -0.065000
352  -0.025000
353  -0.105000
354   0.005000
355   0.075000
356   0.060000
357  -0.050000
358  -0.045000
359   0.070000
360  -0.135000
361   0.015000
362  -0.070000
363  -0.010000
364   0.005000
365   0.045000
366   0.010000
367  -0.000000
368  -0.085000
369  -0.015000
370  -0.005000
371  -0.070000
372   0.035000
373   0.075000
374  -0.040000
375   0.065000
376  -0.050000
377   0.065000
378  -0.055000
379  -0.020000
380   0.075000
381   0.015000
382  -0.010000
383  -0.065000
384   0.020000
385   0.020000
386   0.045000
387   0.080000
388  -0.035000
389  -0.015000
390   0.020000
391  -0.080000
392  -0.040000
393   0.015000
394   0.125000
395  -0.010000
396   0.040000
397   0.010000
398  -0.010000
399   0.065000
400  -0.010000
401   0.055000
402   0.030000
403   0.025000
404   0.045000
405   0.050000
406   0.015000
407  -0.040000
408   0.065000
409   0.015000
410   0.065000
411  -0.115000
412  -0.015000
413   0.030000
414  -0.015000
415  -0.000000
416   0.125000
417   0.080000
418  -0.050000
419  -0.060000
420   0.025000
421   0.015000
422   0.075000
423   0.020000
424  -0.085000
425  -0.035000
426   0.045000
427  -0.005000
428  -0.015000
429   0.035000
430  -0.115000
431  -0.035000
432   0.025000
433   0.030000
434   0.025000
435  -0.055000
436   0.030000
437   0.100000
438  -0.090000
439   0.010000
440   0.000000
441   0.040000
442  -0.085000
443   0.070000
444  -0.025000
445   0.045000
446   0.110000
447  -0.050000
448  -0.050000
449  -0.085000
450   0.060000
451  -0.020000
452   0.035000
453  -0.055000
454   0.045000
455  -0.005000
456   0.115000
457   0.045000
458   0.035000
459   0.030000
460   0.000000
461   0.015000
462  -0.020000
463  -0.070000
464  -0.020000
465  -0.060000
466   0.025000
467  -0.045000
468  -0.005000
469   0.020000
470   0.075000
471  -0.115000
472   0.030000
473  -0.015000
474   0.030000
475  -0.090000
476  -0.060000
477   0.005000
478  -0.015000
479   0.025000
480   0.045000
481   0.020000
482   0.050000
483   0.035000
484   0.055000
485  -0.025000
486   0.010000
487  -0.065000
488   0.015000
489   0.095000
490  -0.010000
491   0.050000
492  -0.000000
493   0.065000
494  -0.050000
495  -0.030000
496  -0.040000
497  -0.010000
498   0.035000
499   0.000000
500  -0.035000
-499  -0.015000
-498  -0.025000
-497   0.040000
-496  -0.015000
-495  -0.035000
-494   0.045000
-493  -0.015000
-492   0.035000
-491  -0.005000
-490  -0.045000
-489  -0.035000
-488  -0.055000
-487   0.040000
-486  -0.020000
-485  -0.065000
-484   0.010000
-483   0.010000
-482  -0.010000
-481  -0.015000
-480   0.005000
-479   0.055000
-478   0.055000
-477   0.020000
-476   0.060000
-475   0.035000
-474  -0.135000
-473   0.020000
-472   0.035000
-471  -0.030000
-470   0.020000
-469  -0.020000
-468  -0.120000
-467  -0.015000
-466  -0.060000
-465  -0.065000
-464  -0.045000
-463   0.005000
-462  -0.055000
-461   0.005000
-460   0.095000
-459   0.030000
-458   0.000000
-457   0.115000
-456  -0.025000
-455   0.055000
-454  -0.000000
-453  -0.060000
-452   0.025000
-451  -0.035000
-450   0.065000
-449  -0.040000
-448   0.025000
-447   0.090000
-446  -0.055000
-445  -0.010000
-444  -0.035000
-443   0.060000
-442  -0.025000
-441   0.020000
-440   0.075000
-439   0.035000
-438   0.030000
-437  -0.040000
-436   0.025000
-435   0.035000
-434   0.050000
-433   0.075000
-432  -0.025000
-431   0.030000
-430  -0.035000
-429   0.020000
-428  -0.055000
-427   0.050000
-426   0.055000
-425  -0.110000
-424   0.025000
-423   0.035000
-422  -0.025000
-421   0.080000
-420  -0.105000
-419  -0.005000
-418  -0.000000
-417  -0.035000
-416  -0.060000
-415   0.000000
-414   0.020000
-413  -0.070000
-412  -0.070000
-411   0.050000
-410   0.100000
-409  -0.080000
-408  -0.040000
-407   0.065000
-406  -0.010000
-405   0.090000
-404  -0.060000
-403   0.015000
-402  -0.020000
-401  -0.040000
-400  -0.065000
-399   0.025000
-398  -0.005000
-397   0.035000
-396  -0.030000
-395  -0.010000
-394  -0.105000
-393   0.020000
-392  -0.040000
-391  -0.010000
-390  -0.050000
-389  -0.045000
-388  -0.060000
-387  -0.020000
-386   0.075000
-385  -0.060000
-384   0.040000
-383   0.005000
-382   0.050000
-381  -0.040000
-380  -0.040000
-379  -0.020000
-378  -0.010000
-377  -0.025000
-376  -0.010000
-375   0.020000
-374   0.035000
-373   0.010000
-372  -0.055000
-371   0.020000
-370  -0.035000
-369   0.055000
-368   0.035000
-367   0.035000
-366   0.060000
-365   0.080000
-364   0.005000
-363   0.045000
-362   0.075000
-361   0.025000
-360  -0.070000
-359  -0.090000
-358   0.080000
-357  -0.015000
-356  -0.040000
-355  -0.030000
-354  -0.040000
-353  -0.055000
-352  -0.055000
-351   0.000000
-350   0.065000
-349   0.075000
-348  -0.020000
-347  -0.005000
-346  -0.070000
-345   0.070000
-344   0.010000
-343   0.035000
-342  -0.040000
-341   0.085000
-340   0.085000
-339  -0.005000
-338   0.040000
-337  -0.010000
-336  -0.025000
-335   0.025000
-334   0.010000
-333  -0.035000
-332  -0.040000
-331  -0.025000
-330  -0.035000
-329   0.030000
-328   0.005000
-327  -0.040000
-326   0.040000
-325   0.070000
-324   0.010000
-323  -0.045000
-322   0.025000
-321   0.015000
-320   0.010000
-319   0.045000
-318   0.015000
-317  -0.015000
-316   0.065000
-315  -0.050000
-314  -0.100000
-313   0.030000
-312   0.090000
-311   0.050000
-310   0.005000
-309  -0.030000
-308  -0.025000
-307  -0.010000
-306  -0.050000
-305  -0.115000
-304   0.015000
-303  -0.045000
-302  -0.050000
-301   0.060000
-300   0.070000
-299  -0.005000
-298  -0.015000
-297  -0.005000
-296  -0.105000
-295   0.000000
-294   0.015000
-293  -0.055000
-292  -0.005000
-291   0.005000
-290   0.020000
-289   0.095000
-288   0.065000
-287   0.000000
-286   0.030000
-285  -0.110000
-284  -0.050000
-283  -0.065000
-282   0.040000
-281  -0.035000
-280  -0.020000
-279   0.025000
-278  -0.020000
-277  -0.010000
-276  -0.055000
-275  -0.045000
-274  -0.015000
-273  -0.005000
-272   0.055000
-271  -0.030000
-270   0.040000
-269   0.010000
-268  -0.010000
-267  -0.030000
-266  -0.035000
-265   0.020000
-264  -0.080000
-263  -0.020000
-262   0.025000
-261  -0.030000
-260  -0.120000
-259  -0.050000
-258  -0.025000
-257   0.005000
-256   0.055000
-255   0.125000
-254  -0.010000
-253   0.030000
-252  -0.080000
-251   0.005000
-250  -0.020000
-249   0.065000
-248   0.020000
-247   0.040000
-246   0.010000
-245  -0.065000
-244   0.130000
-243  -0.040000
-242   0.035000
-241   0.015000
-240   0.030000
-239  -0.025000
-238  -0.090000
-237  -0.010000
-236   0.075000
-235   0.040000
-234  -0.000000
-233   0.015000
-232  -0.060000
-231  -0.075000
-230  -0.025000
-229   0.025000
-228  -0.020000
-227  -0.080000
-226  -0.040000
-225   0.065000
-224  -0.075000
-223   0.060000
-222   0.060000
-221  -0.015000
-220  -0.040000
-219  -0.075000
-218  -0.005000
-217  -0.050000
-216   0.020000
-215  -0.045000
-214   0.065000
-213  -0.050000
-212  -0.120000
-211  -0.035000
-210  -0.055000
-209  -0.060000
-208  -0.115000
-207  -0.020000
-206   0.015000
-205  -0.015000
-204  -0.030000
-203  -0.015000
-202  -0.010000
-201   0.020000
-200  -0.005000
-199  -0.065000
-198   0.010000
-197   0.105000
-196  -0.005000
-195   0.000000
-194  -0.060000
-193   0.005000
-192   0.005000
-191   0.060000
-190  -0.005000
-189  -0.005000
-188   0.120000
-187   0.000000
-186  -0.035000
-185   0.030000
-184   0.035000
-183   0.005000
-182  -0.030000
-181   0.020000
-180   0.065000
-179  -0.015000
-178  -0.095000
-177  -0.020000
-176  -0.045000
-175   0.055000
-174   0.015000
-173   0.045000
-172   0.065000
-171  -0.050000
-170  -0.040000
-169   0.025000
-168  -0.005000
-167   0.015000
-166   0.015000
-165  -0.000000
-164   0.015000
-163   0.005000
-162  -0.065000
-161  -0.015000
-160  -0.040000
-159   0.040000
-158   0.045000
-157   0.015000
-156   0.035000
-155  -0.085000
-154   0.005000
-153   0.045000
-152  -0.010000
-151  -0.010000
-150   0.010000
-149   0.000000
-148  -0.045000
-147   0.030000
-146   0.020000
-145  -0.105000
-144   0.100000
-143  -0.065000
-142  -0.015000
-141   0.060000
-140  -0.060000
-139   0.030000
-138  -0.050000
-137   0.115000
-136   0.045000
-135   0.015000
-134  -0.060000
-133  -0.010000
-132  -0.015000
-131   0.000000
-130  -0.035000
-129  -0.020000
-128   0.005000
-127   0.060000
-126   0.065000
-125   0.010000
-124   0.075000
-123   0.065000
-122   0.030000
-121   0.040000
-120  -0.010000
-119   0.015000
-118  -0.035000
-117   0.000000
-116  -0.095000
-115   0.050000
-114   0.005000
-113  -0.020000
-112   0.055000
-111  -0.020000
-110   0.050000
-109   0.115000
-108   0.070000
-107  -0.020000
-106  -0.015000
-105   0.015000
-104   0.015000
-103   0.040000
-102   0.045000
-101   0.005000
-100   0.055000
-99   0.010000
-98  -0.025000
-97   0.030000
-96  -0.060000
-95   0.040000
-94  -0.100000
-93   0.045000
-92  -0.040000
-91   0.000000
-90  -0.045000
-89   0.030000
-88   0.110000
-87   0.030000
-86  -0.055000
-85  -0.060000
-84  -0.020000
-83   0.025000
-82  -0.025000
-81   0.015000
-80   0.020000
-79   0.050000
-78  -0.075000
-77  -0.090000
-76   0.080000
-75   0.045000
-74   0.025000
-73  -0.020000
-72  -0.095000
-71  -0.070000
-70  -0.050000
-69   0.040000
-68   0.025000
-67  -0.015000
-66   0.085000
-65   0.080000
-64  -0.025000
-63  -0.010000
-62   0.090000
-61  -0.045000
-60   0.020000
-59  -0.010000
-58   0.035000
-57  -0.035000
-56   0.040000
-55  -0.020000
-54  -0.005000
-53  -0.035000
-52   0.060000
-51  -0.110000
-50   0.045000
-49   0.025000
-48  -0.050000
-47   0.065000
-46   0.045000
-45   0.010000
-44  -0.010000
-43  -0.000000
-42  -0.060000
-41   0.050000
-40  -0.060000
-39   0.045000
-38  -0.050000
-37   0.025000
-36   0.045000
-35   0.025000
-34   0.040000
-33   0.020000
-32   0.045000
-31  -0.010000
-30   0.080000
-29   0.015000
-28   0.010000
-27  -0.040000
-26   0.065000
-25  -0.035000
-24   0.035000
-23  -0.075000
-22  -0.015000
-21   0.090000
-20   0.020000
-19   0.055000
-18   0.000000
-17  -0.010000
-16  -0.060000
-15  -0.045000
-14   0.065000
-13  -0.030000
-12  -0.035000
-11   0.110000
-10   0.035000
-9  -0.055000
-8   0.145000
-7  -0.065000
-6   0.015000
-5  -0.010000
-4   0.000000
-3  -0.020000
-2  -0.010000
-1  -0.040000
