0   0.085000
1   0.030000
2   0.075000
3   0.005000
4  -0.055000
5   0.010000
6   0.020000
7  -0.080000
8  -0.050000
9   0.130000
10   0.040000
11  -0.080000
12   0.065000
13  -0.050000
14  -0.055000
15  -0.025000
16   0.070000
17   0.115000
18   0.050000
19  -0.115000
20  -0.030000
21  -0.015000
22  -0.040000
23  -0.020000
24  -0.105000
25   0.035000
26   0.060000
27   0.040000
28   0.000000
29   0.080000
30  -0.050000
31  -0.015000
32   0.025000
33   0.005000
34  -0.045000
35  -0.015000
36   0.050000
37  -0.040000
38  -0.040000
39  -0.035000
40  -0.045000
41   0.030000
42  -0.020000
43   0.005000
44  -0.105000
45   0.015000
46   0.020000
47   0.015000
48  -0.010000
49   0.035000
50  -0.065000
51  -0.005000
52   0.060000
53   0.075000
54  -0.050000
55   0.090000
56  -0.010000
57  -0.005000
58   0.015000
59   0.065000
60  -0.040000
61  -0.000000
62  -0.005000
63  -0.055000
64   0.020000
65  -0.045000
66   0.025000
67   0.060000
68  -0.130000
69   0.030000
70  -0.025000
71  -0.055000
72   0.010000
73   0.010000
74   0.035000
75  -0.005000
76  -0.025000
77  -0.015000
78   0.045000
79  -0.020000
80  -0.025000
81   0.005000
82   0.035000
83   0.010000
84   0.005000
85   0.015000
86   0.005000
87   0.020000
88  -0.025000
89  -0.095000
90  -0.050000
91   0.005000
92  -0.005000
93   0.000000
94  -0.055000
95  -0.055000
96  -0.055000
97   0.050000
98  -0.005000
99  -0.020000
100  -0.015000
101   0.045000
102  -0.050000
103   0.045000
104  -0.065000
105  -0.005000
106   0.060000
107  -0.005000
108  -0.065000
109  -0.095000
110   0.025000
111   0.005000
112   0.120000
113  -0.020000
114  -0.030000
115   0.020000
116   0.055000
117   0.055000
118  -0.025000
119  -0.050000
120  -0.040000
121  -0.035000
122   0.045000
123  -0.025000
124  -0.010000
125  -0.065000
126   0.050000
127  -0.015000
128  -0.040000
129   0.015000
130  -0.055000
131  -0.030000
132   0.075000
133  -0.015000
134   0.055000
135  -0.045000
136   0.010000
137   0.025000
138   0.015000
139   0.060000
140  -0.010000
141  -0.095000
142  -0.025000
143  -0.055000
144   0.015000
145  -0.050000
146   0.000000
147  -0.035000
148   0.005000
149   0.060000
150   0.080000
151   0.025000
152  -0.000000
153   0.045000
154   0.030000
155  -0.000000
156  -0.020000
157   0.025000
158   0.080000
159   0.000000
160  -0.025000
161   0.000000
162  -0.040000
163   0.060000
164  -0.060000
165  -0.045000
166  -0.025000
167   0.015000
168   0.030000
169  -0.025000
170   0.045000
171  -0.025000
172  -0.050000
173   0.075000
174  -0.010000
175  -0.005000
176   0.030000
177   0.000000
178  -0.045000
179   0.030000
180   0.000000
181   0.025000
182   0.085000
183  -0.110000
184   0.110000
185  -0.070000
186  -0.020000
187  -0.060000
188   0.030000
189   0.005000
190  -0.005000
191   0.050000
192  -0.030000
193  -0.020000
194  -0.065000
195   0.005000
196  -0.095000
197  -0.065000
198  -0.075000
199   0.010000
200   0.045000
201   0.005000
202   0.060000
203   0.040000
204   0.085000
205   0.070000
206  -0.045000
207  -0.050000
208  -0.085000
209   0.050000
210  -0.030000
211   0.115000
212   0.135000
213  -0.085000
214  -0.060000
215   0.005000
216  -0.005000
217  -0.085000
218   0.080000
219  -0.010000
220   0.080000
221   0.095000
222  -0.085000
223   0.025000
224   0.055000
225  -0.090000
226  -0.025000
227  -0.085000
228  -0.035000
229   0.050000
230  -0.050000
231   0.030000
232  -0.035000
233  -0.035000
234  -0.130000
235   0.045000
236  -0.055000
237   0.085000
238  -0.035000
239  -0.070000
240  -0.005000
241  -0.000000
242   0.140000
243  -0.015000
244   0.065000
245  -0.010000
246   0.035000
247   0.065000
248  -0.010000
249  -0.025000
250   0.060000
251   0.060000
252   0.055000
253  -0.000000
254  -0.045000
255   0.000000
256  -0.010000
257   0.040000
258   0.085000
259   0.075000
260  -0.070000
261  -0.020000
262   0.025000
263  -0.005000
264   0.000000
265  -0.005000
266   0.135000
267   0.005000
268   0.060000
269   0.005000
270  -0.040000
271   0.040000
272   0.010000
273   0.025000
274   0.010000
275   0.045000
276  -0.030000
277   0.050000
278  -0.060000
279  -0.010000
280  -0.055000
281  -0.050000
282   0.050000
283  -0.035000
284   0.040000
285  -0.105000
286   0.030000
287  -0.005000
288  -0.010000
289   0.060000
290   0.050000
291  -0.090000
292  -0.010000
293   0.010000
294  -0.070000
295   0.035000
296   0.125000
297   0.030000
298  -0.055000
299  -0.025000
300   0.050000
301  -0.045000
302  -0.030000
303  -0.040000
304   0.005000
305  -0.025000
306   0.035000
307  -0.010000
308  -0.020000
309  -0.000000
310  -0.025000
311   0.005000
312  -0.010000
313  -0.005000
314  -0.015000
315   0.080000
316   0.055000
317  -0.010000
318  -0.020000
319  -0.010000
320   0.000000
321  -0.055000
322  -0.005000
323   0.010000
324  -0.045000
325   0.070000
326   0.095000
327  -0.105000
328   0.010000
329  -0.030000
330   0.045000
331   0.070000
332  -0.135000
333  -0.020000
334  -0.060000
335   0.050000
336  -0.070000
337  -0.045000
338  -0.030000
339   0.015000
340  -0.065000
341   0.110000
342   0.030000
343   0.045000
344   0.045000
345  -0.025000
346   0.015000
347  -0.010000
348   0.000000
349   0.040000
350  -0.015000
351  -0.080000
352  -0.010000
353  -0.050000
354  -0.015000
355   0.010000
356  -0.005000
357   0.090000
358  -0.035000
359   0.030000
360  -0.095000
361   0.065000
362  -0.015000
363  -0.075000
364   0.020000
365  -0.020000
366   0.045000
367   0.015000
368  -0.025000
369   0.015000
370  -0.015000
371  -0.065000
372   0.055000
373   0.010000
374  -0.050000
375  -0.020000
376   0.070000
377   0.020000
378  -0.020000
379   0.040000
380   0.005000
381   0.045000
382  -0.010000
383   0.020000
384  -0.015000
385   0.040000
386  -0.065000
387   0.030000
388   0.035000
389  -0.080000
390  -0.065000
391   0.030000
392   0.020000
393   0.005000
394  -0.050000
395  -0.045000
396   0.020000
397   0.010000
398   0.050000
399   0.025000
400   0.055000
401   0.000000
402  -0.070000
403   0.040000
404  -0.100000
405  -0.005000
406   0.015000
407  -0.035000
408   0.005000
409  -0.005000
410  -0.010000
411  -0.075000
412  -0.030000
413   0.025000
414  -0.030000
415  -0.030000
416   0.040000
417  -0.030000
418   0.010000
419  -0.080000
420  -0.020000
421  -0.015000
422  -0.095000
423  -0.050000
424   0.005000
425   0.010000
426  -0.070000
427   0.025000
428   0.035000
429   0.020000
430   0.030000
431   0.035000
432  -0.005000
433   0.030000
434   0.010000
435   0.075000
436  -0.020000
437  -0.020000
438  -0.025000
439   0.000000
440  -0.060000
441   0.110000
442  -0.130000
443  -0.015000
444  -0.005000
445  -0.040000
446   0.030000
447  -0.025000
448   0.100000
449  -0.050000
450  -0.065000
451   0.035000
452  -0.040000
453  -0.010000
454   0.035000
455   0.010000
456   0.025000
457  -0.005000
458  -0.025000
459   0.055000
460   0.040000
461  -0.015000
462   0.040000
463  -0.025000
464   0.015000
465  -0.035000
466  -0.020000
467   0.010000
468  -0.020000
469  -0.025000
470  -0.060000
471  -0.070000
472  -0.050000
473  -0.105000
474   0.005000
475  -0.025000
476   0.005000
477  -0.040000
478   0.065000
479  -0.025000
480   0.025000
481  -0.020000
482   0.025000
483  -0.075000
484  -0.035000
485   0.095000
486   0.095000
487   0.035000
488  -0.060000
489   0.035000
490  -0.005000
491  -0.075000
492   0.060000
493  -0.060000
494   0.065000
495   0.050000
496  -0.025000
497  -0.065000
498   0.005000
499   0.005000
500  -0.010000
-499  -0.010000
-498  -0.020000
-497  -0.005000
-496   0.050000
-495   0.090000
-494  -0.040000
-493   0.005000
-492  -0.035000
-491   0.080000
-490   0.025000
-489  -0.005000
-488   0.045000
-487   0.030000
-486  -0.015000
-485  -0.050000
-484   0.075000
-483   0.020000
-482  -0.025000
-481   0.045000
-480   0.010000
-479  -0.035000
-478   0.025000
-477  -0.070000
-476  -0.030000
-475  -0.050000
-474   0.085000
-473   0.000000
-472   0.035000
-471   0.030000
-470   0.055000
-469  -0.070000
-468  -0.065000
-467   0.015000
-466   0.025000
-465  -0.095000
-464  -0.040000
-463   0.000000
-462   0.060000
-461  -0.050000
-460  -0.040000
-459  -0.005000
-458  -0.040000
-457   0.005000
-456  -0.040000
-455   0.040000
-454   0.050000
-453  -0.040000
-452   0.000000
-451  -0.035000
-450   0.000000
-449  -0.000000
-448  -0.105000
-447  -0.055000
-446  -0.005000
-445  -0.035000
-444   0.005000
-443   0.030000
-442   0.065000
-441  -0.015000
-440  -0.010000
-439   0.030000
-438   0.035000
-437   0.085000
-436  -0.030000
-435   0.005000
-434   0.005000
-433   0.015000
-432   0.025000
-431   0.045000
-430  -0.120000
-429  -0.070000
-428  -0.040000
-427   0.055000
-426  -0.045000
-425  -0.020000
-424  -0.060000
-423  -0.015000
-422   0.005000
-421  -0.005000
-420   0.050000
-419   0.070000
-418  -0.005000
-417   0.080000
-416  -0.015000
-415   0.050000
-414  -0.030000
-413   0.015000
-412   0.000000
-411  -0.085000
-410  -0.005000
-409   0.055000
-408  -0.030000
-407  -0.090000
-406   0.055000
-405   0.005000
-404   0.075000
-403   0.005000
-402   0.030000
-401  -0.060000
-400  -0.040000
-399  -0.030000
-398   0.095000
-397   0.050000
-396  -0.025000
-395  -0.070000
-394   0.000000
-393  -0.060000
-392   0.025000
-391  -0.035000
-390   0.060000
-389   0.000000
-388  -0.005000
-387   0.005000
-386   0.005000
-385   0.005000
-384  -0.040000
-383   0.010000
-382  -0.020000
-381  -0.020000
-380  -0.065000
-379  -0.075000
-378  -0.060000
-377   0.010000
-376   0.015000
-375   0.040000
-374  -0.125000
-373   0.010000
-372   0.050000
-371   0.060000
-370  -0.055000
-369  -0.035000
-368  -0.000000
-367  -0.030000
-366  -0.020000
-365   0.025000
-364  -0.025000
-363   0.035000
-362   0.055000
-361   0.020000
-360  -0.005000
-359  -0.065000
-358  -0.005000
-357   0.020000
-356  -0.015000
-355  -0.050000
-354   0.030000
-353   0.060000
-352   0.030000
-351   0.055000
-350   0.050000
-349  -0.010000
-348  -0.010000
-347  -0.030000
-346   0.035000
-345   0.070000
-344  -0.020000
-343   0.010000
-342   0.090000
-341   0.055000
-340  -0.065000
-339  -0.030000
-338   0.045000
-337   0.055000
-336  -0.040000
-335   0.040000
-334  -0.005000
-333  -0.025000
-332   0.015000
-331   0.040000
-330   0.000000
-329  -0.055000
-328  -0.035000
-327  -0.025000
-326  -0.020000
-325  -0.035000
-324  -0.070000
-323  -0.055000
-322   0.040000
-321   0.015000
-320   0.000000
-319  -0.020000
-318   0.035000
-317   0.045000
-316  -0.050000
-315  -0.020000
-314   0.035000
-313  -0.005000
-312   0.010000
-311   0.005000
-310  -0.075000
-309  -0.040000
-308  -0.005000
-307  -0.040000
-306   0.010000
-305  -0.050000
-304  -0.035000
-303   0.060000
-302  -0.020000
-301  -0.070000
-300  -0.030000
-299  -0.055000
-298   0.090000
-297   0.020000
-296   0.015000
-295  -0.000000
-294  -0.075000
-293  -0.035000
-292  -0.005000
-291   0.035000
-290  -0.035000
-289  -0.030000
-288   0.025000
-287   0.025000
-286  -0.000000
-285  -0.090000
-284  -0.005000
-283  -0.040000
-282   0.045000
-281   0.060000
-280   0.050000
-279  -0.070000
-278   0.050000
-277  -0.100000
-276   0.010000
-275  -0.015000
-274  -0.090000
-273  -0.035000
-272  -0.020000
-271  -0.010000
-270   0.015000
-269   0.005000
-268  -0.005000
-267  -0.050000
-266   0.005000
-265   0.020000
-264   0.020000
-263  -0.005000
-262   0.035000
-261   0.010000
-260   0.045000
-259   0.095000
-258  -0.015000
-257   0.010000
-256   0.040000
-255  -0.020000
-254  -0.040000
-253   0.020000
-252  -0.010000
-251   0.095000
-250   0.070000
-249   0.055000
-248   0.060000
-247  -0.050000
-246   0.070000
-245  -0.020000
-244   0.020000
-243  -0.040000
-242   0.035000
-241  -0.035000
-240  -0.035000
-239   0.035000
-238   0.005000
-237   0.000000
-236   0.005000
-235  -0.010000
-234  -0.055000
-233  -0.025000
-232  -0.020000
-231  -0.015000
-230   0.060000
-229   0.025000
-228   0.070000
-227  -0.025000
-226  -0.030000
-225  -0.010000
-224   0.010000
-223  -0.025000
-222   0.035000
-221  -0.030000
-220   0.005000
-219  -0.010000
-218   0.020000
-217  -0.020000
-216  -0.005000
-215   0.000000
-214  -0.000000
-213  -0.050000
-212  -0.060000
-211  -0.070000
-210   0.005000
-209   0.015000
-208   0.090000
-207   0.050000
-206  -0.020000
-205  -0.015000
-204  -0.010000
-203  -0.020000
-202   0.005000
-201   0.000000
-200  -0.105000
-199   0.025000
-198  -0.120000
-197  -0.040000
-196   0.110000
-195   0.050000
-194  -0.115000
-193  -0.080000
-192  -0.060000
-191   0.055000
-190   0.080000
-189  -0.005000
-188  -0.045000
-187   0.020000
-186   0.010000
-185  -0.005000
-184  -0.015000
-183   0.005000
-182  -0.100000
-181   0.045000
-180   0.045000
-179  -0.100000
-178  -0.015000
-177   0.085000
-176   0.050000
-175   0.105000
-174  -0.065000
-173  -0.085000
-172   0.005000
-171   0.040000
-170   0.055000
-169  -0.070000
-168   0.000000
-167  -0.000000
-166  -0.035000
-165   0.070000
-164   0.030000
-163   0.050000
-162   0.055000
-161   0.020000
-160  -0.005000
-159  -0.040000
-158  -0.020000
-157  -0.155000
-156   0.100000
-155  -0.025000
-154   0.015000
-153   0.115000
-152  -0.025000
-151   0.060000
-150   0.005000
-149  -0.010000
-148   0.100000
-147  -0.010000
-146   0.065000
-145   0.110000
-144  -0.010000
-143   0.045000
-142  -0.080000
-141   0.005000
-140  -0.025000
-139  -0.025000
-138  -0.020000
-137   0.065000
-136  -0.015000
-135  -0.075000
-134   0.000000
-133   0.050000
-132  -0.055000
-131  -0.055000
-130  -0.050000
-129   0.045000
-128   0.020000
-127   0.020000
-126  -0.010000
-125   0.105000
-124   0.010000
-123  -0.005000
-122   0.010000
-121  -0.065000
-120   0.075000
-119   0.020000
-118   0.020000
-117  -0.030000
-116   0.025000
-115   0.025000
-114  -0.020000
-113   0.040000
-112  -0.020000
-111  -0.025000
-110  -0.005000
-109   0.035000
-108   0.005000
-107  -0.040000
-106  -0.015000
-105  -0.035000
-104  -0.060000
-103  -0.035000
-102  -0.065000
-101   0.000000
-100   0.005000
-99   0.050000
-98   0.045000
-97  -0.050000
-96  -0.095000
-95   0.025000
-94   0.030000
-93  -0.065000
-92   0.050000
-91   0.015000
-90   0.010000
-89  -0.025000
-88   0.030000
-87   0.015000
-86   0.015000
-85  -0.060000
-84  -0.025000
-83   0.045000
-82  -0.045000
-81   0.095000
-80  -0.005000
-79   0.070000
-78  -0.030000
-77  -0.025000
-76  -0.010000
-75   0.070000
-74  -0.105000
-73   0.070000
-72   0.080000
-71  -0.000000
-70  -0.005000
-69   0.015000
-68   0.055000
-67  -0.045000
-66  -0.010000
-65   0.060000
-64  -0.030000
-63  -0.005000
-62   0.005000
-61   0.085000
-60   0.000000
-59   0.070000
-58  -0.045000
-57   0.025000
-56   0.015000
-55  -0.070000
-54  -0.005000
-53  -0.030000
-52   0.010000
-51   0.095000
-50  -0.095000
-49   0.005000
-48  -0.010000
-47   0.055000
-46  -0.080000
-45  -0.075000
-44  -0.070000
-43  -0.025000
-42  -0.025000
-41  -0.015000
-40   0.005000
-39   0.030000
-38   0.050000
-37  -0.015000
-36  -0.020000
-35  -0.035000
-34  -0.005000
-33  -0.035000
-32  -0.030000
-31  -0.015000
-30  -0.050000
-29  -0.050000
-28  -0.075000
-27   0.060000
-26   0.000000
-25  -0.015000
-24  -0.040000
-23   0.075000
-22  -0.090000
-21  -0.055000
-20  -0.055000
-19  -0.020000
-18   0.005000
-17  -0.035000
-16  -0.045000
-15   0.075000
-14   0.060000
-13   0.070000
-12  -0.010000
-11   0.055000
-10  -0.035000
-9  -0.070000
-8  -0.100000
-7   0.005000
-6  -0.065000
-5  -0.030000
-4  -0.135000
-3   0.025000
-2  -0.065000
-1   0.005000
