0   0.040000
1  -0.060000
2   0.030000
3   0.045000
4   0.010000
5   0.055000
6   0.000000
7   0.055000
8   0.085000
9  -0.005000
10   0.005000
11   0.025000
12  -0.070000
13   0.005000
14   0.075000
15  -0.040000
16  -0.015000
17   0.020000
18  -0.075000
19  -0.090000
20  -0.055000
21  -0.035000
22  -0.050000
23  -0.030000
24   0.050000
25  -0.025000
26  -0.030000
27   0.055000
28   0.020000
29  -0.000000
30   0.085000
31   0.075000
32  -0.020000
33  -0.020000
34   0.080000
35  -0.050000
36  -0.045000
37  -0.060000
38   0.060000
39  -0.000000
40  -0.010000
41  -0.030000
42   0.100000
43  -0.090000
44  -0.005000
45  -0.000000
46  -0.055000
47   0.055000
48   0.000000
49   0.110000
50  -0.020000
51   0.025000
52   0.055000
53  -0.030000
54   0.035000
55   0.010000
56   0.045000
57   0.005000
58  -0.050000
59  -0.040000
60   0.145000
61  -0.050000
62  -0.020000
63   0.070000
64  -0.040000
65   0.020000
66   0.090000
67   0.060000
68   0.040000
69   0.055000
70   0.000000
71  -0.035000
72  -0.045000
73   0.040000
74   0.100000
75  -0.015000
76  -0.050000
77  -0.025000
78  -0.050000
79  -0.025000
80  -0.050000
81  -0.075000
82  -0.040000
83  -0.040000
84  -0.005000
85  -0.015000
86  -0.095000
87   0.025000
88   0.005000
89   0.085000
90   0.095000
91   0.055000
92  -0.020000
93  -0.010000
94  -0.035000
95  -0.005000
96  -0.005000
97  -0.050000
98  -0.030000
99  -0.060000
100  -0.025000
101  -0.015000
102   0.035000
103   0.005000
104  -0.115000
105   0.000000
106   0.050000
107   0.020000
108   0.045000
109  -0.105000
110   0.065000
111   0.025000
112   0.060000
113  -0.015000
114  -0.045000
115   0.050000
116  -0.015000
117   0.050000
118   0.030000
119   0.030000
120  -0.020000
121  -0.030000
122   0.070000
123   0.035000
124   0.055000
125  -0.015000
126  -0.020000
127  -0.040000
128   0.015000
129   0.005000
130   0.010000
131  -0.010000
132  -0.035000
133  -0.010000
134  -0.025000
135  -0.025000
136   0.035000
137  -0.035000
138  -0.050000
139  -0.005000
140   0.030000
141  -0.110000
142   0.005000
143  -0.015000
144   0.005000
145   0.085000
146   0.005000
147   0.005000
148  -0.015000
149  -0.025000
150  -0.055000
151   0.040000
152  -0.075000
153   0.015000
154   0.005000
155   0.010000
156  -0.040000
157   0.065000
158  -0.065000
159   0.005000
160   0.045000
161  -0.065000
162   0.065000
163   0.035000
164   0.085000
165  -0.015000
166  -0.110000
167  -0.035000
168  -0.025000
169  -0.000000
170  -0.080000
171  -0.075000
172  -0.065000
173  -0.040000
174  -0.015000
175  -0.015000
176  -0.135000
177   0.040000
178   0.115000
179  -0.005000
180  -0.050000
181  -0.020000
182  -0.005000
183  -0.015000
184  -0.030000
185  -0.020000
186   0.010000
187  -0.065000
188  -0.040000
189   0.025000
190   0.060000
191   0.105000
192   0.085000
193   0.025000
194   0.065000
195  -0.070000
196   0.040000
197   0.005000
198   0.000000
199   0.010000
200  -0.095000
201  -0.025000
202   0.020000
203  -0.135000
204   0.015000
205   0.005000
206  -0.060000
207   0.025000
208  -0.035000
209  -0.085000
210  -0.000000
211   0.015000
212   0.060000
213  -0.015000
214  -0.020000
215   0.065000
216   0.090000
217  -0.025000
218  -0.005000
219  -0.025000
220  -0.065000
221  -0.035000
222  -0.070000
223  -0.055000
224   0.015000
225   0.055000
226  -0.115000
227   0.045000
228   0.000000
229   0.010000
230  -0.005000
231   0.105000
232   0.090000
233  -0.005000
234  -0.000000
235   0.040000
236  -0.040000
237  -0.055000
238   0.015000
239   0.055000
240   0.020000
241  -0.025000
242   0.055000
243  -0.040000
244   0.060000
245  -0.015000
246  -0.035000
247   0.105000
248   0.015000
249  -0.130000
250   0.085000
251  -0.070000
252   0.040000
253   0.115000
254  -0.085000
255  -0.040000
256   0.020000
257  -0.020000
258  -0.030000
259  -0.055000
260  -0.035000
261   0.030000
262  -0.025000
263   0.000000
264  -0.010000
265  -0.100000
266   0.030000
267   0.030000
268   0.110000
269  -0.065000
270  -0.080000
271   0.060000
272  -0.030000
273  -0.035000
274   0.040000
275  -0.035000
276  -0.055000
277   0.015000
278   0.025000
279  -0.035000
280  -0.005000
281   0.055000
282   0.025000
283  -0.025000
284   0.010000
285   0.140000
286   0.085000
287   0.025000
288   0.080000
289   0.090000
290  -0.060000
291  -0.010000
292  -0.035000
293  -0.010000
294  -0.005000
295  -0.020000
296   0.025000
297   0.055000
298   0.075000
299  -0.020000
300   0.025000
301  -0.070000
302   0.060000
303   0.045000
304   0.055000
305  -0.020000
306  -0.015000
307   0.005000
308  -0.020000
309  -0.005000
310   0.040000
311  -0.020000
312   0.050000
313  -0.010000
314  -0.025000
315   0.010000
316   0.015000
317   0.010000
318   0.005000
319   0.125000
320   0.075000
321  -0.065000
322  -0.130000
323  -0.025000
324   0.065000
325  -0.020000
326   0.065000
327   0.070000
328   0.120000
329  -0.080000
330   0.015000
331  -0.065000
332  -0.035000
333   0.050000
334   0.100000
335   0.055000
336   0.000000
337  -0.000000
338  -0.010000
339   0.055000
340   0.110000
341   0.010000
342  -0.010000
343  -0.100000
344   0.010000
345  -0.010000
346   0.005000
347  -0.015000
348  -0.065000
349  -0.030000
350  -0.020000
351  -0.025000
352  -0.030000
353   0.045000
354   0.055000
355   0.020000
356   0.040000
357   0.010000
358  -0.090000
359   0.045000
360  -0.030000
361   0.010000
362  -0.005000
363   0.005000
364   0.025000
365   0.025000
366   0.035000
367  -0.090000
368   0.010000
369   0.010000
370   0.020000
371  -0.035000
372   0.000000
373   0.075000
374  -0.005000
375   0.025000
376   0.020000
377  -0.035000
378   0.110000
379   0.025000
380  -0.015000
381  -0.020000
382   0.045000
383   0.045000
384   0.075000
385   0.000000
386  -0.060000
387   0.020000
388   0.090000
389   0.095000
390  -0.065000
391   0.005000
392  -0.045000
393   0.010000
394  -0.030000
395   0.035000
396   0.050000
397   0.015000
398  -0.055000
399  -0.045000
400  -0.055000
401  -0.020000
402   0.035000
403   0.005000
404   0.090000
405  -0.020000
406   0.090000
407   0.025000
408   0.015000
409  -0.005000
410  -0.015000
411   0.015000
412  -0.095000
413  -0.040000
414   0.055000
415  -0.025000
416   0.025000
417   0.030000
418  -0.035000
419  -0.110000
420   0.070000
421  -0.025000
422  -0.030000
423   0.000000
424  -0.060000
425  -0.025000
426  -0.030000
427   0.000000
428   0.020000
429  -0.080000
430   0.035000
431  -0.035000
432  -0.045000
433  -0.085000
434   0.000000
435   0.050000
436  -0.080000
437   0.075000
438  -0.020000
439  -0.005000
440  -0.060000
441   0.035000
442   0.035000
443   0.010000
444  -0.005000
445   0.015000
446  -0.055000
447  -0.080000
448  -0.015000
449  -0.060000
450   0.035000
451   0.035000
452   0.010000
453   0.015000
454   0.045000
455  -0.040000
456  -0.045000
457   0.005000
458   0.005000
459  -0.040000
460  -0.140000
461   0.005000
462   0.070000
463  -0.030000
464   0.080000
465   0.105000
466   0.035000
467  -0.010000
468  -0.035000
469   0.015000
470  -0.005000
471  -0.005000
472  -0.055000
473   0.035000
474  -0.095000
475  -0.030000
476   0.010000
477   0.105000
478  -0.015000
479  -0.025000
480   0.055000
481   0.035000
482   0.155000
483   0.130000
484   0.035000
485   0.020000
486   0.060000
487   0.005000
488  -0.050000
489   0.090000
490   0.065000
491   0.035000
492  -0.075000
493  -0.070000
494  -0.010000
495   0.025000
496   0.030000
497  -0.050000
498  -0.015000
499   0.065000
500   0.025000
-499  -0.080000
-498   0.025000
-497  -0.015000
-496   0.090000
-495   0.075000
-494  -0.010000
-493  -0.030000
-492   0.030000
-491   0.005000
-490  -0.015000
-489  -0.055000
-488   0.070000
-487   0.005000
-486  -0.015000
-485   0.140000
-484   0.055000
-483  -0.035000
-482  -0.145000
-481   0.090000
-480  -0.025000
-479   0.005000
-478   0.030000
-477  -0.010000
-476   0.065000
-475  -0.005000
-474   0.015000
-473  -0.060000
-472  -0.045000
-471  -0.065000
-470   0.015000
-469  -0.095000
-468   0.035000
-467   0.030000
-466   0.045000
-465   0.015000
-464   0.030000
-463   0.000000
-462  -0.045000
-461   0.035000
-460  -0.000000
-459  -0.015000
-458   0.060000
-457  -0.035000
-456   0.035000
-455  -0.090000
-454  -0.040000
-453   0.070000
-452   0.025000
-451   0.090000
-450  -0.100000
-449  -0.040000
-448   0.040000
-447  -0.085000
-446  -0.020000
-445   0.125000
-444  -0.005000
-443  -0.015000
-442  -0.015000
-441   0.070000
-440   0.040000
-439   0.015000
-438  -0.070000
-437   0.035000
-436  -0.010000
-435  -0.040000
-434   0.015000
-433   0.045000
-432   0.005000
-431   0.035000
-430   0.055000
-429  -0.045000
-428  -0.045000
-427  -0.010000
-426   0.065000
-425  -0.055000
-424   0.025000
-423   0.010000
-422  -0.030000
-421  -0.095000
-420  -0.030000
-419   0.005000
-418   0.030000
-417   0.000000
-416  -0.040000
-415   0.080000
-414  -0.050000
-413  -0.040000
-412  -0.020000
-411  -0.030000
-410   0.035000
-409  -0.035000
-408   0.020000
-407   0.090000
-406   0.055000
-405   0.035000
-404   0.030000
-403   0.055000
-402   0.045000
-401   0.070000
-400   0.085000
-399  -0.010000
-398   0.060000
-397  -0.015000
-396   0.010000
-395   0.090000
-394   0.015000
-393  -0.045000
-392  -0.075000
-391   0.035000
-390  -0.105000
-389   0.120000
-388   0.040000
-387   0.040000
-386   0.045000
-385  -0.075000
-384   0.020000
-383  -0.025000
-382  -0.030000
-381   0.095000
-380   0.010000
-379  -0.050000
-378  -0.035000
-377   0.005000
-376   0.020000
-375   0.135000
-374   0.000000
-373  -0.055000
-372  -0.035000
-371   0.005000
-370   0.015000
-369  -0.040000
-368  -0.020000
-367   0.030000
-366   0.050000
-365   0.030000
-364   0.035000
-363   0.005000
-362   0.010000
-361  -0.020000
-360  -0.015000
-359   0.040000
-358  -0.045000
-357  -0.035000
-356  -0.115000
-355  -0.000000
-354   0.010000
-353  -0.050000
-352  -0.075000
-351   0.040000
-350   0.000000
-349   0.035000
-348  -0.045000
-347  -0.010000
-346  -0.030000
-345  -0.025000
-344  -0.015000
-343  -0.020000
-342   0.025000
-341  -0.005000
-340  -0.045000
-339   0.100000
-338  -0.015000
-337  -0.040000
-336   0.030000
-335   0.025000
-334   0.095000
-333   0.030000
-332   0.065000
-331  -0.035000
-330  -0.080000
-329   0.065000
-328  -0.035000
-327   0.015000
-326   0.040000
-325  -0.095000
-324  -0.040000
-323   0.010000
-322   0.015000
-321  -0.045000
-320   0.045000
-319   0.005000
-318  -0.060000
-317  -0.060000
-316  -0.010000
-315   0.090000
-314  -0.045000
-313  -0.150000
-312  -0.120000
-311   0.005000
-310  -0.090000
-309  -0.130000
-308   0.035000
-307  -0.045000
-306   0.085000
-305   0.050000
-304   0.075000
-303   0.020000
-302  -0.015000
-301   0.010000
-300  -0.025000
-299   0.065000
-298  -0.040000
-297   0.000000
-296  -0.015000
-295  -0.020000
-294  -0.100000
-293  -0.090000
-292  -0.050000
-291   0.100000
-290  -0.075000
-289  -0.010000
-288  -0.065000
-287   0.020000
-286  -0.005000
-285  -0.095000
-284   0.095000
-283  -0.000000
-282  -0.035000
-281   0.000000
-280   0.010000
-279  -0.055000
-278  -0.065000
-277  -0.035000
-276   0.040000
-275  -0.055000
-274  -0.040000
-273  -0.030000
-272  -0.030000
-271   0.040000
-270   0.005000
-269  -0.075000
-268  -0.020000
-267  -0.090000
-266   0.095000
-265   0.005000
-264  -0.075000
-263   0.025000
-262  -0.070000
-261  -0.005000
-260   0.015000
-259   0.000000
-258  -0.045000
-257   0.060000
-256  -0.050000
-255   0.115000
-254  -0.050000
-253   0.035000
-252   0.075000
-251  -0.025000
-250   0.000000
-249   0.015000
-248   0.000000
-247   0.050000
-246  -0.000000
-245  -0.065000
-244  -0.070000
-243   0.025000
-242   0.070000
-241   0.050000
-240  -0.020000
-239   0.020000
-238  -0.040000
-237   0.010000
-236   0.055000
-235  -0.005000
-234   0.035000
-233  -0.005000
-232   0.055000
-231   0.015000
-230   0.100000
-229   0.070000
-228   0.025000
-227   0.025000
-226   0.090000
-225  -0.005000
-224   0.050000
-223  -0.030000
-222   0.005000
-221   0.020000
-220  -0.035000
-219  -0.135000
-218   0.030000
-217   0.015000
-216  -0.020000
-215  -0.015000
-214  -0.030000
-213  -0.090000
-212   0.030000
-211  -0.035000
-210   0.030000
-209   0.030000
-208  -0.025000
-207  -0.040000
-206   0.075000
-205   0.070000
-204  -0.040000
-203  -0.045000
-202  -0.045000
-201  -0.035000
-200   0.025000
-199   0.060000
-198  -0.000000
-197   0.030000
-196  -0.085000
-195  -0.035000
-194  -0.060000
-193  -0.040000
-192  -0.100000
-191  -0.045000
-190   0.035000
-189  -0.010000
-188  -0.015000
-187   0.015000
-186   0.035000
-185   0.000000
-184  -0.045000
-183   0.020000
-182   0.020000
-181  -0.020000
-180   0.050000
-179  -0.050000
-178   0.000000
-177  -0.095000
-176   0.035000
-175   0.115000
-174  -0.040000
-173  -0.030000
-172   0.005000
-171  -0.055000
-170  -0.035000
-169  -0.050000
-168  -0.105000
-167   0.040000
-166   0.030000
-165  -0.010000
-164   0.025000
-163  -0.010000
-162  -0.040000
-161  -0.095000
-160   0.025000
-159   0.030000
-158  -0.030000
-157   0.005000
-156   0.000000
-155   0.040000
-154  -0.055000
-153  -0.105000
-152   0.110000
-151   0.015000
-150  -0.045000
-149   0.050000
-148   0.080000
-147  -0.065000
-146   0.030000
-145   0.025000
-144   0.010000
-143  -0.000000
-142   0.055000
-141   0.005000
-140   0.070000
-139   0.050000
-138  -0.010000
-137   0.015000
-136   0.055000
-135  -0.020000
-134   0.075000
-133   0.040000
-132  -0.005000
-131  -0.060000
-130   0.055000
-129  -0.030000
-128  -0.010000
-127  -0.025000
-126  -0.045000
-125  -0.040000
-124  -0.015000
-123   0.090000
-122   0.015000
-121  -0.035000
-120  -0.025000
-119   0.015000
-118  -0.005000
-117   0.030000
-116  -0.010000
-115   0.025000
-114  -0.085000
-113   0.035000
-112   0.020000
-111  -0.005000
-110  -0.035000
-109  -0.045000
-108  -0.040000
-107   0.045000
-106   0.000000
-105   0.050000
-104   0.145000
-103  -0.065000
-102  -0.020000
-101  -0.060000
-100   0.040000
-99  -0.015000
-98   0.005000
-97   0.005000
-96  -0.010000
-95   0.030000
-94  -0.025000
-93   0.020000
-92  -0.040000
-91   0.040000
-90   0.005000
-89   0.060000
-88   0.005000
-87  -0.035000
-86   0.010000
-85  -0.035000
-84   0.045000
-83   0.100000
-82  -0.020000
-81  -0.045000
-80   0.020000
-79   0.040000
-78   0.025000
-77  -0.060000
-76   0.040000
-75  -0.040000
-74  -0.025000
-73   0.020000
-72  -0.025000
-71  -0.120000
-70   0.050000
-69  -0.020000
-68   0.025000
-67  -0.075000
-66   0.025000
-65  -0.040000
-64   0.085000
-63   0.000000
-62   0.020000
-61  -0.015000
-60   0.000000
-59  -0.015000
-58   0.035000
-57  -0.040000
-56   0.010000
-55   0.040000
-54  -0.040000
-53  -0.035000
-52  -0.025000
-51  -0.065000
-50   0.020000
-49   0.020000
-48  -0.015000
-47   0.035000
-46   0.070000
-45  -0.020000
-44   0.055000
-43   0.090000
-42  -0.035000
-41  -0.020000
-40  -0.010000
-39  -0.005000
-38   0.085000
-37   0.045000
-36  -0.005000
-35   0.045000
-34  -0.105000
-33  -0.080000
-32  -0.040000
-31   0.050000
-30  -0.065000
-29  -0.090000
-28   0.030000
-27   0.020000
-26  -0.010000
-25   0.020000
-24   0.030000
-23  -0.025000
-22  -0.070000
-21   0.080000
-20  -0.005000
-19   0.050000
-18   0.070000
-17   0.030000
-16  -0.045000
-15   0.045000
-14   0.040000
-13  -0.010000
-12   0.010000
-11  -0.050000
-10   0.035000
-9  -0.040000
-8  -0.015000
-7   0.000000
-6  -0.075000
-5  -0.025000
-4  -0.040000
-3  -0.080000
-2  -0.010000
-1  -0.040000
