0  -0.065000
1  -0.000000
2  -0.080000
3  -0.010000
4   0.005000
5  -0.025000
6  -0.070000
7   0.040000
8   0.005000
9  -0.010000
10  -0.070000
11  -0.030000
12   0.005000
13  -0.015000
14  -0.095000
15  -0.000000
16   0.055000
17  -0.060000
18   0.000000
19  -0.005000
20   0.050000
21   0.010000
22  -0.105000
23  -0.035000
24   0.040000
25  -0.055000
26   0.060000
27  -0.035000
28   0.075000
29  -0.020000
30   0.035000
31   0.010000
32  -0.075000
33   0.010000
34  -0.025000
35   0.015000
36  -0.050000
37   0.045000
38   0.015000
39   0.065000
40  -0.030000
41   0.105000
42  -0.030000
43  -0.065000
44   0.035000
45  -0.020000
46   0.080000
47  -0.020000
48   0.005000
49   0.060000
50   0.060000
51   0.095000
52  -0.005000
53   0.010000
54   0.070000
55   0.050000
56   0.005000
57  -0.025000
58  -0.025000
59  -0.045000
60  -0.020000
61  -0.045000
62  -0.025000
63  -0.010000
64  -0.035000
65  -0.025000
66  -0.005000
67   0.015000
68   0.035000
69   0.040000
70  -0.065000
71  -0.055000
72  -0.055000
73   0.070000
74  -0.065000
75   0.030000
76   0.055000
77  -0.015000
78  -0.030000
79   0.030000
80  -0.000000
81   0.035000
82  -0.035000
83   0.045000
84  -0.045000
85  -0.055000
86  -0.030000
87  -0.035000
88  -0.015000
89  -0.005000
90   0.090000
91   0.075000
92   0.105000
93  -0.020000
94   0.050000
95   0.005000
96   0.005000
97   0.000000
98   0.110000
99   0.035000
100   0.025000
101   0.010000
102  -0.020000
103  -0.020000
104   0.000000
105   0.025000
106  -0.020000
107   0.005000
108   0.050000
109  -0.070000
110  -0.030000
111  -0.040000
112   0.045000
113   0.010000
114  -0.035000
115  -0.070000
116   0.035000
117   0.000000
118  -0.020000
119  -0.010000
120  -0.020000
121   0.015000
122  -0.005000
123   0.035000
124   0.085000
125   0.025000
126   0.020000
127  -0.040000
128  -0.040000
129   0.020000
130   0.085000
131   0.075000
132  -0.050000
133  -0.140000
134  -0.025000
135  -0.055000
136  -0.055000
137  -0.045000
138   0.080000
139   0.085000
140  -0.000000
141  -0.055000
142  -0.055000
143  -0.010000
144  -0.020000
145  -0.070000
146  -0.055000
147   0.030000
148   0.030000
149  -0.055000
150   0.035000
151   0.045000
152   0.020000
153  -0.005000
154   0.040000
155  -0.055000
156  -0.035000
157  -0.070000
158  -0.010000
159  -0.050000
160  -0.060000
161   0.005000
162  -0.030000
163  -0.005000
164  -0.005000
165  -0.005000
166   0.055000
167   0.050000
168  -0.095000
169  -0.020000
170  -0.050000
171   0.000000
172   0.035000
173  -0.040000
174   0.045000
175  -0.010000
176   0.045000
177   0.040000
178  -0.010000
179  -0.025000
180   0.105000
181  -0.045000
182  -0.020000
183  -0.015000
184   0.005000
185  -0.020000
186   0.105000
187   0.005000
188  -0.075000
189   0.005000
190  -0.030000
191   0.000000
192   0.005000
193  -0.015000
194   0.035000
195  -0.030000
196  -0.025000
197  -0.030000
198   0.025000
199  -0.110000
200  -0.055000
201   0.010000
202   0.035000
203   0.040000
204   0.060000
205   0.015000
206  -0.005000
207   0.040000
208  -0.065000
209   0.110000
210   0.000000
211   0.015000
212   0.000000
213  -0.025000
214  -0.015000
215   0.055000
216   0.005000
217   0.030000
218   0.115000
219  -0.070000
220  -0.070000
221   0.055000
222   0.160000
223  -0.090000
224   0.020000
225   0.075000
226  -0.005000
227  -0.030000
228   0.035000
229   0.020000
230   0.080000
231   0.010000
232  -0.040000
233  -0.025000
234   0.005000
235   0.045000
236  -0.035000
237   0.020000
238  -0.030000
239  -0.005000
240  -0.030000
241   0.015000
242   0.100000
243  -0.055000
244  -0.015000
245   0.020000
246  -0.010000
247  -0.030000
248   0.010000
249   0.030000
250  -0.050000
251  -0.050000
252  -0.095000
253   0.010000
254   0.035000
255  -0.025000
256  -0.010000
257   0.030000
258   0.010000
259   0.010000
260   0.070000
261   0.035000
262  -0.070000
263  -0.025000
264   0.060000
265   0.090000
266   0.075000
267   0.025000
268  -0.065000
269  -0.020000
270  -0.000000
271   0.035000
272  -0.065000
273  -0.065000
274  -0.000000
275   0.020000
276   0.025000
277   0.070000
278   0.035000
279  -0.045000
280  -0.020000
281  -0.050000
282   0.015000
283  -0.005000
284   0.040000
285   0.000000
286   0.055000
287   0.025000
288  -0.060000
289   0.040000
290  -0.020000
291  -0.090000
292   0.045000
293  -0.045000
294   0.080000
295  -0.010000
296  -0.040000
297   0.125000
298   0.060000
299   0.010000
300   0.035000
301   0.010000
302   0.000000
303   0.025000
304   0.010000
305   0.035000
306  -0.000000
307   0.005000
308  -0.005000
309  -0.060000
310   0.005000
311   0.015000
312   0.035000
313  -0.025000
314   0.035000
315   0.035000
316   0.015000
317   0.080000
318   0.040000
319   0.045000
320  -0.030000
321  -0.020000
322   0.005000
323  -0.020000
324   0.030000
325   0.125000
326   0.075000
327   0.055000
328   0.020000
329   0.090000
330   0.050000
331   0.030000
332   0.035000
333   0.045000
334  -0.030000
335  -0.035000
336  -0.055000
337  -0.025000
338   0.010000
339   0.010000
340  -0.060000
341   0.010000
342   0.095000
343   0.065000
344  -0.085000
345  -0.060000
346   0.015000
347   0.030000
348  -0.040000
349   0.010000
350  -0.050000
351   0.010000
352   0.070000
353   0.025000
354   0.085000
355  -0.040000
356   0.085000
357   0.035000
358  -0.090000
359  -0.045000
360  -0.005000
361   0.085000
362  -0.060000
363  -0.035000
364   0.020000
365   0.010000
366  -0.045000
367   0.000000
368   0.025000
369   0.010000
370  -0.035000
371   0.055000
372   0.035000
373  -0.000000
374  -0.025000
375   0.005000
376  -0.010000
377   0.055000
378  -0.015000
379   0.020000
380   0.045000
381  -0.060000
382  -0.085000
383   0.010000
384  -0.095000
385   0.030000
386   0.005000
387   0.020000
388  -0.100000
389  -0.040000
390   0.030000
391   0.035000
392  -0.010000
393   0.000000
394  -0.060000
395  -0.020000
396  -0.090000
397  -0.005000
398  -0.045000
399   0.015000
400  -0.010000
401   0.045000
402  -0.035000
403   0.025000
404  -0.060000
405  -0.055000
406  -0.020000
407   0.030000
408  -0.025000
409  -0.010000
410  -0.045000
411  -0.005000
412   0.065000
413   0.035000
414   0.095000
415   0.040000
416  -0.080000
417  -0.020000
418   0.055000
419  -0.135000
420   0.045000
421   0.000000
422  -0.080000
423  -0.085000
424  -0.000000
425  -0.015000
426   0.090000
427   0.010000
428  -0.045000
429   0.045000
430   0.040000
431   0.030000
432   0.000000
433  -0.025000
434  -0.080000
435  -0.075000
436  -0.020000
437  -0.055000
438  -0.025000
439  -0.105000
440   0.040000
441  -0.005000
442  -0.055000
443   0.055000
444   0.055000
445  -0.005000
446  -0.025000
447   0.045000
448   0.040000
449  -0.035000
450   0.065000
451   0.080000
452  -0.090000
453  -0.040000
454  -0.060000
455  -0.005000
456  -0.000000
457  -0.010000
458  -0.055000
459  -0.095000
460   0.000000
461  -0.020000
462   0.030000
463   0.070000
464   0.010000
465   0.010000
466   0.000000
467  -0.035000
468  -0.045000
469   0.005000
470  -0.000000
471  -0.010000
472   0.055000
473   0.080000
474   0.055000
475   0.065000
476   0.040000
477  -0.000000
478  -0.045000
479  -0.135000
480  -0.090000
481  -0.030000
482   0.065000
483  -0.025000
484  -0.010000
485   0.020000
486   0.030000
487   0.015000
488  -0.035000
489  -0.035000
490  -0.060000
491  -0.035000
492   0.070000
493   0.080000
494   0.080000
495  -0.120000
496   0.005000
497  -0.000000
498   0.105000
499   0.015000
500   0.055000
-499   0.010000
-498   0.030000
-497  -0.070000
-496   0.030000
-495   0.075000
-494  -0.035000
-493   0.000000
-492   0.050000
-491  -0.035000
-490   0.040000
-489  -0.020000
-488  -0.090000
-487   0.095000
-486   0.045000
-485  -0.050000
-484  -0.020000
-483   0.030000
-482  -0.020000
-481   0.015000
-480   0.035000
-479  -0.020000
-478   0.030000
-477  -0.005000
-476   0.035000
-475  -0.010000
-474   0.060000
-473   0.025000
-472   0.065000
-471  -0.060000
-470   0.050000
-469   0.040000
-468   0.020000
-467  -0.010000
-466   0.110000
-465   0.005000
-464  -0.005000
-463  -0.005000
-462   0.030000
-461   0.070000
-460  -0.095000
-459   0.030000
-458   0.045000
-457  -0.020000
-456   0.120000
-455  -0.010000
-454  -0.020000
-453  -0.005000
-452  -0.035000
-451  -0.010000
-450  -0.060000
-449  -0.050000
-448  -0.050000
-447  -0.005000
-446  -0.025000
-445   0.000000
-444  -0.050000
-443  -0.045000
-442   0.065000
-441  -0.040000
-440  -0.040000
-439  -0.055000
-438   0.025000
-437   0.025000
-436   0.015000
-435   0.025000
-434   0.045000
-433  -0.085000
-432  -0.025000
-431  -0.020000
-430   0.010000
-429   0.015000
-428  -0.040000
-427  -0.035000
-426   0.010000
-425  -0.030000
-424  -0.035000
-423   0.020000
-422  -0.070000
-421   0.050000
-420   0.065000
-419  -0.040000
-418   0.025000
-417  -0.005000
-416  -0.025000
-415   0.130000
-414  -0.060000
-413   0.000000
-412   0.020000
-411  -0.055000
-410  -0.005000
-409   0.010000
-408  -0.005000
-407  -0.070000
-406   0.060000
-405   0.025000
-404   0.050000
-403  -0.065000
-402  -0.085000
-401   0.075000
-400   0.025000
-399   0.040000
-398  -0.060000
-397   0.065000
-396   0.010000
-395  -0.070000
-394   0.020000
-393  -0.050000
-392   0.025000
-391  -0.095000
-390  -0.060000
-389   0.060000
-388  -0.050000
-387  -0.045000
-386   0.020000
-385  -0.050000
-384   0.035000
-383   0.035000
-382   0.020000
-381  -0.075000
-380  -0.055000
-379   0.045000
-378  -0.035000
-377  -0.075000
-376  -0.020000
-375   0.000000
-374  -0.020000
-373   0.050000
-372  -0.045000
-371  -0.080000
-370   0.020000
-369   0.050000
-368  -0.020000
-367   0.000000
-366  -0.045000
-365   0.000000
-364  -0.050000
-363  -0.025000
-362  -0.060000
-361   0.045000
-360  -0.040000
-359   0.040000
-358   0.015000
-357   0.020000
-356  -0.005000
-355   0.025000
-354  -0.025000
-353   0.035000
-352  -0.055000
-351  -0.010000
-350   0.015000
-349  -0.030000
-348   0.005000
-347  -0.005000
-346  -0.015000
-345  -0.115000
-344   0.040000
-343   0.040000
-342  -0.020000
-341  -0.130000
-340  -0.020000
-339   0.040000
-338  -0.095000
-337   0.020000
-336   0.050000
-335   0.045000
-334   0.040000
-333  -0.015000
-332   0.045000
-331   0.035000
-330   0.105000
-329  -0.005000
-328  -0.060000
-327  -0.010000
-326   0.030000
-325   0.005000
-324   0.045000
-323  -0.005000
-322  -0.035000
-321  -0.085000
-320   0.015000
-319  -0.010000
-318  -0.015000
-317  -0.035000
-316   0.070000
-315   0.080000
-314  -0.035000
-313  -0.040000
-312  -0.050000
-311  -0.040000
-310   0.060000
-309  -0.045000
-308   0.025000
-307   0.060000
-306  -0.050000
-305   0.050000
-304   0.110000
-303   0.035000
-302  -0.080000
-301  -0.025000
-300   0.010000
-299   0.025000
-298   0.020000
-297  -0.080000
-296   0.055000
-295  -0.045000
-294   0.010000
-293  -0.015000
-292  -0.045000
-291   0.035000
-290   0.065000
-289   0.085000
-288  -0.010000
-287   0.015000
-286  -0.090000
-285   0.035000
-284  -0.100000
-283  -0.035000
-282   0.005000
-281  -0.020000
-280   0.015000
-279   0.020000
-278  -0.030000
-277   0.000000
-276   0.050000
-275   0.040000
-274   0.045000
-273   0.060000
-272   0.040000
-271  -0.025000
-270  -0.135000
-269   0.045000
-268   0.015000
-267  -0.045000
-266   0.030000
-265  -0.020000
-264   0.000000
-263  -0.025000
-262  -0.170000
-261   0.005000
-260  -0.045000
-259  -0.005000
-258  -0.050000
-257   0.020000
-256  -0.040000
-255  -0.010000
-254  -0.035000
-253  -0.065000
-252   0.040000
-251  -0.075000
-250  -0.030000
-249  -0.040000
-248  -0.065000
-247   0.090000
-246  -0.070000
-245   0.005000
-244   0.105000
-243  -0.040000
-242   0.020000
-241  -0.075000
-240  -0.055000
-239   0.005000
-238   0.005000
-237   0.005000
-236   0.020000
-235   0.010000
-234   0.045000
-233   0.055000
-232   0.045000
-231  -0.075000
-230  -0.020000
-229   0.015000
-228   0.025000
-227  -0.010000
-226  -0.045000
-225  -0.095000
-224  -0.080000
-223   0.035000
-222   0.050000
-221  -0.040000
-220  -0.020000
-219  -0.040000
-218  -0.030000
-217   0.035000
-216  -0.070000
-215  -0.015000
-214  -0.010000
-213   0.030000
-212   0.010000
-211  -0.000000
-210  -0.000000
-209  -0.035000
-208   0.020000
-207   0.050000
-206  -0.035000
-205   0.005000
-204   0.030000
-203  -0.020000
-202   0.080000
-201   0.035000
-200  -0.035000
-199   0.015000
-198   0.040000
-197  -0.100000
-196   0.095000
-195  -0.030000
-194   0.025000
-193   0.025000
-192   0.065000
-191   0.070000
-190  -0.000000
-189  -0.055000
-188  -0.015000
-187  -0.005000
-186  -0.030000
-185  -0.010000
-184   0.030000
-183  -0.060000
-182   0.035000
-181   0.015000
-180  -0.045000
-179  -0.040000
-178   0.085000
-177  -0.110000
-176  -0.025000
-175   0.050000
-174  -0.040000
-173   0.005000
-172   0.005000
-171  -0.025000
-170   0.045000
-169   0.010000
-168   0.040000
-167   0.070000
-166   0.015000
-165  -0.020000
-164  -0.040000
-163  -0.005000
-162  -0.040000
-161  -0.065000
-160   0.065000
-159  -0.040000
-158  -0.030000
-157  -0.080000
-156   0.055000
-155   0.010000
-154   0.010000
-153   0.005000
-152  -0.025000
-151  -0.025000
-150   0.085000
-149   0.035000
-148  -0.070000
-147   0.125000
-146  -0.025000
-145   0.045000
-144  -0.045000
-143   0.005000
-142  -0.040000
-141  -0.045000
-140   0.115000
-139  -0.010000
-138  -0.055000
-137   0.055000
-136  -0.005000
-135  -0.070000
-134   0.055000
-133  -0.040000
-132   0.015000
-131   0.010000
-130  -0.010000
-129  -0.035000
-128  -0.010000
-127   0.005000
-126  -0.050000
-125   0.000000
-124   0.030000
-123   0.075000
-122   0.060000
-121   0.095000
-120  -0.020000
-119   0.005000
-118   0.035000
-117   0.120000
-116  -0.090000
-115  -0.040000
-114  -0.035000
-113   0.015000
-112  -0.125000
-111  -0.060000
-110   0.040000
-109  -0.040000
-108   0.015000
-107   0.095000
-106   0.000000
-105  -0.090000
-104  -0.050000
-103   0.015000
-102   0.025000
-101   0.030000
-100   0.015000
-99  -0.015000
-98   0.035000
-97  -0.070000
-96   0.030000
-95   0.060000
-94  -0.015000
-93  -0.170000
-92  -0.020000
-91   0.150000
-90  -0.010000
-89  -0.055000
-88  -0.070000
-87  -0.010000
-86   0.010000
-85  -0.040000
-84   0.025000
-83   0.015000
-82  -0.000000
-81  -0.055000
-80  -0.040000
-79  -0.025000
-78  -0.015000
-77   0.015000
-76  -0.075000
-75   0.025000
-74  -0.105000
-73   0.105000
-72   0.010000
-71   0.010000
-70  -0.090000
-69  -0.010000
-68  -0.090000
-67   0.065000
-66   0.025000
-65  -0.075000
-64   0.030000
-63  -0.085000
-62  -0.015000
-61   0.005000
-60   0.050000
-59  -0.020000
-58   0.130000
-57  -0.015000
-56   0.000000
-55  -0.010000
-54  -0.085000
-53   0.085000
-52  -0.040000
-51   0.020000
-50  -0.100000
-49   0.150000
-48  -0.075000
-47   0.010000
-46  -0.070000
-45  -0.055000
-44  -0.015000
-43   0.020000
-42  -0.040000
-41   0.060000
-40   0.010000
-39  -0.075000
-38   0.080000
-37  -0.010000
-36  -0.050000
-35  -0.035000
-34  -0.055000
-33  -0.100000
-32   0.005000
-31  -0.070000
-30   0.020000
-29   0.095000
-28  -0.010000
-27  -0.060000
-26   0.050000
-25  -0.015000
-24  -0.045000
-23  -0.020000
-22   0.015000
-21   0.005000
-20  -0.075000
-19   0.045000
-18  -0.050000
-17   0.125000
-16   0.045000
-15   0.015000
-14  -0.040000
-13  -0.080000
-12   0.115000
-11   0.070000
-10   0.080000
-9   0.115000
-8  -0.020000
-7   0.020000
-6   0.005000
-5  -0.065000
-4   0.020000
-3  -0.015000
-2  -0.015000
-1  -0.040000
