0   0.100000
1  -0.055000
2  -0.105000
3   0.010000
4   0.035000
5   0.105000
6   0.090000
7   0.015000
8   0.075000
9  -0.045000
10  -0.030000
11   0.005000
12   0.055000
13  -0.005000
14  -0.010000
15  -0.030000
16   0.060000
17  -0.030000
18   0.075000
19  -0.015000
20  -0.035000
21   0.015000
22  -0.025000
23   0.015000
24  -0.085000
25  -0.005000
26   0.045000
27   0.030000
28   0.060000
29  -0.055000
30   0.040000
31  -0.035000
32   0.050000
33   0.005000
34  -0.080000
35   0.090000
36   0.055000
37  -0.050000
38  -0.055000
39   0.030000
40   0.015000
41  -0.075000
42  -0.015000
43  -0.010000
44  -0.095000
45  -0.010000
46   0.080000
47   0.025000
48  -0.065000
49   0.025000
50   0.005000
51  -0.015000
52   0.065000
53  -0.095000
54  -0.050000
55   0.040000
56  -0.025000
57  -0.025000
58   0.070000
59   0.110000
60   0.060000
61  -0.080000
62  -0.055000
63   0.010000
64   0.015000
65  -0.065000
66   0.035000
67  -0.080000
68   0.100000
69  -0.050000
70   0.005000
71  -0.075000
72   0.055000
73  -0.065000
74   0.030000
75  -0.010000
76  -0.060000
77  -0.070000
78   0.010000
79   0.040000
80  -0.015000
81  -0.025000
82  -0.050000
83   0.030000
84   0.035000
85  -0.030000
86   0.030000
87   0.035000
88  -0.115000
89   0.020000
90  -0.025000
91   0.105000
92  -0.075000
93   0.015000
94  -0.055000
95  -0.045000
96   0.015000
97  -0.015000
98  -0.015000
99  -0.000000
100  -0.010000
101   0.065000
102  -0.040000
103  -0.030000
104   0.055000
105   0.030000
106   0.135000
107   0.005000
108   0.040000
109   0.015000
110   0.015000
111  -0.025000
112  -0.040000
113  -0.055000
114   0.045000
115  -0.040000
116   0.020000
117   0.020000
118  -0.030000
119   0.060000
120   0.030000
121  -0.100000
122  -0.005000
123   0.090000
124   0.090000
125  -0.080000
126  -0.005000
127   0.105000
128  -0.050000
129  -0.030000
130   0.020000
131   0.020000
132   0.070000
133  -0.030000
134   0.045000
135   0.015000
136  -0.010000
137   0.035000
138  -0.030000
139  -0.020000
140  -0.025000
141   0.035000
142  -0.030000
143   0.005000
144   0.015000
145  -0.065000
146  -0.080000
147   0.050000
148   0.010000
149   0.005000
150  -0.025000
151  -0.015000
152   0.005000
153   0.045000
154  -0.045000
155   0.060000
156  -0.015000
157   0.055000
158  -0.020000
159   0.010000
160  -0.045000
161   0.030000
162  -0.055000
163  -0.010000
164  -0.085000
165  -0.020000
166   0.005000
167   0.035000
168   0.010000
169   0.005000
170  -0.100000
171   0.015000
172   0.045000
173   0.000000
174   0.025000
175  -0.035000
176  -0.015000
177  -0.120000
178  -0.055000
179  -0.050000
180  -0.075000
181  -0.030000
182  -0.075000
183   0.105000
184   0.015000
185  -0.070000
186   0.075000
187   0.015000
188  -0.095000
189   0.040000
190   0.000000
191  -0.015000
192  -0.090000
193   0.065000
194  -0.075000
195   0.060000
196  -0.030000
197   0.015000
198  -0.050000
199   0.040000
200  -0.075000
201  -0.080000
202   0.005000
203  -0.035000
204   0.015000
205   0.045000
206  -0.075000
207  -0.025000
208  -0.075000
209   0.030000
210  -0.075000
211  -0.145000
212  -0.010000
213   0.010000
214  -0.040000
215  -0.015000
216  -0.015000
217   0.040000
218   0.010000
219   0.040000
220  -0.040000
221   0.025000
222   0.025000
223  -0.085000
224   0.030000
225  -0.045000
226  -0.025000
227  -0.020000
228  -0.020000
229   0.045000
230   0.010000
231   0.035000
232   0.055000
233  -0.000000
234  -0.060000
235   0.010000
236   0.050000
237   0.020000
238   0.060000
239   0.025000
240  -0.005000
241  -0.060000
242   0.075000
243  -0.055000
244  -0.075000
245   0.000000
246  -0.025000
247  -0.080000
248   0.070000
249   0.105000
250   0.025000
251   0.040000
252  -0.040000
253   0.005000
254   0.035000
255  -0.035000
256   0.015000
257   0.010000
258   0.015000
259  -0.030000
260  -0.020000
261  -0.020000
262  -0.015000
263  -0.015000
264  -0.025000
265  -0.025000
266  -0.065000
267  -0.005000
268   0.070000
269   0.050000
270  -0.010000
271  -0.055000
272   0.050000
273   0.040000
274  -0.035000
275   0.040000
276  -0.080000
277  -0.035000
278  -0.045000
279   0.095000
280  -0.065000
281   0.040000
282   0.045000
283   0.020000
284   0.035000
285   0.040000
286   0.020000
287  -0.005000
288  -0.030000
289  -0.055000
290   0.045000
291   0.080000
292  -0.075000
293  -0.010000
294   0.015000
295   0.030000
296   0.130000
297  -0.040000
298   0.030000
299   0.065000
300   0.005000
301   0.035000
302  -0.045000
303   0.005000
304  -0.105000
305  -0.035000
306   0.025000
307   0.075000
308   0.125000
309   0.055000
310  -0.040000
311  -0.045000
312   0.035000
313   0.080000
314  -0.065000
315  -0.125000
316   0.045000
317  -0.015000
318  -0.055000
319  -0.045000
320  -0.020000
321   0.025000
322  -0.080000
323   0.040000
324  -0.040000
325   0.065000
326   0.050000
327  -0.010000
328  -0.030000
329  -0.015000
330  -0.115000
331   0.010000
332  -0.075000
333  -0.060000
334  -0.095000
335   0.005000
336  -0.080000
337  -0.085000
338   0.110000
339  -0.045000
340  -0.030000
341   0.045000
342  -0.040000
343  -0.040000
344   0.095000
345   0.015000
346   0.040000
347   0.040000
348  -0.015000
349   0.025000
350  -0.065000
351  -0.045000
352  -0.020000
353   0.005000
354   0.055000
355  -0.005000
356   0.000000
357   0.055000
358   0.000000
359   0.000000
360   0.080000
361  -0.010000
362  -0.025000
363  -0.130000
364  -0.060000
365  -0.045000
366  -0.075000
367  -0.035000
368   0.075000
369  -0.055000
370  -0.030000
371  -0.035000
372   0.130000
373   0.150000
374  -0.085000
375   0.060000
376  -0.050000
377   0.015000
378   0.060000
379   0.065000
380  -0.100000
381  -0.105000
382   0.015000
383  -0.080000
384   0.005000
385   0.000000
386   0.055000
387  -0.035000
388  -0.035000
389  -0.065000
390  -0.035000
391   0.025000
392   0.015000
393  -0.025000
394   0.040000
395  -0.100000
396   0.035000
397   0.145000
398   0.015000
399  -0.055000
400  -0.015000
401  -0.005000
402  -0.035000
403  -0.005000
404   0.025000
405   0.005000
406  -0.020000
407   0.030000
408   0.045000
409  -0.105000
410  -0.060000
411   0.030000
412   0.030000
413  -0.015000
414   0.020000
415  -0.040000
416  -0.030000
417   0.000000
418   0.020000
419  -0.010000
420   0.050000
421  -0.010000
422  -0.060000
423   0.050000
424   0.030000
425  -0.045000
426  -0.040000
427  -0.105000
428   0.085000
429  -0.055000
430   0.020000
431   0.020000
432  -0.005000
433   0.045000
434   0.035000
435   0.045000
436   0.005000
437   0.110000
438  -0.090000
439   0.065000
440   0.035000
441  -0.025000
442   0.005000
443  -0.050000
444  -0.005000
445   0.030000
446   0.035000
447   0.035000
448   0.070000
449   0.035000
450  -0.015000
451  -0.100000
452   0.080000
453   0.065000
454   0.050000
455   0.040000
456  -0.045000
457   0.085000
458   0.015000
459   0.005000
460  -0.025000
461  -0.015000
462  -0.060000
463  -0.045000
464   0.075000
465  -0.040000
466   0.005000
467   0.035000
468  -0.025000
469   0.015000
470   0.085000
471  -0.090000
472  -0.095000
473   0.030000
474  -0.025000
475  -0.115000
476   0.005000
477   0.075000
478   0.020000
479   0.025000
480   0.065000
481   0.015000
482   0.030000
483   0.045000
484   0.060000
485   0.090000
486  -0.030000
487   0.045000
488   0.035000
489  -0.020000
490  -0.025000
491  -0.045000
492  -0.055000
493  -0.050000
494  -0.010000
495   0.005000
496  -0.020000
497  -0.005000
498  -0.080000
499  -0.005000
500   0.000000
-499   0.015000
-498   0.070000
-497   0.030000
-496  -0.035000
-495  -0.070000
-494  -0.030000
-493   0.020000
-492  -0.050000
-491   0.080000
-490  -0.050000
-489   0.025000
-488   0.075000
-487  -0.020000
-486   0.030000
-485   0.080000
-484   0.040000
-483   0.040000
-482  -0.060000
-481   0.050000
-480  -0.010000
-479   0.050000
-478   0.015000
-477   0.020000
-476   0.050000
-475  -0.035000
-474  -0.015000
-473   0.020000
-472  -0.045000
-471   0.060000
-470   0.030000
-469   0.070000
-468   0.045000
-467   0.050000
-466   0.015000
-465  -0.025000
-464   0.035000
-463   0.020000
-462   0.035000
-461   0.085000
-460   0.010000
-459  -0.015000
-458   0.015000
-457   0.050000
-456  -0.030000
-455  -0.005000
-454  -0.060000
-453   0.005000
-452  -0.060000
-451  -0.100000
-450  -0.035000
-449   0.050000
-448  -0.045000
-447   0.000000
-446   0.000000
-445   0.020000
-444   0.010000
-443  -0.075000
-442  -0.055000
-441  -0.060000
-440  -0.010000
-439  -0.015000
-438   0.115000
-437   0.055000
-436   0.040000
-435   0.045000
-434   0.015000
-433   0.025000
-432   0.010000
-431  -0.050000
-430   0.015000
-429   0.010000
-428  -0.025000
-427  -0.010000
-426   0.030000
-425   0.075000
-424   0.015000
-423  -0.035000
-422   0.025000
-421   0.010000
-420  -0.040000
-419  -0.085000
-418   0.055000
-417   0.020000
-416   0.110000
-415  -0.035000
-414   0.000000
-413   0.015000
-412   0.035000
-411   0.025000
-410   0.010000
-409  -0.035000
-408  -0.075000
-407   0.030000
-406   0.035000
-405   0.040000
-404   0.170000
-403  -0.030000
-402   0.020000
-401   0.015000
-400   0.090000
-399   0.050000
-398   0.040000
-397  -0.010000
-396   0.095000
-395  -0.055000
-394  -0.070000
-393   0.030000
-392  -0.030000
-391   0.030000
-390   0.060000
-389  -0.000000
-388   0.030000
-387   0.045000
-386   0.010000
-385   0.000000
-384  -0.050000
-383  -0.105000
-382   0.025000
-381   0.130000
-380   0.005000
-379  -0.020000
-378  -0.035000
-377  -0.040000
-376  -0.005000
-375   0.015000
-374  -0.040000
-373   0.090000
-372   0.060000
-371   0.020000
-370  -0.005000
-369  -0.020000
-368  -0.015000
-367   0.025000
-366   0.060000
-365   0.080000
-364   0.060000
-363  -0.015000
-362  -0.025000
-361   0.000000
-360   0.025000
-359   0.080000
-358  -0.015000
-357  -0.005000
-356  -0.020000
-355  -0.050000
-354   0.030000
-353  -0.030000
-352   0.025000
-351   0.035000
-350  -0.005000
-349  -0.050000
-348  -0.055000
-347  -0.010000
-346   0.005000
-345  -0.040000
-344  -0.015000
-343   0.010000
-342   0.030000
-341   0.025000
-340   0.050000
-339  -0.045000
-338   0.040000
-337  -0.080000
-336  -0.085000
-335  -0.005000
-334  -0.005000
-333  -0.080000
-332   0.030000
-331   0.025000
-330  -0.025000
-329   0.035000
-328  -0.025000
-327  -0.040000
-326   0.060000
-325   0.030000
-324   0.080000
-323  -0.055000
-322  -0.045000
-321   0.055000
-320   0.020000
-319  -0.040000
-318  -0.005000
-317  -0.035000
-316  -0.060000
-315   0.065000
-314  -0.025000
-313   0.000000
-312   0.080000
-311   0.020000
-310  -0.065000
-309  -0.010000
-308  -0.040000
-307   0.060000
-306  -0.020000
-305  -0.030000
-304  -0.140000
-303   0.020000
-302   0.015000
-301  -0.010000
-300   0.120000
-299  -0.005000
-298  -0.055000
-297  -0.050000
-296  -0.030000
-295  -0.030000
-294   0.020000
-293   0.060000
-292  -0.100000
-291   0.120000
-290   0.030000
-289   0.010000
-288   0.005000
-287   0.045000
-286  -0.020000
-285  -0.065000
-284  -0.025000
-283   0.010000
-282   0.010000
-281  -0.005000
-280   0.015000
-279   0.010000
-278   0.120000
-277  -0.005000
-276  -0.050000
-275  -0.105000
-274  -0.010000
-273   0.045000
-272  -0.015000
-271   0.065000
-270   0.030000
-269  -0.025000
-268  -0.135000
-267   0.045000
-266  -0.035000
-265   0.025000
-264  -0.065000
-263   0.020000
-262  -0.010000
-261  -0.075000
-260  -0.030000
-259   0.050000
-258   0.070000
-257  -0.060000
-256  -0.055000
-255   0.045000
-254   0.005000
-253   0.035000
-252  -0.010000
-251   0.030000
-250  -0.020000
-249  -0.060000
-248  -0.015000
-247   0.055000
-246  -0.080000
-245  -0.080000
-244  -0.005000
-243  -0.015000
-242   0.000000
-241  -0.025000
-240   0.000000
-239   0.010000
-238  -0.005000
-237  -0.030000
-236   0.035000
-235  -0.040000
-234   0.055000
-233  -0.080000
-232  -0.045000
-231  -0.050000
-230   0.000000
-229   0.005000
-228  -0.005000
-227   0.025000
-226   0.015000
-225  -0.015000
-224   0.030000
-223   0.010000
-222  -0.010000
-221  -0.045000
-220  -0.015000
-219  -0.055000
-218  -0.035000
-217  -0.030000
-216   0.085000
-215   0.075000
-214  -0.010000
-213  -0.040000
-212  -0.020000
-211   0.025000
-210  -0.030000
-209   0.005000
-208  -0.035000
-207  -0.110000
-206   0.040000
-205  -0.055000
-204  -0.005000
-203  -0.050000
-202   0.010000
-201   0.060000
-200  -0.060000
-199  -0.120000
-198  -0.080000
-197  -0.050000
-196  -0.055000
-195  -0.015000
-194  -0.005000
-193   0.020000
-192   0.035000
-191   0.035000
-190  -0.015000
-189  -0.060000
-188   0.010000
-187  -0.005000
-186  -0.040000
-185   0.030000
-184  -0.005000
-183  -0.015000
-182  -0.020000
-181  -0.065000
-180   0.015000
-179  -0.105000
-178  -0.040000
-177  -0.035000
-176  -0.055000
-175   0.105000
-174   0.000000
-173   0.020000
-172   0.035000
-171  -0.025000
-170  -0.065000
-169  -0.040000
-168   0.110000
-167  -0.050000
-166   0.015000
-165  -0.050000
-164   0.065000
-163  -0.010000
-162   0.130000
-161  -0.035000
-160  -0.005000
-159  -0.025000
-158   0.005000
-157   0.055000
-156  -0.020000
-155   0.050000
-154  -0.025000
-153   0.025000
-152   0.020000
-151   0.080000
-150   0.005000
-149  -0.020000
-148  -0.070000
-147   0.030000
-146  -0.035000
-145   0.055000
-144   0.045000
-143  -0.010000
-142   0.055000
-141  -0.055000
-140   0.075000
-139  -0.040000
-138  -0.030000
-137  -0.045000
-136  -0.035000
-135   0.000000
-134   0.050000
-133  -0.030000
-132   0.010000
-131   0.045000
-130  -0.010000
-129   0.010000
-128  -0.020000
-127   0.085000
-126  -0.065000
-125   0.030000
-124   0.020000
-123  -0.005000
-122  -0.005000
-121   0.040000
-120  -0.035000
-119   0.030000
-118  -0.060000
-117  -0.015000
-116   0.130000
-115  -0.030000
-114   0.050000
-113  -0.115000
-112  -0.010000
-111   0.025000
-110  -0.045000
-109   0.010000
-108  -0.115000
-107  -0.015000
-106  -0.035000
-105   0.030000
-104  -0.020000
-103   0.010000
-102   0.125000
-101  -0.010000
-100  -0.075000
-99   0.030000
-98   0.035000
-97  -0.040000
-96   0.025000
-95  -0.080000
-94   0.040000
-93   0.015000
-92  -0.055000
-91  -0.010000
-90   0.065000
-89   0.010000
-88   0.030000
-87   0.015000
-86   0.000000
-85   0.025000
-84   0.025000
-83   0.080000
-82   0.140000
-81   0.000000
-80   0.050000
-79   0.000000
-78   0.015000
-77   0.060000
-76   0.010000
-75  -0.015000
-74   0.000000
-73  -0.035000
-72   0.015000
-71   0.025000
-70  -0.025000
-69   0.030000
-68   0.040000
-67  -0.010000
-66  -0.005000
-65  -0.030000
-64  -0.040000
-63  -0.010000
-62  -0.010000
-61  -0.010000
-60   0.005000
-59  -0.020000
-58   0.055000
-57  -0.035000
-56  -0.095000
-55  -0.050000
-54   0.030000
-53   0.005000
-52  -0.010000
-51   0.030000
-50  -0.000000
-49   0.060000
-48  -0.095000
-47  -0.035000
-46   0.040000
-45   0.000000
-44   0.020000
-43   0.025000
-42  -0.005000
-41  -0.010000
-40   0.090000
-39  -0.005000
-38  -0.025000
-37  -0.025000
-36  -0.005000
-35  -0.090000
-34  -0.110000
-33  -0.005000
-32   0.050000
-31  -0.055000
-30  -0.030000
-29   0.005000
-28   0.050000
-27   0.055000
-26   0.010000
-25  -0.080000
-24   0.030000
-23   0.025000
-22   0.050000
-21  -0.065000
-20  -0.045000
-19   0.025000
-18   0.015000
-17  -0.070000
-16  -0.045000
-15  -0.005000
-14   0.055000
-13   0.035000
-12   0.040000
-11  -0.030000
-10  -0.000000
-9   0.060000
-8  -0.045000
-7   0.050000
-6  -0.015000
-5   0.025000
-4   0.080000
-3  -0.035000
-2   0.005000
-1   0.040000
