0  -0.080000
1  -0.015000
2  -0.090000
3   0.045000
4   0.030000
5  -0.030000
6   0.005000
7  -0.035000
8   0.010000
9   0.050000
10  -0.060000
11   0.080000
12   0.065000
13  -0.095000
14  -0.065000
15  -0.070000
16  -0.105000
17   0.040000
18   0.040000
19  -0.005000
20  -0.010000
21   0.040000
22   0.015000
23   0.020000
24   0.030000
25   0.065000
26   0.050000
27   0.005000
28  -0.040000
29   0.070000
30   0.075000
31  -0.010000
32  -0.035000
33   0.025000
34   0.045000
35   0.015000
36   0.040000
37  -0.030000
38   0.010000
39   0.015000
40  -0.105000
41   0.010000
42   0.010000
43   0.110000
44   0.010000
45  -0.120000
46  -0.025000
47   0.005000
48  -0.005000
49   0.090000
50   0.000000
51  -0.015000
52  -0.030000
53   0.010000
54   0.015000
55  -0.005000
56   0.010000
57  -0.015000
58   0.050000
59  -0.015000
60   0.030000
61   0.005000
62   0.005000
63   0.025000
64  -0.020000
65  -0.010000
66  -0.055000
67   0.045000
68   0.050000
69  -0.035000
70   0.105000
71   0.070000
72  -0.015000
73  -0.015000
74  -0.055000
75   0.025000
76  -0.050000
77  -0.070000
78  -0.040000
79  -0.005000
80  -0.005000
81   0.080000
82   0.015000
83   0.010000
84   0.105000
85  -0.005000
86   0.005000
87  -0.135000
88  -0.060000
89   0.015000
90  -0.020000
91   0.060000
92  -0.025000
93   0.020000
94  -0.015000
95   0.045000
96  -0.020000
97  -0.035000
98   0.075000
99  -0.010000
100   0.075000
101  -0.020000
102   0.070000
103   0.035000
104   0.010000
105   0.050000
106   0.000000
107  -0.015000
108   0.015000
109   0.050000
110   0.010000
111   0.010000
112   0.040000
113   0.020000
114   0.025000
115  -0.045000
116   0.020000
117   0.030000
118  -0.010000
119   0.065000
120   0.065000
121   0.040000
122  -0.045000
123  -0.025000
124   0.055000
125  -0.030000
126  -0.030000
127   0.010000
128   0.025000
129   0.025000
130   0.050000
131   0.065000
132  -0.050000
133   0.060000
134   0.030000
135  -0.010000
136   0.030000
137   0.030000
138  -0.005000
139  -0.080000
140   0.055000
141   0.025000
142   0.045000
143  -0.035000
144   0.015000
145  -0.130000
146  -0.050000
147  -0.085000
148   0.065000
149  -0.015000
150   0.010000
151   0.075000
152   0.020000
153  -0.075000
154   0.090000
155   0.050000
156  -0.005000
157   0.050000
158  -0.075000
159   0.040000
160   0.015000
161  -0.105000
162  -0.035000
163   0.000000
164  -0.115000
165  -0.045000
166  -0.015000
167   0.035000
168   0.060000
169   0.080000
170   0.010000
171   0.000000
172   0.115000
173   0.045000
174  -0.050000
175  -0.005000
176  -0.050000
177   0.060000
178   0.015000
179  -0.070000
180  -0.030000
181  -0.090000
182   0.080000
183   0.010000
184   0.055000
185   0.045000
186  -0.010000
187   0.060000
188   0.070000
189   0.005000
190  -0.010000
191  -0.120000
192   0.025000
193   0.020000
194  -0.045000
195   0.040000
196   0.085000
197  -0.005000
198  -0.090000
199   0.040000
200  -0.005000
201   0.055000
202  -0.050000
203  -0.010000
204  -0.060000
205  -0.015000
206   0.070000
207  -0.100000
208  -0.035000
209  -0.080000
210  -0.040000
211  -0.060000
212   0.080000
213  -0.005000
214   0.000000
215  -0.005000
216  -0.085000
217  -0.020000
218   0.035000
219   0.025000
220   0.015000
221  -0.025000
222   0.065000
223   0.070000
224   0.050000
225   0.030000
226  -0.015000
227   0.030000
228   0.070000
229  -0.055000
230   0.050000
231  -0.005000
232   0.005000
233   0.035000
234  -0.050000
235   0.010000
236   0.025000
237  -0.095000
238   0.060000
239   0.075000
240  -0.040000
241  -0.035000
242  -0.010000
243   0.045000
244  -0.005000
245   0.035000
246   0.095000
247   0.005000
248   0.000000
249   0.040000
250   0.180000
251  -0.065000
252   0.110000
253   0.075000
254  -0.025000
255  -0.110000
256   0.030000
257   0.075000
258   0.020000
259  -0.000000
260  -0.020000
261  -0.015000
262  -0.050000
263   0.070000
264  -0.090000
265  -0.015000
266  -0.020000
267  -0.140000
268   0.050000
269   0.045000
270   0.045000
271   0.005000
272  -0.090000
273  -0.030000
274  -0.060000
275  -0.055000
276   0.060000
277   0.090000
278   0.025000
279   0.035000
280   0.020000
281  -0.070000
282   0.060000
283  -0.025000
284  -0.050000
285  -0.055000
286  -0.010000
287   0.095000
288   0.100000
289   0.040000
290   0.005000
291   0.050000
292  -0.015000
293   0.025000
294  -0.050000
295   0.055000
296   0.055000
297   0.040000
298  -0.050000
299  -0.015000
300   0.050000
301   0.020000
302   0.030000
303   0.045000
304  -0.060000
305   0.025000
306  -0.025000
307   0.040000
308   0.035000
309  -0.030000
310   0.100000
311   0.085000
312  -0.075000
313  -0.005000
314  -0.005000
315  -0.030000
316   0.135000
317   0.050000
318   0.015000
319  -0.040000
320   0.010000
321  -0.060000
322   0.030000
323  -0.055000
324   0.040000
325   0.050000
326  -0.050000
327  -0.005000
328  -0.000000
329   0.040000
330   0.070000
331   0.065000
332   0.030000
333  -0.060000
334  -0.005000
335   0.010000
336  -0.045000
337   0.035000
338  -0.010000
339  -0.050000
340   0.115000
341  -0.040000
342  -0.055000
343  -0.010000
344   0.100000
345   0.005000
346   0.060000
347   0.005000
348   0.060000
349   0.085000
350   0.005000
351   0.115000
352  -0.065000
353   0.025000
354  -0.010000
355   0.080000
356   0.000000
357   0.045000
358  -0.040000
359   0.075000
360   0.040000
361  -0.020000
362  -0.040000
363  -0.040000
364  -0.000000
365  -0.005000
366   0.005000
367   0.075000
368   0.030000
369  -0.025000
370   0.020000
371  -0.025000
372  -0.020000
373   0.035000
374  -0.035000
375  -0.010000
376   0.000000
377  -0.040000
378   0.005000
379  -0.030000
380  -0.005000
381  -0.015000
382   0.010000
383   0.035000
384  -0.140000
385   0.020000
386  -0.010000
387   0.090000
388   0.110000
389   0.005000
390  -0.055000
391   0.030000
392  -0.070000
393   0.015000
394  -0.045000
395  -0.010000
396   0.015000
397  -0.015000
398   0.065000
399   0.020000
400  -0.025000
401  -0.075000
402  -0.000000
403   0.005000
404  -0.090000
405  -0.060000
406  -0.070000
407   0.050000
408   0.005000
409  -0.010000
410   0.050000
411  -0.025000
412   0.040000
413   0.100000
414  -0.015000
415  -0.025000
416  -0.045000
417  -0.065000
418  -0.015000
419   0.085000
420  -0.035000
421  -0.030000
422  -0.030000
423  -0.035000
424   0.000000
425  -0.010000
426  -0.045000
427   0.005000
428  -0.020000
429   0.050000
430   0.000000
431   0.025000
432  -0.120000
433  -0.010000
434   0.035000
435   0.010000
436  -0.015000
437   0.120000
438   0.115000
439   0.050000
440  -0.025000
441  -0.065000
442   0.085000
443  -0.065000
444  -0.010000
445   0.020000
446   0.025000
447   0.060000
448   0.015000
449   0.035000
450  -0.020000
451  -0.005000
452  -0.080000
453   0.035000
454   0.025000
455   0.005000
456   0.175000
457   0.105000
458  -0.075000
459   0.080000
460   0.015000
461   0.010000
462   0.020000
463  -0.035000
464  -0.035000
465  -0.080000
466   0.035000
467  -0.010000
468  -0.040000
469  -0.090000
470  -0.015000
471  -0.010000
472   0.060000
473   0.010000
474   0.005000
475   0.005000
476   0.090000
477   0.045000
478  -0.070000
479   0.035000
480  -0.030000
481  -0.035000
482   0.055000
483  -0.030000
484   0.000000
485  -0.000000
486   0.085000
487   0.075000
488  -0.035000
489  -0.050000
490  -0.085000
491   0.045000
492  -0.000000
493   0.025000
494  -0.015000
495  -0.010000
496  -0.105000
497   0.090000
498   0.055000
499  -0.030000
500  -0.040000
-499  -0.035000
-498   0.015000
-497  -0.095000
-496   0.045000
-495   0.080000
-494  -0.085000
-493   0.025000
-492  -0.080000
-491  -0.030000
-490   0.015000
-489   0.015000
-488   0.065000
-487   0.015000
-486   0.040000
-485  -0.040000
-484   0.010000
-483  -0.125000
-482   0.030000
-481   0.025000
-480  -0.040000
-479  -0.015000
-478   0.030000
-477   0.015000
-476   0.060000
-475   0.045000
-474   0.010000
-473  -0.030000
-472  -0.025000
-471  -0.020000
-470   0.025000
-469  -0.035000
-468  -0.080000
-467  -0.020000
-466   0.065000
-465   0.035000
-464  -0.050000
-463   0.035000
-462  -0.055000
-461  -0.025000
-460  -0.065000
-459  -0.025000
-458  -0.025000
-457   0.030000
-456   0.030000
-455   0.010000
-454   0.015000
-453   0.020000
-452   0.060000
-451   0.020000
-450   0.020000
-449   0.000000
-448   0.015000
-447   0.040000
-446  -0.070000
-445  -0.055000
-444  -0.095000
-443   0.020000
-442  -0.060000
-441  -0.030000
-440  -0.050000
-439   0.015000
-438   0.020000
-437  -0.035000
-436   0.020000
-435   0.080000
-434  -0.020000
-433   0.035000
-432  -0.010000
-431  -0.010000
-430   0.040000
-429   0.045000
-428   0.000000
-427  -0.005000
-426  -0.050000
-425  -0.015000
-424  -0.015000
-423   0.120000
-422  -0.065000
-421   0.090000
-420   0.005000
-419   0.120000
-418   0.070000
-417   0.050000
-416   0.025000
-415  -0.035000
-414  -0.045000
-413   0.000000
-412   0.070000
-411   0.015000
-410  -0.005000
-409  -0.075000
-408   0.005000
-407  -0.035000
-406   0.030000
-405  -0.035000
-404  -0.020000
-403   0.020000
-402   0.005000
-401   0.035000
-400   0.015000
-399   0.010000
-398   0.005000
-397   0.055000
-396   0.020000
-395   0.025000
-394  -0.105000
-393   0.055000
-392  -0.030000
-391  -0.045000
-390  -0.060000
-389  -0.040000
-388  -0.050000
-387  -0.015000
-386  -0.025000
-385   0.015000
-384   0.000000
-383   0.025000
-382  -0.035000
-381  -0.035000
-380  -0.025000
-379   0.035000
-378   0.000000
-377   0.055000
-376  -0.010000
-375  -0.060000
-374   0.080000
-373   0.045000
-372  -0.015000
-371  -0.065000
-370  -0.075000
-369  -0.050000
-368   0.050000
-367   0.035000
-366  -0.015000
-365   0.015000
-364  -0.060000
-363  -0.025000
-362  -0.015000
-361   0.080000
-360   0.025000
-359   0.130000
-358   0.020000
-357  -0.010000
-356   0.020000
-355   0.025000
-354   0.070000
-353   0.010000
-352   0.020000
-351  -0.035000
-350  -0.015000
-349   0.020000
-348   0.040000
-347   0.035000
-346  -0.015000
-345   0.040000
-344  -0.005000
-343   0.005000
-342  -0.035000
-341  -0.050000
-340   0.070000
-339  -0.125000
-338  -0.050000
-337  -0.060000
-336   0.010000
-335  -0.005000
-334  -0.020000
-333  -0.045000
-332   0.020000
-331   0.040000
-330   0.025000
-329   0.115000
-328   0.060000
-327  -0.040000
-326   0.020000
-325  -0.015000
-324   0.005000
-323   0.075000
-322  -0.025000
-321  -0.010000
-320  -0.060000
-319   0.065000
-318   0.025000
-317  -0.040000
-316  -0.010000
-315   0.010000
-314   0.055000
-313   0.035000
-312  -0.035000
-311  -0.025000
-310   0.025000
-309  -0.170000
-308  -0.040000
-307  -0.060000
-306   0.025000
-305  -0.055000
-304  -0.005000
-303   0.035000
-302  -0.080000
-301  -0.010000
-300  -0.025000
-299  -0.010000
-298   0.035000
-297   0.045000
-296  -0.040000
-295   0.065000
-294  -0.015000
-293  -0.075000
-292   0.040000
-291  -0.005000
-290   0.030000
-289  -0.020000
-288  -0.025000
-287   0.025000
-286   0.035000
-285  -0.120000
-284  -0.070000
-283  -0.065000
-282  -0.070000
-281  -0.020000
-280   0.055000
-279   0.020000
-278   0.035000
-277   0.005000
-276  -0.040000
-275   0.065000
-274   0.010000
-273   0.075000
-272  -0.050000
-271  -0.060000
-270   0.035000
-269   0.015000
-268  -0.015000
-267  -0.030000
-266   0.010000
-265   0.030000
-264   0.015000
-263   0.110000
-262   0.010000
-261   0.025000
-260  -0.005000
-259  -0.040000
-258  -0.040000
-257  -0.020000
-256  -0.015000
-255   0.095000
-254   0.055000
-253  -0.025000
-252   0.055000
-251  -0.025000
-250  -0.005000
-249   0.005000
-248   0.075000
-247  -0.115000
-246   0.045000
-245   0.030000
-244  -0.045000
-243  -0.000000
-242  -0.040000
-241   0.005000
-240   0.005000
-239  -0.005000
-238  -0.005000
-237  -0.065000
-236   0.025000
-235  -0.040000
-234   0.015000
-233  -0.065000
-232   0.015000
-231   0.035000
-230   0.025000
-229  -0.005000
-228   0.120000
-227  -0.030000
-226  -0.050000
-225   0.030000
-224  -0.035000
-223   0.045000
-222  -0.010000
-221  -0.075000
-220   0.025000
-219   0.005000
-218  -0.115000
-217  -0.055000
-216   0.040000
-215   0.080000
-214  -0.070000
-213   0.015000
-212  -0.070000
-211   0.050000
-210  -0.030000
-209   0.145000
-208  -0.035000
-207   0.035000
-206   0.010000
-205  -0.080000
-204   0.015000
-203   0.125000
-202   0.000000
-201   0.065000
-200  -0.015000
-199   0.050000
-198   0.010000
-197  -0.045000
-196  -0.005000
-195   0.020000
-194  -0.065000
-193   0.025000
-192   0.045000
-191   0.030000
-190   0.060000
-189   0.015000
-188  -0.030000
-187   0.005000
-186   0.040000
-185  -0.000000
-184   0.030000
-183   0.055000
-182   0.035000
-181  -0.050000
-180   0.060000
-179   0.030000
-178   0.025000
-177  -0.070000
-176  -0.060000
-175   0.080000
-174   0.045000
-173   0.040000
-172   0.060000
-171  -0.035000
-170   0.000000
-169  -0.015000
-168   0.075000
-167  -0.040000
-166   0.010000
-165   0.040000
-164   0.085000
-163   0.090000
-162  -0.030000
-161  -0.065000
-160   0.030000
-159   0.015000
-158   0.070000
-157   0.010000
-156   0.040000
-155   0.035000
-154  -0.005000
-153   0.080000
-152   0.055000
-151   0.005000
-150  -0.045000
-149  -0.020000
-148   0.030000
-147   0.070000
-146   0.025000
-145   0.035000
-144   0.120000
-143  -0.015000
-142   0.010000
-141  -0.050000
-140   0.020000
-139  -0.040000
-138  -0.040000
-137   0.020000
-136   0.010000
-135   0.010000
-134  -0.035000
-133  -0.005000
-132   0.055000
-131   0.040000
-130  -0.010000
-129   0.075000
-128  -0.030000
-127   0.015000
-126  -0.040000
-125  -0.045000
-124   0.005000
-123   0.090000
-122  -0.120000
-121   0.030000
-120   0.025000
-119   0.005000
-118   0.040000
-117   0.030000
-116  -0.030000
-115  -0.010000
-114  -0.015000
-113   0.025000
-112   0.055000
-111   0.060000
-110   0.005000
-109  -0.045000
-108  -0.075000
-107   0.060000
-106  -0.010000
-105   0.030000
-104  -0.040000
-103  -0.035000
-102   0.060000
-101   0.015000
-100   0.025000
-99   0.005000
-98  -0.015000
-97   0.085000
-96   0.055000
-95   0.005000
-94  -0.035000
-93   0.010000
-92  -0.000000
-91  -0.000000
-90  -0.065000
-89   0.060000
-88  -0.060000
-87   0.065000
-86  -0.025000
-85  -0.110000
-84   0.050000
-83   0.015000
-82  -0.090000
-81  -0.075000
-80  -0.055000
-79  -0.060000
-78  -0.035000
-77  -0.020000
-76  -0.090000
-75  -0.060000
-74  -0.105000
-73  -0.015000
-72  -0.045000
-71  -0.000000
-70  -0.020000
-69   0.080000
-68  -0.040000
-67   0.045000
-66  -0.025000
-65   0.055000
-64   0.030000
-63  -0.020000
-62  -0.040000
-61   0.005000
-60   0.070000
-59   0.080000
-58  -0.030000
-57  -0.035000
-56  -0.060000
-55   0.030000
-54  -0.015000
-53   0.010000
-52   0.030000
-51  -0.070000
-50  -0.125000
-49   0.095000
-48   0.025000
-47  -0.055000
-46  -0.050000
-45  -0.065000
-44   0.075000
-43  -0.055000
-42  -0.055000
-41   0.025000
-40  -0.045000
-39  -0.025000
-38  -0.060000
-37  -0.055000
-36   0.095000
-35  -0.020000
-34  -0.040000
-33   0.000000
-32  -0.045000
-31  -0.055000
-30  -0.085000
-29   0.040000
-28   0.090000
-27   0.070000
-26   0.020000
-25  -0.030000
-24   0.145000
-23   0.020000
-22  -0.040000
-21  -0.000000
-20   0.010000
-19   0.060000
-18  -0.015000
-17   0.025000
-16  -0.065000
-15   0.035000
-14   0.040000
-13   0.005000
-12   0.075000
-11   0.170000
-10   0.020000
-9   0.000000
-8  -0.085000
-7   0.000000
-6   0.005000
-5   0.000000
-4   0.000000
-3  -0.025000
-2  -0.020000
-1   0.020000
