0   0.015000
1  -0.000000
2  -0.060000
3  -0.065000
4  -0.030000
5   0.010000
6  -0.010000
7  -0.010000
8   0.020000
9   0.040000
10  -0.035000
11  -0.020000
12   0.040000
13   0.000000
14   0.100000
15  -0.045000
16   0.050000
17  -0.030000
18   0.040000
19   0.080000
20   0.040000
21  -0.115000
22  -0.085000
23  -0.050000
24  -0.030000
25  -0.110000
26   0.050000
27   0.025000
28  -0.070000
29  -0.010000
30   0.035000
31   0.090000
32  -0.005000
33  -0.050000
34   0.085000
35   0.025000
36  -0.005000
37  -0.020000
38  -0.040000
39   0.035000
40   0.045000
41  -0.030000
42   0.030000
43  -0.020000
44  -0.025000
45   0.095000
46   0.035000
47  -0.050000
48   0.080000
49  -0.020000
50   0.040000
51  -0.020000
52  -0.030000
53  -0.005000
54  -0.010000
55   0.010000
56   0.085000
57  -0.010000
58  -0.025000
59   0.055000
60  -0.030000
61   0.010000
62  -0.040000
63  -0.035000
64  -0.050000
65   0.020000
66   0.045000
67   0.035000
68  -0.020000
69  -0.090000
70   0.050000
71  -0.025000
72   0.000000
73  -0.010000
74  -0.025000
75  -0.040000
76  -0.030000
77   0.040000
78  -0.010000
79   0.005000
80   0.045000
81  -0.040000
82  -0.030000
83   0.055000
84   0.020000
85  -0.120000
86   0.055000
87  -0.020000
88   0.025000
89  -0.050000
90   0.015000
91   0.025000
92  -0.025000
93  -0.015000
94   0.030000
95   0.050000
96   0.005000
97   0.005000
98  -0.060000
99  -0.075000
100   0.070000
101   0.015000
102  -0.025000
103   0.000000
104   0.025000
105   0.050000
106  -0.015000
107   0.075000
108   0.000000
109   0.010000
110   0.065000
111   0.025000
112  -0.015000
113  -0.000000
114   0.025000
115  -0.010000
116   0.030000
117  -0.065000
118   0.045000
119   0.040000
120  -0.010000
121  -0.065000
122   0.115000
123   0.000000
124   0.015000
125  -0.040000
126  -0.015000
127   0.060000
128  -0.030000
129   0.000000
130  -0.090000
131  -0.015000
132  -0.010000
133  -0.060000
134  -0.035000
135  -0.045000
136   0.040000
137  -0.015000
138   0.005000
139  -0.060000
140  -0.065000
141  -0.040000
142  -0.080000
143  -0.085000
144  -0.035000
145   0.060000
146  -0.015000
147   0.135000
148   0.015000
149   0.065000
150  -0.005000
151   0.075000
152  -0.005000
153  -0.050000
154  -0.010000
155  -0.015000
156   0.025000
157   0.045000
158   0.045000
159   0.005000
160   0.025000
161   0.080000
162   0.020000
163  -0.030000
164   0.055000
165  -0.015000
166  -0.015000
167   0.045000
168  -0.060000
169  -0.060000
170   0.025000
171   0.020000
172  -0.050000
173  -0.025000
174   0.045000
175   0.045000
176   0.015000
177  -0.010000
178   0.035000
179   0.000000
180   0.075000
181   0.025000
182  -0.060000
183   0.040000
184   0.065000
185  -0.135000
186  -0.070000
187  -0.050000
188  -0.045000
189   0.080000
190  -0.060000
191  -0.010000
192   0.085000
193   0.005000
194  -0.035000
195   0.050000
196   0.030000
197  -0.015000
198  -0.105000
199  -0.085000
200  -0.050000
201  -0.080000
202   0.010000
203  -0.070000
204   0.030000
205  -0.050000
206   0.025000
207   0.010000
208   0.000000
209   0.035000
210  -0.075000
211  -0.110000
212   0.085000
213  -0.065000
214  -0.010000
215  -0.020000
216  -0.010000
217   0.050000
218  -0.010000
219   0.030000
220  -0.020000
221   0.035000
222   0.020000
223   0.040000
224   0.010000
225  -0.025000
226  -0.105000
227   0.070000
228  -0.030000
229   0.015000
230  -0.055000
231   0.040000
232   0.015000
233  -0.035000
234   0.015000
235   0.065000
236   0.030000
237   0.005000
238   0.040000
239  -0.090000
240   0.075000
241   0.015000
242   0.010000
243   0.095000
244  -0.025000
245  -0.035000
246   0.040000
247   0.025000
248   0.015000
249  -0.020000
250  -0.025000
251  -0.070000
252  -0.030000
253  -0.055000
254  -0.035000
255  -0.030000
256   0.050000
257   0.005000
258  -0.075000
259  -0.035000
260   0.050000
261  -0.060000
262  -0.030000
263  -0.110000
264   0.040000
265  -0.040000
266  -0.045000
267   0.050000
268  -0.030000
269   0.005000
270  -0.010000
271  -0.025000
272  -0.030000
273  -0.040000
274   0.050000
275   0.010000
276  -0.035000
277  -0.010000
278  -0.065000
279   0.025000
280  -0.030000
281  -0.010000
282  -0.015000
283   0.005000
284  -0.020000
285  -0.060000
286  -0.045000
287   0.015000
288  -0.030000
289   0.065000
290  -0.060000
291  -0.045000
292  -0.030000
293   0.035000
294   0.105000
295   0.110000
296  -0.040000
297  -0.000000
298  -0.075000
299   0.015000
300  -0.005000
301  -0.020000
302  -0.040000
303   0.020000
304  -0.110000
305  -0.005000
306  -0.115000
307   0.040000
308   0.040000
309   0.015000
310   0.065000
311  -0.090000
312   0.060000
313  -0.115000
314   0.050000
315   0.070000
316  -0.035000
317   0.010000
318  -0.025000
319   0.005000
320  -0.080000
321   0.020000
322   0.035000
323  -0.010000
324   0.010000
325   0.035000
326  -0.070000
327  -0.000000
328   0.005000
329  -0.040000
330   0.065000
331   0.025000
332  -0.010000
333  -0.010000
334   0.045000
335  -0.060000
336  -0.075000
337   0.005000
338  -0.040000
339  -0.035000
340  -0.070000
341   0.075000
342  -0.030000
343   0.025000
344   0.040000
345  -0.050000
346   0.060000
347   0.030000
348  -0.040000
349   0.005000
350  -0.020000
351   0.065000
352   0.005000
353   0.060000
354  -0.030000
355  -0.010000
356  -0.080000
357  -0.035000
358   0.015000
359  -0.020000
360   0.045000
361   0.055000
362   0.020000
363   0.005000
364   0.015000
365   0.035000
366   0.045000
367  -0.045000
368  -0.055000
369  -0.040000
370   0.025000
371   0.005000
372  -0.025000
373   0.070000
374  -0.105000
375  -0.020000
376  -0.010000
377   0.025000
378   0.000000
379   0.025000
380  -0.085000
381  -0.025000
382   0.015000
383  -0.035000
384   0.045000
385  -0.025000
386  -0.045000
387  -0.080000
388  -0.005000
389   0.040000
390   0.050000
391   0.000000
392   0.055000
393   0.140000
394  -0.065000
395   0.015000
396   0.065000
397  -0.030000
398  -0.005000
399  -0.050000
400   0.080000
401  -0.045000
402  -0.040000
403   0.020000
404  -0.015000
405  -0.010000
406   0.065000
407   0.025000
408  -0.005000
409  -0.075000
410   0.070000
411  -0.005000
412  -0.065000
413   0.110000
414  -0.000000
415  -0.020000
416  -0.020000
417   0.025000
418  -0.035000
419  -0.060000
420  -0.010000
421   0.105000
422   0.040000
423   0.055000
424   0.000000
425  -0.085000
426   0.045000
427   0.050000
428  -0.105000
429   0.025000
430   0.045000
431  -0.070000
432   0.055000
433  -0.000000
434  -0.060000
435   0.075000
436  -0.010000
437   0.015000
438   0.010000
439  -0.060000
440   0.055000
441  -0.020000
442  -0.015000
443   0.025000
444   0.120000
445  -0.075000
446  -0.010000
447  -0.045000
448  -0.035000
449  -0.065000
450  -0.035000
451  -0.060000
452   0.005000
453   0.020000
454  -0.015000
455  -0.000000
456   0.030000
457   0.025000
458   0.115000
459  -0.020000
460   0.015000
461   0.025000
462  -0.015000
463   0.030000
464  -0.060000
465  -0.085000
466   0.060000
467  -0.015000
468  -0.015000
469  -0.040000
470   0.025000
471   0.050000
472   0.070000
473  -0.035000
474  -0.075000
475   0.105000
476   0.015000
477   0.050000
478  -0.070000
479   0.000000
480  -0.075000
481  -0.020000
482  -0.070000
483  -0.020000
484   0.015000
485  -0.015000
486  -0.025000
487   0.090000
488  -0.005000
489  -0.090000
490   0.060000
491   0.035000
492  -0.025000
493  -0.005000
494   0.065000
495   0.040000
496   0.045000
497  -0.020000
498  -0.035000
499  -0.025000
500  -0.135000
-499   0.080000
-498   0.065000
-497   0.050000
-496  -0.100000
-495  -0.005000
-494   0.090000
-493  -0.020000
-492  -0.045000
-491  -0.080000
-490  -0.030000
-489   0.005000
-488   0.060000
-487  -0.010000
-486   0.015000
-485   0.090000
-484  -0.085000
-483   0.030000
-482  -0.085000
-481   0.065000
-480  -0.015000
-479   0.020000
-478   0.045000
-477   0.105000
-476  -0.020000
-475  -0.100000
-474  -0.000000
-473   0.035000
-472  -0.045000
-471   0.010000
-470  -0.005000
-469  -0.010000
-468   0.005000
-467   0.005000
-466  -0.030000
-465  -0.020000
-464   0.040000
-463  -0.035000
-462   0.010000
-461  -0.030000
-460  -0.060000
-459  -0.145000
-458  -0.025000
-457   0.020000
-456  -0.095000
-455   0.060000
-454   0.025000
-453  -0.055000
-452   0.045000
-451   0.035000
-450   0.045000
-449  -0.015000
-448  -0.050000
-447  -0.050000
-446  -0.035000
-445  -0.005000
-444  -0.035000
-443   0.050000
-442  -0.005000
-441  -0.105000
-440   0.080000
-439   0.015000
-438  -0.085000
-437   0.060000
-436  -0.015000
-435   0.040000
-434   0.010000
-433  -0.030000
-432  -0.050000
-431  -0.115000
-430   0.040000
-429  -0.070000
-428   0.015000
-427  -0.085000
-426   0.030000
-425   0.050000
-424  -0.025000
-423   0.015000
-422   0.090000
-421   0.025000
-420  -0.020000
-419   0.035000
-418   0.050000
-417   0.035000
-416  -0.000000
-415   0.020000
-414   0.025000
-413  -0.040000
-412   0.055000
-411  -0.005000
-410   0.100000
-409  -0.010000
-408   0.040000
-407   0.070000
-406   0.045000
-405   0.080000
-404   0.020000
-403  -0.005000
-402  -0.030000
-401   0.015000
-400   0.015000
-399  -0.040000
-398  -0.025000
-397  -0.020000
-396   0.000000
-395   0.080000
-394   0.065000
-393  -0.085000
-392  -0.025000
-391   0.015000
-390  -0.035000
-389   0.025000
-388  -0.020000
-387  -0.055000
-386  -0.090000
-385  -0.065000
-384   0.030000
-383  -0.010000
-382   0.000000
-381   0.030000
-380  -0.030000
-379  -0.065000
-378  -0.005000
-377  -0.050000
-376   0.010000
-375   0.075000
-374  -0.050000
-373  -0.010000
-372   0.030000
-371  -0.035000
-370  -0.030000
-369   0.010000
-368   0.040000
-367   0.060000
-366   0.065000
-365   0.025000
-364  -0.010000
-363  -0.085000
-362  -0.045000
-361  -0.010000
-360  -0.025000
-359   0.060000
-358  -0.045000
-357  -0.110000
-356   0.015000
-355   0.025000
-354  -0.090000
-353  -0.010000
-352  -0.005000
-351   0.040000
-350   0.050000
-349   0.025000
-348  -0.070000
-347  -0.085000
-346   0.025000
-345  -0.010000
-344   0.015000
-343   0.015000
-342  -0.070000
-341   0.040000
-340   0.055000
-339  -0.045000
-338  -0.030000
-337   0.030000
-336   0.045000
-335  -0.050000
-334   0.025000
-333  -0.035000
-332  -0.085000
-331  -0.015000
-330  -0.005000
-329  -0.030000
-328  -0.005000
-327   0.045000
-326  -0.080000
-325  -0.030000
-324   0.015000
-323   0.010000
-322   0.045000
-321  -0.005000
-320  -0.005000
-319   0.010000
-318  -0.020000
-317  -0.060000
-316   0.020000
-315  -0.035000
-314   0.005000
-313  -0.090000
-312  -0.040000
-311  -0.045000
-310   0.080000
-309   0.000000
-308   0.005000
-307   0.040000
-306   0.060000
-305   0.015000
-304   0.010000
-303  -0.010000
-302  -0.020000
-301  -0.035000
-300  -0.040000
-299   0.080000
-298   0.045000
-297   0.005000
-296   0.025000
-295   0.015000
-294   0.035000
-293   0.035000
-292   0.000000
-291   0.025000
-290   0.050000
-289  -0.010000
-288   0.015000
-287  -0.050000
-286  -0.025000
-285  -0.105000
-284   0.000000
-283   0.050000
-282  -0.045000
-281   0.045000
-280   0.110000
-279   0.080000
-278   0.025000
-277   0.065000
-276   0.010000
-275  -0.015000
-274  -0.045000
-273   0.005000
-272   0.100000
-271   0.040000
-270   0.065000
-269  -0.110000
-268   0.000000
-267  -0.065000
-266   0.010000
-265  -0.010000
-264   0.010000
-263   0.035000
-262   0.000000
-261  -0.010000
-260   0.005000
-259   0.065000
-258  -0.050000
-257   0.075000
-256   0.020000
-255  -0.025000
-254   0.065000
-253  -0.005000
-252  -0.015000
-251   0.035000
-250   0.005000
-249   0.035000
-248   0.085000
-247  -0.095000
-246  -0.030000
-245  -0.085000
-244  -0.025000
-243   0.065000
-242  -0.020000
-241   0.025000
-240  -0.015000
-239  -0.065000
-238   0.040000
-237  -0.035000
-236  -0.005000
-235  -0.085000
-234   0.010000
-233   0.040000
-232  -0.020000
-231   0.015000
-230  -0.010000
-229   0.020000
-228  -0.030000
-227  -0.080000
-226  -0.030000
-225   0.030000
-224   0.020000
-223   0.045000
-222  -0.060000
-221   0.015000
-220   0.025000
-219  -0.095000
-218   0.015000
-217   0.015000
-216   0.010000
-215   0.005000
-214  -0.005000
-213   0.035000
-212  -0.055000
-211  -0.060000
-210   0.015000
-209  -0.040000
-208  -0.040000
-207   0.005000
-206  -0.005000
-205   0.010000
-204   0.030000
-203   0.030000
-202   0.035000
-201   0.090000
-200  -0.035000
-199  -0.010000
-198   0.085000
-197   0.000000
-196   0.135000
-195  -0.030000
-194  -0.080000
-193  -0.030000
-192  -0.015000
-191   0.080000
-190   0.005000
-189   0.035000
-188  -0.020000
-187   0.095000
-186   0.055000
-185   0.120000
-184  -0.025000
-183  -0.005000
-182  -0.045000
-181   0.030000
-180   0.040000
-179   0.075000
-178   0.020000
-177  -0.010000
-176  -0.035000
-175  -0.010000
-174   0.055000
-173   0.035000
-172   0.005000
-171   0.025000
-170   0.075000
-169   0.080000
-168  -0.020000
-167  -0.045000
-166   0.065000
-165   0.025000
-164  -0.000000
-163   0.060000
-162  -0.035000
-161   0.060000
-160   0.040000
-159   0.000000
-158  -0.020000
-157  -0.035000
-156  -0.025000
-155   0.140000
-154   0.035000
-153   0.045000
-152  -0.060000
-151  -0.015000
-150  -0.070000
-149   0.065000
-148   0.005000
-147   0.070000
-146  -0.075000
-145   0.010000
-144  -0.005000
-143   0.040000
-142   0.045000
-141  -0.005000
-140  -0.005000
-139   0.035000
-138  -0.005000
-137   0.020000
-136  -0.025000
-135  -0.010000
-134   0.020000
-133  -0.065000
-132  -0.055000
-131   0.015000
-130  -0.000000
-129  -0.040000
-128  -0.015000
-127  -0.005000
-126   0.040000
-125  -0.005000
-124  -0.045000
-123  -0.020000
-122  -0.010000
-121  -0.015000
-120   0.005000
-119  -0.035000
-118   0.005000
-117   0.010000
-116   0.015000
-115   0.000000
-114   0.065000
-113   0.000000
-112  -0.020000
-111  -0.030000
-110  -0.025000
-109   0.005000
-108  -0.005000
-107  -0.030000
-106   0.030000
-105   0.015000
-104  -0.090000
-103   0.025000
-102   0.105000
-101   0.005000
-100   0.065000
-99   0.040000
-98   0.045000
-97   0.040000
-96  -0.020000
-95   0.090000
-94   0.025000
-93   0.025000
-92  -0.090000
-91   0.030000
-90  -0.065000
-89   0.030000
-88  -0.010000
-87  -0.065000
-86   0.080000
-85   0.065000
-84   0.005000
-83   0.050000
-82   0.075000
-81   0.115000
-80  -0.025000
-79  -0.020000
-78  -0.010000
-77   0.005000
-76  -0.035000
-75  -0.035000
-74   0.015000
-73  -0.070000
-72   0.010000
-71   0.015000
-70  -0.055000
-69  -0.085000
-68  -0.045000
-67   0.040000
-66   0.010000
-65  -0.015000
-64   0.095000
-63  -0.000000
-62   0.040000
-61  -0.020000
-60   0.135000
-59  -0.035000
-58  -0.015000
-57  -0.070000
-56   0.040000
-55  -0.010000
-54  -0.025000
-53  -0.015000
-52  -0.075000
-51  -0.095000
-50  -0.025000
-49   0.020000
-48  -0.050000
-47  -0.085000
-46  -0.065000
-45   0.020000
-44   0.005000
-43   0.035000
-42  -0.015000
-41   0.035000
-40  -0.015000
-39   0.040000
-38   0.035000
-37  -0.045000
-36   0.060000
-35   0.070000
-34   0.065000
-33   0.015000
-32   0.115000
-31  -0.000000
-30   0.085000
-29  -0.030000
-28   0.005000
-27  -0.020000
-26   0.010000
-25  -0.005000
-24  -0.010000
-23   0.005000
-22  -0.090000
-21   0.025000
-20  -0.050000
-19   0.055000
-18  -0.020000
-17   0.040000
-16  -0.015000
-15   0.030000
-14  -0.090000
-13   0.015000
-12   0.020000
-11   0.040000
-10  -0.055000
-9   0.005000
-8   0.005000
-7   0.045000
-6  -0.005000
-5   0.000000
-4  -0.100000
-3  -0.065000
-2  -0.045000
-1   0.025000
