0  -0.015000
1  -0.090000
2   0.020000
3   0.105000
4   0.020000
5  -0.020000
6   0.005000
7   0.000000
8  -0.030000
9   0.015000
10  -0.055000
11   0.020000
12  -0.015000
13   0.000000
14  -0.015000
15   0.055000
16  -0.030000
17   0.070000
18   0.015000
19   0.020000
20   0.020000
21   0.075000
22  -0.035000
23   0.070000
24  -0.050000
25  -0.030000
26   0.045000
27  -0.045000
28  -0.000000
29  -0.005000
30   0.115000
31  -0.015000
32   0.005000
33  -0.045000
34  -0.045000
35   0.075000
36  -0.055000
37  -0.020000
38  -0.035000
39   0.020000
40   0.045000
41  -0.040000
42   0.015000
43  -0.005000
44   0.085000
45   0.020000
46  -0.010000
47  -0.035000
48  -0.005000
49   0.010000
50   0.020000
51  -0.005000
52  -0.060000
53   0.010000
54   0.065000
55   0.040000
56   0.065000
57  -0.005000
58   0.010000
59   0.015000
60  -0.020000
61  -0.070000
62  -0.040000
63  -0.070000
64  -0.010000
65  -0.095000
66   0.045000
67   0.015000
68   0.010000
69  -0.060000
70  -0.005000
71   0.000000
72   0.010000
73   0.015000
74   0.015000
75  -0.020000
76   0.080000
77   0.055000
78  -0.005000
79  -0.005000
80   0.105000
81   0.055000
82   0.120000
83   0.100000
84   0.010000
85   0.085000
86  -0.005000
87   0.005000
88  -0.050000
89  -0.050000
90   0.025000
91   0.015000
92   0.005000
93  -0.040000
94  -0.105000
95  -0.045000
96  -0.070000
97   0.005000
98   0.045000
99  -0.025000
100   0.100000
101   0.075000
102  -0.040000
103  -0.005000
104  -0.010000
105   0.045000
106  -0.065000
107   0.065000
108  -0.065000
109   0.035000
110   0.050000
111  -0.020000
112   0.065000
113  -0.005000
114   0.060000
115   0.010000
116   0.015000
117  -0.110000
118  -0.075000
119  -0.100000
120  -0.065000
121   0.010000
122   0.010000
123  -0.010000
124  -0.015000
125   0.010000
126  -0.060000
127  -0.090000
128  -0.020000
129  -0.055000
130  -0.020000
131   0.010000
132   0.040000
133   0.015000
134  -0.010000
135   0.075000
136  -0.025000
137   0.025000
138  -0.060000
139   0.005000
140  -0.020000
141   0.010000
142   0.020000
143  -0.020000
144  -0.015000
145  -0.105000
146  -0.035000
147  -0.035000
148  -0.040000
149  -0.040000
150   0.025000
151  -0.050000
152   0.030000
153   0.060000
154  -0.115000
155   0.020000
156  -0.000000
157   0.005000
158   0.055000
159  -0.005000
160   0.060000
161  -0.040000
162  -0.115000
163  -0.020000
164   0.100000
165   0.020000
166   0.065000
167  -0.055000
168   0.090000
169  -0.020000
170   0.010000
171   0.000000
172  -0.045000
173  -0.040000
174   0.050000
175   0.065000
176  -0.010000
177   0.025000
178  -0.080000
179  -0.105000
180  -0.025000
181  -0.010000
182   0.005000
183  -0.080000
184   0.045000
185   0.090000
186   0.065000
187  -0.010000
188  -0.060000
189   0.035000
190   0.035000
191   0.030000
192  -0.035000
193  -0.035000
194   0.005000
195   0.085000
196   0.060000
197  -0.035000
198   0.005000
199   0.090000
200   0.015000
201  -0.010000
202  -0.040000
203   0.065000
204   0.010000
205  -0.090000
206   0.065000
207   0.000000
208   0.005000
209   0.010000
210   0.005000
211  -0.060000
212  -0.050000
213   0.130000
214  -0.015000
215  -0.040000
216   0.040000
217   0.065000
218  -0.020000
219   0.090000
220  -0.010000
221   0.005000
222  -0.045000
223   0.015000
224  -0.055000
225   0.030000
226   0.130000
227   0.005000
228  -0.020000
229  -0.030000
230   0.125000
231  -0.025000
232   0.085000
233  -0.020000
234   0.015000
235  -0.115000
236   0.045000
237  -0.060000
238   0.010000
239  -0.055000
240   0.035000
241  -0.005000
242   0.045000
243  -0.015000
244   0.005000
245  -0.050000
246   0.020000
247   0.020000
248  -0.055000
249  -0.030000
250   0.015000
251  -0.055000
252  -0.015000
253  -0.035000
254  -0.040000
255  -0.080000
256   0.040000
257  -0.020000
258   0.075000
259  -0.075000
260   0.060000
261   0.010000
262  -0.010000
263   0.040000
264   0.005000
265   0.115000
266  -0.025000
267  -0.020000
268   0.010000
269  -0.075000
270  -0.045000
271   0.010000
272   0.070000
273   0.015000
274  -0.025000
275  -0.010000
276   0.040000
277  -0.000000
278   0.055000
279   0.035000
280   0.060000
281  -0.035000
282   0.095000
283   0.030000
284  -0.010000
285   0.040000
286  -0.045000
287   0.010000
288  -0.020000
289   0.005000
290   0.025000
291  -0.090000
292  -0.035000
293   0.025000
294  -0.000000
295   0.015000
296   0.010000
297   0.030000
298  -0.015000
299  -0.015000
300   0.045000
301  -0.060000
302   0.015000
303  -0.040000
304   0.005000
305  -0.020000
306  -0.025000
307   0.010000
308   0.105000
309  -0.035000
310   0.015000
311   0.030000
312  -0.040000
313   0.015000
314  -0.015000
315  -0.050000
316  -0.120000
317   0.050000
318   0.000000
319  -0.020000
320  -0.115000
321   0.015000
322  -0.060000
323   0.030000
324  -0.040000
325   0.030000
326   0.040000
327  -0.020000
328  -0.095000
329   0.055000
330   0.090000
331   0.000000
332  -0.015000
333   0.025000
334  -0.065000
335  -0.065000
336  -0.005000
337   0.020000
338  -0.085000
339   0.080000
340   0.030000
341  -0.125000
342   0.025000
343  -0.080000
344   0.010000
345   0.010000
346   0.050000
347  -0.020000
348   0.015000
349   0.010000
350  -0.035000
351  -0.000000
352  -0.045000
353   0.010000
354  -0.055000
355  -0.110000
356   0.010000
357  -0.015000
358   0.025000
359  -0.040000
360   0.000000
361   0.055000
362  -0.010000
363  -0.040000
364   0.045000
365   0.085000
366  -0.020000
367  -0.000000
368  -0.005000
369  -0.040000
370   0.005000
371  -0.055000
372   0.020000
373   0.025000
374   0.020000
375  -0.055000
376   0.075000
377   0.015000
378   0.050000
379  -0.010000
380  -0.075000
381   0.040000
382  -0.045000
383   0.030000
384   0.035000
385  -0.030000
386   0.040000
387   0.075000
388   0.030000
389   0.115000
390   0.010000
391   0.055000
392   0.020000
393   0.100000
394   0.005000
395   0.015000
396   0.010000
397   0.005000
398   0.040000
399   0.050000
400  -0.005000
401   0.015000
402  -0.020000
403   0.050000
404  -0.020000
405  -0.000000
406  -0.005000
407  -0.020000
408  -0.010000
409   0.020000
410   0.020000
411   0.015000
412  -0.075000
413   0.040000
414   0.035000
415   0.050000
416  -0.045000
417   0.040000
418  -0.015000
419   0.065000
420  -0.025000
421   0.020000
422  -0.015000
423   0.095000
424   0.005000
425   0.010000
426   0.045000
427  -0.055000
428  -0.055000
429  -0.020000
430   0.035000
431  -0.045000
432   0.015000
433  -0.015000
434   0.075000
435  -0.055000
436  -0.030000
437   0.040000
438   0.040000
439  -0.000000
440  -0.035000
441  -0.095000
442   0.090000
443   0.030000
444  -0.055000
445   0.045000
446   0.020000
447  -0.020000
448  -0.020000
449  -0.025000
450   0.025000
451  -0.090000
452   0.080000
453   0.005000
454  -0.070000
455   0.025000
456  -0.065000
457   0.055000
458   0.075000
459   0.015000
460  -0.075000
461  -0.015000
462   0.025000
463  -0.015000
464   0.060000
465   0.075000
466  -0.080000
467   0.025000
468   0.020000
469   0.030000
470  -0.055000
471   0.025000
472   0.035000
473   0.040000
474  -0.025000
475   0.005000
476  -0.025000
477  -0.085000
478   0.005000
479   0.045000
480  -0.085000
481  -0.005000
482   0.000000
483   0.030000
484   0.055000
485  -0.020000
486  -0.135000
487   0.025000
488   0.145000
489   0.010000
490  -0.020000
491   0.020000
492   0.010000
493   0.005000
494  -0.095000
495   0.015000
496  -0.035000
497  -0.035000
498  -0.000000
499   0.045000
500  -0.080000
-499   0.010000
-498  -0.080000
-497   0.040000
-496  -0.030000
-495   0.105000
-494  -0.020000
-493   0.010000
-492  -0.045000
-491  -0.030000
-490  -0.030000
-489  -0.025000
-488   0.005000
-487  -0.020000
-486  -0.005000
-485  -0.030000
-484   0.025000
-483  -0.015000
-482  -0.090000
-481  -0.045000
-480  -0.070000
-479  -0.040000
-478  -0.115000
-477   0.075000
-476  -0.090000
-475  -0.025000
-474  -0.035000
-473   0.030000
-472  -0.010000
-471   0.025000
-470   0.060000
-469   0.020000
-468  -0.075000
-467   0.040000
-466  -0.050000
-465   0.000000
-464  -0.015000
-463  -0.025000
-462  -0.055000
-461  -0.025000
-460   0.010000
-459  -0.045000
-458  -0.040000
-457  -0.015000
-456   0.025000
-455  -0.045000
-454   0.025000
-453   0.015000
-452   0.085000
-451  -0.005000
-450   0.000000
-449  -0.085000
-448   0.060000
-447  -0.015000
-446   0.010000
-445  -0.015000
-444   0.105000
-443   0.105000
-442  -0.020000
-441   0.035000
-440  -0.015000
-439   0.010000
-438   0.020000
-437  -0.035000
-436   0.075000
-435   0.095000
-434  -0.025000
-433  -0.060000
-432   0.050000
-431  -0.000000
-430  -0.075000
-429   0.125000
-428   0.075000
-427   0.050000
-426   0.000000
-425  -0.045000
-424  -0.055000
-423  -0.055000
-422  -0.035000
-421  -0.085000
-420  -0.025000
-419  -0.025000
-418   0.055000
-417   0.020000
-416   0.035000
-415   0.025000
-414   0.040000
-413  -0.070000
-412   0.045000
-411  -0.040000
-410  -0.025000
-409  -0.045000
-408   0.070000
-407   0.005000
-406  -0.025000
-405   0.015000
-404   0.025000
-403  -0.025000
-402   0.035000
-401  -0.150000
-400   0.070000
-399   0.050000
-398   0.030000
-397   0.025000
-396  -0.045000
-395  -0.085000
-394   0.015000
-393  -0.075000
-392  -0.070000
-391  -0.020000
-390   0.005000
-389   0.030000
-388  -0.045000
-387   0.040000
-386  -0.070000
-385   0.020000
-384  -0.075000
-383   0.015000
-382   0.015000
-381   0.005000
-380   0.005000
-379  -0.060000
-378   0.090000
-377   0.010000
-376   0.000000
-375  -0.030000
-374  -0.035000
-373   0.010000
-372   0.035000
-371   0.085000
-370  -0.055000
-369   0.080000
-368  -0.075000
-367  -0.025000
-366  -0.015000
-365   0.055000
-364   0.025000
-363  -0.070000
-362   0.040000
-361  -0.070000
-360   0.090000
-359   0.005000
-358   0.000000
-357  -0.035000
-356   0.055000
-355   0.030000
-354  -0.065000
-353   0.005000
-352   0.010000
-351   0.030000
-350   0.085000
-349   0.030000
-348  -0.120000
-347  -0.010000
-346  -0.035000
-345   0.045000
-344  -0.000000
-343   0.005000
-342   0.050000
-341  -0.035000
-340   0.020000
-339   0.090000
-338   0.045000
-337  -0.010000
-336   0.095000
-335   0.000000
-334   0.000000
-333  -0.030000
-332  -0.070000
-331  -0.005000
-330   0.065000
-329  -0.015000
-328   0.055000
-327  -0.040000
-326   0.080000
-325  -0.045000
-324   0.045000
-323  -0.040000
-322   0.055000
-321   0.085000
-320   0.065000
-319  -0.025000
-318  -0.020000
-317  -0.125000
-316   0.020000
-315   0.020000
-314   0.095000
-313  -0.025000
-312   0.025000
-311   0.030000
-310  -0.035000
-309   0.000000
-308   0.015000
-307  -0.000000
-306  -0.025000
-305   0.045000
-304   0.050000
-303   0.025000
-302   0.025000
-301   0.075000
-300   0.015000
-299   0.050000
-298   0.040000
-297   0.045000
-296  -0.025000
-295  -0.030000
-294  -0.070000
-293  -0.005000
-292   0.045000
-291   0.010000
-290  -0.095000
-289  -0.020000
-288   0.040000
-287   0.005000
-286  -0.040000
-285   0.075000
-284  -0.060000
-283  -0.100000
-282  -0.075000
-281   0.000000
-280   0.010000
-279   0.025000
-278  -0.060000
-277  -0.045000
-276   0.095000
-275   0.020000
-274  -0.030000
-273   0.000000
-272  -0.010000
-271  -0.040000
-270   0.035000
-269  -0.100000
-268   0.080000
-267   0.000000
-266   0.025000
-265  -0.045000
-264   0.040000
-263  -0.005000
-262  -0.105000
-261   0.035000
-260  -0.040000
-259  -0.075000
-258  -0.000000
-257  -0.030000
-256  -0.085000
-255   0.040000
-254  -0.005000
-253  -0.035000
-252   0.095000
-251   0.010000
-250   0.010000
-249   0.055000
-248   0.025000
-247   0.095000
-246  -0.030000
-245  -0.005000
-244  -0.000000
-243   0.040000
-242   0.050000
-241   0.055000
-240  -0.030000
-239   0.010000
-238  -0.020000
-237   0.080000
-236  -0.050000
-235   0.035000
-234  -0.040000
-233  -0.015000
-232   0.065000
-231  -0.025000
-230  -0.005000
-229   0.020000
-228  -0.040000
-227  -0.025000
-226  -0.050000
-225   0.005000
-224   0.035000
-223   0.080000
-222  -0.080000
-221  -0.015000
-220   0.030000
-219  -0.005000
-218   0.055000
-217   0.060000
-216  -0.025000
-215   0.055000
-214  -0.035000
-213   0.010000
-212  -0.090000
-211  -0.055000
-210  -0.055000
-209   0.000000
-208   0.065000
-207   0.020000
-206   0.005000
-205  -0.055000
-204   0.005000
-203   0.050000
-202   0.075000
-201   0.000000
-200   0.075000
-199  -0.000000
-198   0.020000
-197   0.085000
-196   0.060000
-195  -0.100000
-194   0.040000
-193  -0.050000
-192  -0.060000
-191  -0.040000
-190   0.135000
-189  -0.015000
-188  -0.010000
-187   0.030000
-186  -0.040000
-185   0.025000
-184  -0.015000
-183  -0.040000
-182   0.025000
-181   0.035000
-180  -0.075000
-179   0.015000
-178  -0.040000
-177  -0.025000
-176  -0.015000
-175   0.010000
-174   0.020000
-173  -0.045000
-172  -0.005000
-171  -0.000000
-170   0.005000
-169  -0.075000
-168   0.005000
-167   0.040000
-166   0.030000
-165   0.030000
-164   0.045000
-163  -0.000000
-162   0.005000
-161   0.045000
-160  -0.055000
-159   0.000000
-158  -0.025000
-157  -0.015000
-156  -0.025000
-155  -0.010000
-154   0.020000
-153   0.000000
-152  -0.050000
-151   0.010000
-150  -0.030000
-149   0.015000
-148   0.075000
-147  -0.125000
-146   0.025000
-145  -0.040000
-144  -0.015000
-143   0.035000
-142   0.040000
-141   0.005000
-140  -0.015000
-139   0.015000
-138  -0.055000
-137   0.110000
-136   0.000000
-135  -0.035000
-134  -0.025000
-133   0.035000
-132   0.005000
-131  -0.025000
-130  -0.090000
-129   0.000000
-128   0.105000
-127   0.040000
-126   0.030000
-125   0.005000
-124   0.045000
-123  -0.075000
-122  -0.010000
-121   0.140000
-120   0.080000
-119   0.070000
-118   0.080000
-117   0.020000
-116   0.050000
-115  -0.025000
-114  -0.010000
-113   0.080000
-112  -0.055000
-111  -0.010000
-110  -0.060000
-109  -0.040000
-108  -0.025000
-107   0.045000
-106  -0.020000
-105   0.000000
-104  -0.065000
-103   0.030000
-102  -0.005000
-101   0.080000
-100  -0.080000
-99  -0.015000
-98  -0.020000
-97   0.010000
-96  -0.060000
-95   0.015000
-94  -0.030000
-93  -0.005000
-92  -0.010000
-91   0.000000
-90  -0.070000
-89   0.020000
-88   0.025000
-87   0.060000
-86   0.080000
-85  -0.045000
-84   0.025000
-83  -0.160000
-82   0.015000
-81   0.010000
-80   0.010000
-79  -0.050000
-78  -0.025000
-77  -0.040000
-76   0.080000
-75  -0.030000
-74   0.060000
-73  -0.000000
-72   0.005000
-71   0.060000
-70  -0.050000
-69   0.030000
-68   0.090000
-67   0.005000
-66  -0.090000
-65   0.040000
-64   0.110000
-63  -0.070000
-62   0.055000
-61   0.050000
-60   0.055000
-59   0.010000
-58  -0.035000
-57   0.015000
-56  -0.020000
-55  -0.020000
-54  -0.015000
-53  -0.025000
-52  -0.015000
-51   0.050000
-50   0.045000
-49   0.035000
-48   0.005000
-47  -0.055000
-46   0.060000
-45  -0.015000
-44   0.000000
-43  -0.075000
-42  -0.045000
-41   0.015000
-40  -0.090000
-39  -0.045000
-38   0.015000
-37  -0.020000
-36   0.000000
-35  -0.110000
-34   0.020000
-33  -0.090000
-32  -0.035000
-31   0.050000
-30  -0.025000
-29  -0.015000
-28  -0.015000
-27  -0.030000
-26  -0.010000
-25  -0.025000
-24   0.030000
-23  -0.040000
-22   0.055000
-21  -0.045000
-20  -0.040000
-19   0.080000
-18  -0.010000
-17   0.030000
-16   0.070000
-15   0.025000
-14   0.015000
-13  -0.055000
-12  -0.020000
-11   0.020000
-10   0.060000
-9   0.005000
-8   0.060000
-7   0.050000
-6  -0.035000
-5  -0.005000
-4  -0.035000
-3   0.005000
-2   0.000000
-1   0.065000
