0   0.020000
1  -0.010000
2   0.045000
3   0.070000
4   0.010000
5  -0.005000
6  -0.005000
7  -0.035000
8   0.005000
9  -0.005000
10  -0.010000
11  -0.000000
12   0.040000
13   0.030000
14   0.035000
15   0.010000
16   0.030000
17  -0.035000
18   0.010000
19  -0.020000
20   0.010000
21   0.080000
22  -0.055000
23   0.050000
24  -0.030000
25   0.010000
26  -0.020000
27  -0.110000
28  -0.030000
29  -0.045000
30   0.035000
31   0.020000
32  -0.005000
33  -0.035000
34  -0.085000
35  -0.050000
36  -0.015000
37  -0.085000
38  -0.065000
39  -0.020000
40   0.070000
41  -0.080000
42   0.025000
43   0.030000
44   0.075000
45  -0.015000
46  -0.020000
47  -0.020000
48  -0.045000
49  -0.060000
50  -0.010000
51   0.010000
52   0.060000
53   0.025000
54   0.090000
55   0.020000
56   0.050000
57  -0.060000
58  -0.065000
59  -0.045000
60   0.000000
61  -0.045000
62  -0.050000
63  -0.000000
64   0.000000
65  -0.040000
66   0.140000
67   0.040000
68   0.020000
69  -0.050000
70  -0.055000
71   0.075000
72   0.025000
73  -0.060000
74  -0.010000
75  -0.030000
76   0.065000
77   0.130000
78  -0.030000
79  -0.080000
80   0.015000
81  -0.010000
82   0.030000
83   0.020000
84   0.005000
85   0.010000
86   0.020000
87   0.030000
88  -0.030000
89  -0.050000
90   0.010000
91  -0.000000
92  -0.015000
93  -0.045000
94  -0.040000
95  -0.050000
96   0.020000
97  -0.030000
98  -0.040000
99   0.040000
100   0.060000
101   0.075000
102   0.035000
103  -0.040000
104   0.030000
105   0.040000
106  -0.075000
107   0.025000
108   0.000000
109   0.005000
110   0.030000
111  -0.085000
112  -0.050000
113   0.005000
114  -0.060000
115   0.130000
116   0.065000
117  -0.110000
118  -0.095000
119  -0.010000
120  -0.015000
121   0.080000
122   0.030000
123  -0.025000
124  -0.040000
125   0.025000
126   0.010000
127  -0.025000
128   0.010000
129  -0.065000
130   0.020000
131  -0.050000
132   0.100000
133   0.060000
134  -0.070000
135   0.065000
136   0.035000
137   0.040000
138  -0.035000
139   0.025000
140   0.065000
141   0.070000
142   0.000000
143  -0.045000
144   0.035000
145  -0.105000
146  -0.075000
147  -0.020000
148  -0.050000
149   0.095000
150   0.160000
151  -0.010000
152  -0.015000
153  -0.000000
154  -0.015000
155  -0.065000
156  -0.070000
157  -0.055000
158   0.060000
159  -0.035000
160  -0.020000
161   0.010000
162  -0.020000
163   0.030000
164   0.060000
165   0.010000
166   0.020000
167  -0.050000
168   0.030000
169  -0.030000
170   0.000000
171  -0.055000
172  -0.050000
173  -0.030000
174   0.090000
175   0.010000
176  -0.100000
177   0.125000
178  -0.100000
179  -0.040000
180  -0.020000
181  -0.015000
182   0.065000
183  -0.070000
184  -0.015000
185  -0.010000
186   0.115000
187   0.055000
188  -0.035000
189   0.015000
190   0.020000
191   0.025000
192  -0.005000
193   0.010000
194   0.025000
195   0.020000
196   0.030000
197  -0.035000
198  -0.070000
199   0.090000
200  -0.015000
201   0.020000
202  -0.045000
203   0.025000
204  -0.070000
205  -0.075000
206   0.055000
207  -0.065000
208   0.015000
209  -0.005000
210   0.070000
211  -0.015000
212  -0.050000
213   0.070000
214   0.005000
215  -0.045000
216  -0.030000
217   0.080000
218  -0.030000
219  -0.005000
220  -0.105000
221  -0.025000
222   0.035000
223  -0.015000
224  -0.030000
225   0.080000
226  -0.015000
227   0.055000
228   0.020000
229  -0.030000
230   0.015000
231   0.035000
232   0.025000
233   0.000000
234  -0.010000
235  -0.065000
236  -0.060000
237  -0.060000
238  -0.005000
239  -0.040000
240  -0.070000
241   0.005000
242  -0.045000
243  -0.060000
244   0.020000
245   0.070000
246   0.015000
247   0.080000
248  -0.045000
249  -0.045000
250   0.050000
251  -0.040000
252   0.040000
253  -0.050000
254  -0.010000
255  -0.005000
256   0.005000
257   0.045000
258  -0.030000
259  -0.015000
260   0.010000
261   0.065000
262  -0.025000
263   0.055000
264   0.055000
265   0.085000
266  -0.045000
267   0.005000
268   0.060000
269  -0.025000
270  -0.040000
271  -0.030000
272   0.020000
273   0.065000
274  -0.040000
275  -0.070000
276  -0.040000
277   0.040000
278   0.005000
279   0.040000
280   0.010000
281  -0.105000
282   0.085000
283   0.030000
284  -0.005000
285   0.045000
286   0.005000
287   0.025000
288  -0.100000
289   0.005000
290  -0.025000
291  -0.000000
292   0.035000
293  -0.080000
294  -0.020000
295  -0.010000
296   0.020000
297  -0.085000
298  -0.010000
299   0.005000
300   0.055000
301  -0.020000
302   0.020000
303   0.035000
304   0.060000
305   0.005000
306  -0.025000
307   0.060000
308   0.050000
309  -0.045000
310  -0.010000
311  -0.010000
312  -0.050000
313  -0.030000
314  -0.000000
315   0.080000
316  -0.080000
317   0.045000
318  -0.045000
319  -0.035000
320  -0.085000
321   0.040000
322   0.000000
323   0.030000
324   0.105000
325   0.020000
326   0.075000
327   0.110000
328  -0.050000
329  -0.075000
330   0.060000
331   0.035000
332  -0.070000
333   0.030000
334  -0.140000
335  -0.015000
336   0.040000
337   0.015000
338   0.045000
339   0.050000
340   0.030000
341  -0.060000
342   0.075000
343  -0.040000
344   0.030000
345  -0.050000
346   0.070000
347   0.025000
348   0.000000
349   0.090000
350   0.025000
351   0.005000
352  -0.100000
353   0.005000
354  -0.010000
355  -0.020000
356   0.055000
357   0.005000
358   0.005000
359  -0.015000
360  -0.030000
361   0.020000
362   0.035000
363   0.010000
364   0.035000
365   0.105000
366  -0.085000
367  -0.020000
368   0.060000
369   0.020000
370   0.035000
371  -0.015000
372  -0.025000
373   0.060000
374   0.050000
375  -0.085000
376   0.070000
377  -0.035000
378  -0.005000
379  -0.025000
380  -0.005000
381  -0.015000
382  -0.015000
383  -0.055000
384   0.030000
385   0.010000
386   0.050000
387   0.020000
388   0.045000
389   0.000000
390  -0.005000
391   0.010000
392  -0.035000
393   0.105000
394  -0.045000
395   0.010000
396   0.085000
397  -0.035000
398  -0.015000
399   0.000000
400  -0.015000
401   0.005000
402   0.020000
403   0.010000
404   0.000000
405  -0.030000
406  -0.055000
407  -0.100000
408  -0.010000
409  -0.135000
410   0.030000
411   0.065000
412  -0.070000
413   0.030000
414   0.040000
415   0.035000
416   0.030000
417  -0.065000
418  -0.090000
419   0.090000
420  -0.035000
421  -0.000000
422   0.035000
423   0.105000
424  -0.040000
425   0.050000
426   0.030000
427   0.025000
428   0.030000
429   0.005000
430   0.080000
431   0.040000
432  -0.000000
433   0.080000
434   0.130000
435  -0.070000
436  -0.035000
437   0.090000
438   0.035000
439   0.020000
440  -0.005000
441  -0.040000
442   0.100000
443   0.010000
444  -0.165000
445  -0.070000
446  -0.000000
447   0.020000
448   0.045000
449  -0.030000
450   0.060000
451  -0.020000
452   0.070000
453  -0.010000
454  -0.035000
455  -0.045000
456  -0.010000
457  -0.015000
458   0.055000
459   0.040000
460  -0.015000
461  -0.015000
462   0.065000
463   0.000000
464   0.055000
465   0.010000
466  -0.030000
467   0.020000
468  -0.075000
469   0.040000
470  -0.100000
471  -0.100000
472   0.005000
473  -0.005000
474   0.020000
475   0.025000
476   0.010000
477  -0.065000
478   0.055000
479  -0.035000
480  -0.045000
481   0.050000
482  -0.035000
483   0.025000
484  -0.015000
485  -0.065000
486   0.000000
487   0.000000
488   0.100000
489  -0.055000
490   0.025000
491  -0.035000
492   0.005000
493  -0.000000
494  -0.020000
495  -0.080000
496   0.010000
497   0.015000
498   0.030000
499   0.040000
500  -0.100000
-499   0.020000
-498   0.015000
-497  -0.070000
-496  -0.000000
-495   0.055000
-494   0.035000
-493   0.000000
-492   0.000000
-491  -0.010000
-490  -0.050000
-489  -0.025000
-488   0.030000
-487   0.030000
-486   0.015000
-485   0.010000
-484  -0.020000
-483   0.070000
-482  -0.110000
-481  -0.025000
-480  -0.035000
-479  -0.010000
-478  -0.020000
-477   0.065000
-476  -0.045000
-475  -0.010000
-474  -0.075000
-473   0.010000
-472   0.020000
-471  -0.015000
-470   0.025000
-469  -0.005000
-468  -0.025000
-467   0.030000
-466  -0.065000
-465  -0.010000
-464  -0.005000
-463   0.015000
-462  -0.040000
-461   0.000000
-460  -0.050000
-459   0.010000
-458  -0.070000
-457   0.025000
-456   0.025000
-455  -0.025000
-454   0.060000
-453  -0.015000
-452   0.045000
-451   0.050000
-450   0.060000
-449  -0.095000
-448   0.060000
-447  -0.065000
-446   0.010000
-445   0.060000
-444   0.010000
-443   0.090000
-442   0.035000
-441   0.030000
-440   0.090000
-439  -0.080000
-438  -0.010000
-437   0.020000
-436   0.080000
-435  -0.040000
-434  -0.070000
-433   0.050000
-432   0.030000
-431   0.080000
-430  -0.020000
-429   0.100000
-428   0.010000
-427   0.005000
-426  -0.005000
-425   0.030000
-424  -0.070000
-423  -0.075000
-422  -0.065000
-421  -0.010000
-420   0.035000
-419  -0.030000
-418  -0.010000
-417   0.040000
-416   0.000000
-415  -0.055000
-414   0.035000
-413   0.035000
-412   0.025000
-411  -0.035000
-410  -0.060000
-409   0.010000
-408   0.065000
-407  -0.005000
-406   0.040000
-405   0.090000
-404  -0.070000
-403   0.015000
-402  -0.005000
-401  -0.015000
-400   0.030000
-399  -0.035000
-398  -0.000000
-397   0.090000
-396  -0.005000
-395  -0.070000
-394   0.075000
-393  -0.030000
-392   0.065000
-391   0.015000
-390   0.020000
-389  -0.045000
-388  -0.025000
-387  -0.030000
-386  -0.120000
-385   0.025000
-384  -0.095000
-383  -0.055000
-382  -0.015000
-381  -0.040000
-380  -0.025000
-379  -0.050000
-378   0.090000
-377   0.050000
-376  -0.055000
-375  -0.025000
-374   0.030000
-373   0.025000
-372  -0.035000
-371   0.135000
-370  -0.060000
-369   0.040000
-368  -0.015000
-367  -0.040000
-366   0.035000
-365   0.025000
-364   0.030000
-363  -0.065000
-362   0.035000
-361  -0.040000
-360   0.000000
-359   0.040000
-358  -0.055000
-357  -0.055000
-356   0.015000
-355  -0.090000
-354  -0.105000
-353  -0.010000
-352  -0.005000
-351  -0.015000
-350   0.035000
-349   0.060000
-348   0.005000
-347  -0.095000
-346  -0.005000
-345   0.015000
-344  -0.025000
-343  -0.055000
-342  -0.025000
-341   0.060000
-340  -0.060000
-339   0.070000
-338   0.015000
-337   0.030000
-336   0.025000
-335  -0.035000
-334   0.080000
-333  -0.000000
-332  -0.045000
-331  -0.040000
-330   0.020000
-329  -0.000000
-328   0.015000
-327  -0.015000
-326  -0.050000
-325   0.010000
-324   0.015000
-323   0.035000
-322  -0.055000
-321   0.010000
-320   0.010000
-319  -0.150000
-318   0.035000
-317   0.035000
-316  -0.010000
-315   0.030000
-314   0.030000
-313  -0.065000
-312   0.020000
-311  -0.040000
-310   0.060000
-309   0.005000
-308  -0.020000
-307  -0.075000
-306   0.050000
-305  -0.015000
-304   0.045000
-303  -0.040000
-302  -0.035000
-301   0.025000
-300   0.055000
-299   0.015000
-298   0.025000
-297  -0.075000
-296  -0.010000
-295   0.030000
-294  -0.070000
-293  -0.025000
-292   0.030000
-291   0.050000
-290  -0.140000
-289  -0.010000
-288   0.005000
-287   0.085000
-286   0.005000
-285   0.000000
-284  -0.050000
-283  -0.110000
-282  -0.100000
-281  -0.015000
-280  -0.035000
-279   0.010000
-278  -0.045000
-277  -0.025000
-276   0.010000
-275   0.030000
-274  -0.030000
-273  -0.005000
-272  -0.005000
-271  -0.040000
-270   0.020000
-269  -0.090000
-268   0.000000
-267  -0.005000
-266  -0.055000
-265  -0.020000
-264  -0.100000
-263   0.000000
-262  -0.010000
-261   0.005000
-260  -0.010000
-259  -0.015000
-258  -0.005000
-257  -0.075000
-256   0.005000
-255  -0.045000
-254  -0.035000
-253  -0.075000
-252   0.045000
-251  -0.050000
-250   0.035000
-249   0.050000
-248   0.000000
-247   0.005000
-246  -0.010000
-245  -0.030000
-244   0.000000
-243   0.065000
-242   0.025000
-241   0.020000
-240  -0.065000
-239  -0.055000
-238   0.010000
-237   0.125000
-236  -0.035000
-235   0.010000
-234   0.045000
-233  -0.100000
-232   0.015000
-231   0.040000
-230   0.080000
-229  -0.040000
-228   0.020000
-227  -0.030000
-226  -0.085000
-225   0.005000
-224  -0.015000
-223   0.010000
-222  -0.095000
-221   0.090000
-220  -0.025000
-219   0.040000
-218   0.030000
-217   0.065000
-216   0.005000
-215  -0.050000
-214   0.010000
-213   0.050000
-212  -0.050000
-211   0.050000
-210   0.010000
-209   0.020000
-208   0.015000
-207  -0.030000
-206   0.040000
-205  -0.055000
-204  -0.045000
-203  -0.005000
-202   0.050000
-201  -0.055000
-200   0.015000
-199   0.015000
-198  -0.015000
-197   0.040000
-196   0.110000
-195  -0.005000
-194   0.005000
-193  -0.085000
-192   0.020000
-191  -0.070000
-190   0.015000
-189   0.080000
-188   0.040000
-187   0.085000
-186  -0.020000
-185  -0.060000
-184   0.060000
-183  -0.000000
-182  -0.025000
-181   0.025000
-180  -0.095000
-179   0.020000
-178  -0.010000
-177  -0.010000
-176   0.025000
-175  -0.020000
-174   0.010000
-173  -0.080000
-172  -0.015000
-171   0.020000
-170   0.030000
-169  -0.100000
-168  -0.005000
-167   0.000000
-166   0.060000
-165  -0.005000
-164   0.050000
-163   0.025000
-162  -0.005000
-161  -0.020000
-160  -0.035000
-159   0.020000
-158  -0.115000
-157   0.025000
-156  -0.010000
-155   0.020000
-154  -0.025000
-153  -0.075000
-152  -0.040000
-151   0.055000
-150   0.070000
-149  -0.005000
-148   0.050000
-147  -0.020000
-146  -0.020000
-145  -0.055000
-144  -0.045000
-143   0.040000
-142   0.035000
-141  -0.045000
-140   0.070000
-139  -0.080000
-138  -0.050000
-137   0.050000
-136   0.045000
-135   0.020000
-134  -0.010000
-133  -0.085000
-132   0.005000
-131   0.040000
-130  -0.015000
-129  -0.060000
-128   0.020000
-127   0.045000
-126  -0.020000
-125   0.010000
-124   0.005000
-123  -0.015000
-122  -0.020000
-121   0.030000
-120   0.015000
-119   0.030000
-118   0.020000
-117  -0.040000
-116  -0.050000
-115  -0.050000
-114  -0.005000
-113   0.070000
-112  -0.040000
-111   0.045000
-110   0.005000
-109   0.020000
-108   0.025000
-107   0.020000
-106  -0.020000
-105   0.045000
-104  -0.015000
-103   0.060000
-102  -0.055000
-101   0.005000
-100  -0.075000
-99   0.020000
-98   0.010000
-97  -0.045000
-96  -0.010000
-95   0.025000
-94   0.010000
-93   0.040000
-92   0.025000
-91   0.025000
-90  -0.120000
-89  -0.040000
-88   0.000000
-87   0.020000
-86   0.140000
-85  -0.020000
-84  -0.035000
-83  -0.050000
-82   0.000000
-81   0.020000
-80   0.040000
-79  -0.050000
-78   0.035000
-77  -0.030000
-76   0.010000
-75  -0.005000
-74  -0.060000
-73   0.030000
-72  -0.045000
-71   0.090000
-70  -0.025000
-69  -0.020000
-68  -0.070000
-67   0.030000
-66  -0.030000
-65   0.000000
-64   0.070000
-63  -0.100000
-62  -0.050000
-61   0.030000
-60  -0.005000
-59  -0.005000
-58   0.055000
-57   0.085000
-56   0.035000
-55  -0.040000
-54   0.025000
-53  -0.130000
-52  -0.040000
-51   0.020000
-50   0.010000
-49   0.005000
-48   0.120000
-47  -0.030000
-46   0.005000
-45  -0.010000
-44  -0.050000
-43  -0.020000
-42  -0.070000
-41   0.015000
-40  -0.075000
-39  -0.045000
-38  -0.035000
-37   0.090000
-36  -0.035000
-35  -0.075000
-34  -0.035000
-33  -0.025000
-32  -0.030000
-31   0.030000
-30  -0.025000
-29   0.010000
-28   0.015000
-27   0.115000
-26   0.060000
-25   0.000000
-24  -0.040000
-23  -0.035000
-22  -0.065000
-21  -0.045000
-20  -0.040000
-19   0.020000
-18   0.030000
-17   0.070000
-16   0.075000
-15   0.010000
-14   0.060000
-13   0.030000
-12  -0.040000
-11  -0.030000
-10  -0.010000
-9  -0.015000
-8   0.115000
-7   0.045000
-6  -0.040000
-5   0.030000
-4  -0.060000
-3  -0.080000
-2   0.005000
-1   0.020000
