0   0.105000
1  -0.030000
2   0.050000
3   0.010000
4   0.010000
5  -0.055000
6  -0.075000
7   0.010000
8   0.060000
9   0.085000
10  -0.020000
11  -0.015000
12   0.015000
13   0.015000
14   0.050000
15  -0.040000
16   0.050000
17   0.005000
18  -0.005000
19   0.100000
20   0.020000
21  -0.005000
22   0.085000
23   0.045000
24   0.035000
25   0.035000
26  -0.085000
27   0.025000
28  -0.060000
29   0.030000
30   0.020000
31  -0.040000
32   0.005000
33  -0.075000
34   0.035000
35   0.040000
36  -0.055000
37   0.050000
38   0.010000
39   0.025000
40   0.025000
41  -0.040000
42   0.010000
43  -0.015000
44   0.010000
45  -0.025000
46   0.015000
47  -0.020000
48   0.030000
49   0.085000
50   0.085000
51   0.115000
52  -0.005000
53  -0.025000
54   0.020000
55   0.015000
56  -0.080000
57   0.065000
58  -0.070000
59   0.065000
60  -0.045000
61  -0.015000
62  -0.005000
63  -0.010000
64   0.030000
65  -0.030000
66   0.060000
67  -0.080000
68  -0.015000
69  -0.040000
70   0.050000
71   0.015000
72   0.005000
73  -0.035000
74  -0.035000
75   0.090000
76  -0.065000
77  -0.015000
78   0.025000
79  -0.010000
80  -0.065000
81   0.125000
82   0.105000
83  -0.105000
84  -0.020000
85   0.040000
86  -0.030000
87   0.005000
88  -0.025000
89  -0.045000
90  -0.055000
91   0.040000
92  -0.030000
93   0.035000
94   0.045000
95  -0.025000
96   0.010000
97  -0.000000
98   0.045000
99   0.000000
100   0.025000
101   0.065000
102   0.040000
103   0.020000
104  -0.060000
105   0.045000
106   0.005000
107   0.000000
108  -0.030000
109   0.045000
110   0.035000
111   0.065000
112   0.005000
113   0.035000
114  -0.055000
115  -0.015000
116  -0.005000
117  -0.035000
118   0.030000
119   0.040000
120  -0.050000
121  -0.050000
122   0.040000
123   0.015000
124   0.045000
125  -0.040000
126  -0.010000
127   0.005000
128   0.060000
129   0.020000
130   0.070000
131  -0.105000
132   0.015000
133  -0.030000
134   0.070000
135  -0.010000
136  -0.025000
137   0.010000
138   0.110000
139   0.075000
140   0.055000
141  -0.010000
142  -0.020000
143   0.025000
144   0.035000
145  -0.040000
146   0.005000
147  -0.045000
148  -0.005000
149   0.005000
150  -0.050000
151  -0.025000
152   0.020000
153  -0.010000
154   0.005000
155   0.085000
156  -0.035000
157   0.010000
158  -0.085000
159  -0.010000
160  -0.020000
161   0.100000
162  -0.140000
163   0.020000
164   0.055000
165   0.065000
166  -0.020000
167   0.065000
168  -0.050000
169   0.050000
170   0.025000
171  -0.110000
172   0.060000
173  -0.050000
174  -0.110000
175   0.035000
176   0.075000
177   0.010000
178  -0.070000
179  -0.030000
180   0.010000
181   0.035000
182   0.065000
183  -0.040000
184   0.010000
185  -0.010000
186  -0.010000
187  -0.075000
188  -0.110000
189   0.070000
190   0.095000
191  -0.010000
192   0.005000
193   0.070000
194   0.005000
195   0.060000
196   0.030000
197  -0.125000
198   0.040000
199   0.020000
200   0.005000
201   0.030000
202   0.015000
203   0.045000
204  -0.030000
205   0.080000
206   0.035000
207  -0.025000
208   0.020000
209   0.035000
210  -0.065000
211  -0.040000
212  -0.045000
213   0.070000
214   0.050000
215  -0.085000
216  -0.065000
217   0.005000
218  -0.065000
219   0.015000
220   0.080000
221  -0.015000
222  -0.130000
223   0.025000
224  -0.070000
225  -0.025000
226  -0.005000
227   0.005000
228   0.000000
229  -0.020000
230  -0.025000
231  -0.010000
232  -0.005000
233   0.065000
234  -0.020000
235   0.020000
236   0.085000
237  -0.025000
238   0.015000
239   0.005000
240  -0.055000
241  -0.020000
242   0.000000
243   0.040000
244   0.010000
245   0.065000
246   0.035000
247   0.020000
248  -0.065000
249   0.000000
250  -0.060000
251   0.040000
252   0.015000
253   0.030000
254   0.020000
255   0.050000
256  -0.040000
257   0.015000
258  -0.030000
259  -0.015000
260  -0.035000
261   0.010000
262   0.060000
263   0.000000
264   0.005000
265   0.030000
266   0.070000
267  -0.005000
268   0.035000
269  -0.010000
270  -0.030000
271  -0.030000
272   0.015000
273   0.100000
274  -0.020000
275  -0.030000
276   0.000000
277  -0.145000
278   0.030000
279   0.015000
280   0.020000
281  -0.005000
282   0.010000
283  -0.085000
284   0.015000
285   0.005000
286   0.015000
287  -0.075000
288  -0.020000
289  -0.045000
290  -0.050000
291  -0.005000
292  -0.035000
293  -0.015000
294  -0.100000
295  -0.080000
296  -0.030000
297   0.055000
298   0.005000
299  -0.005000
300  -0.020000
301   0.030000
302   0.000000
303   0.025000
304  -0.045000
305  -0.040000
306   0.020000
307  -0.085000
308   0.055000
309  -0.040000
310   0.015000
311  -0.005000
312   0.020000
313   0.005000
314   0.070000
315   0.035000
316  -0.020000
317  -0.050000
318   0.055000
319   0.030000
320  -0.010000
321  -0.040000
322   0.065000
323  -0.050000
324   0.045000
325  -0.020000
326   0.060000
327  -0.030000
328   0.040000
329   0.065000
330   0.015000
331   0.050000
332  -0.060000
333   0.045000
334  -0.010000
335  -0.100000
336  -0.035000
337  -0.025000
338  -0.030000
339  -0.040000
340  -0.070000
341  -0.070000
342   0.050000
343  -0.040000
344  -0.035000
345   0.015000
346   0.035000
347  -0.055000
348  -0.075000
349   0.050000
350  -0.040000
351   0.000000
352  -0.005000
353   0.020000
354  -0.045000
355   0.075000
356   0.000000
357  -0.020000
358   0.080000
359   0.080000
360   0.010000
361   0.065000
362   0.020000
363  -0.000000
364  -0.015000
365   0.025000
366   0.015000
367   0.000000
368  -0.055000
369   0.085000
370   0.020000
371   0.010000
372   0.005000
373   0.015000
374   0.015000
375   0.020000
376  -0.040000
377  -0.005000
378  -0.015000
379  -0.050000
380   0.120000
381  -0.015000
382   0.090000
383   0.080000
384  -0.060000
385   0.090000
386  -0.090000
387   0.025000
388   0.070000
389   0.015000
390  -0.015000
391  -0.015000
392  -0.085000
393   0.060000
394   0.025000
395  -0.030000
396   0.065000
397   0.015000
398  -0.040000
399  -0.065000
400   0.025000
401  -0.040000
402  -0.050000
403   0.085000
404  -0.010000
405   0.185000
406   0.020000
407   0.025000
408   0.025000
409   0.065000
410   0.010000
411   0.045000
412   0.095000
413   0.010000
414  -0.015000
415  -0.080000
416  -0.015000
417   0.050000
418   0.030000
419  -0.055000
420  -0.010000
421   0.040000
422   0.015000
423   0.035000
424  -0.115000
425   0.015000
426  -0.020000
427   0.090000
428  -0.010000
429  -0.025000
430  -0.040000
431   0.050000
432   0.105000
433   0.070000
434   0.060000
435   0.050000
436   0.030000
437  -0.010000
438   0.105000
439  -0.085000
440   0.015000
441   0.005000
442  -0.045000
443   0.055000
444  -0.030000
445   0.020000
446  -0.015000
447   0.015000
448  -0.085000
449   0.055000
450   0.040000
451   0.035000
452   0.075000
453   0.050000
454  -0.015000
455   0.025000
456   0.005000
457  -0.010000
458   0.010000
459  -0.045000
460   0.000000
461  -0.035000
462   0.110000
463  -0.040000
464   0.035000
465   0.070000
466  -0.015000
467   0.040000
468   0.075000
469  -0.005000
470   0.035000
471   0.045000
472   0.050000
473  -0.035000
474  -0.085000
475  -0.010000
476   0.085000
477   0.080000
478   0.050000
479  -0.055000
480  -0.025000
481   0.045000
482  -0.045000
483   0.055000
484   0.030000
485  -0.040000
486  -0.055000
487  -0.015000
488  -0.020000
489   0.030000
490  -0.090000
491  -0.065000
492   0.015000
493   0.045000
494  -0.035000
495   0.040000
496  -0.085000
497  -0.065000
498  -0.025000
499  -0.010000
500   0.075000
-499  -0.045000
-498  -0.065000
-497   0.035000
-496  -0.020000
-495   0.030000
-494  -0.040000
-493  -0.015000
-492  -0.045000
-491   0.030000
-490   0.030000
-489   0.040000
-488  -0.045000
-487  -0.060000
-486  -0.050000
-485   0.065000
-484   0.005000
-483  -0.040000
-482   0.025000
-481  -0.010000
-480  -0.080000
-479   0.035000
-478  -0.015000
-477  -0.035000
-476  -0.050000
-475  -0.070000
-474   0.030000
-473  -0.045000
-472  -0.020000
-471   0.010000
-470   0.050000
-469  -0.085000
-468  -0.015000
-467   0.065000
-466   0.010000
-465  -0.010000
-464  -0.070000
-463  -0.020000
-462  -0.075000
-461  -0.035000
-460   0.005000
-459   0.015000
-458   0.020000
-457  -0.005000
-456   0.025000
-455  -0.005000
-454   0.110000
-453  -0.050000
-452   0.040000
-451   0.030000
-450   0.105000
-449  -0.005000
-448  -0.010000
-447   0.060000
-446  -0.000000
-445   0.025000
-444   0.090000
-443  -0.005000
-442  -0.010000
-441  -0.005000
-440  -0.025000
-439   0.045000
-438   0.010000
-437   0.050000
-436  -0.030000
-435  -0.045000
-434   0.015000
-433   0.010000
-432  -0.005000
-431  -0.010000
-430  -0.020000
-429  -0.005000
-428   0.010000
-427  -0.045000
-426   0.040000
-425   0.010000
-424  -0.015000
-423   0.055000
-422   0.065000
-421  -0.025000
-420  -0.015000
-419   0.045000
-418  -0.010000
-417  -0.030000
-416  -0.045000
-415  -0.015000
-414  -0.005000
-413   0.050000
-412   0.065000
-411  -0.085000
-410   0.000000
-409   0.020000
-408   0.000000
-407  -0.025000
-406  -0.065000
-405   0.010000
-404  -0.035000
-403  -0.025000
-402   0.075000
-401  -0.065000
-400   0.075000
-399   0.060000
-398  -0.060000
-397  -0.055000
-396   0.005000
-395  -0.030000
-394   0.025000
-393   0.070000
-392   0.035000
-391  -0.095000
-390   0.005000
-389   0.010000
-388  -0.010000
-387  -0.055000
-386   0.045000
-385   0.015000
-384  -0.015000
-383   0.105000
-382   0.020000
-381  -0.090000
-380   0.025000
-379  -0.070000
-378  -0.055000
-377  -0.010000
-376  -0.100000
-375  -0.065000
-374   0.055000
-373  -0.065000
-372  -0.030000
-371  -0.045000
-370  -0.025000
-369  -0.020000
-368  -0.130000
-367  -0.025000
-366   0.110000
-365  -0.070000
-364  -0.080000
-363  -0.150000
-362  -0.015000
-361  -0.040000
-360   0.010000
-359   0.030000
-358   0.040000
-357  -0.075000
-356   0.015000
-355   0.030000
-354   0.005000
-353   0.010000
-352   0.025000
-351   0.055000
-350  -0.025000
-349   0.140000
-348   0.040000
-347  -0.065000
-346   0.015000
-345   0.020000
-344  -0.025000
-343   0.010000
-342   0.035000
-341   0.090000
-340   0.000000
-339   0.065000
-338   0.020000
-337   0.035000
-336  -0.055000
-335  -0.030000
-334   0.035000
-333   0.060000
-332   0.060000
-331  -0.055000
-330   0.095000
-329  -0.010000
-328   0.040000
-327   0.015000
-326   0.065000
-325  -0.045000
-324   0.005000
-323   0.005000
-322  -0.080000
-321   0.075000
-320   0.045000
-319  -0.035000
-318   0.055000
-317  -0.025000
-316   0.025000
-315   0.050000
-314  -0.045000
-313   0.035000
-312   0.010000
-311   0.105000
-310   0.010000
-309   0.015000
-308  -0.000000
-307   0.010000
-306   0.035000
-305  -0.020000
-304  -0.015000
-303   0.045000
-302  -0.070000
-301  -0.050000
-300  -0.065000
-299   0.055000
-298   0.075000
-297  -0.080000
-296  -0.045000
-295   0.055000
-294  -0.030000
-293  -0.120000
-292  -0.035000
-291   0.095000
-290  -0.075000
-289  -0.015000
-288  -0.010000
-287  -0.020000
-286   0.010000
-285   0.085000
-284  -0.035000
-283   0.045000
-282  -0.035000
-281  -0.015000
-280  -0.070000
-279  -0.090000
-278  -0.030000
-277  -0.030000
-276  -0.055000
-275  -0.075000
-274  -0.005000
-273   0.020000
-272  -0.070000
-271   0.075000
-270  -0.045000
-269  -0.025000
-268   0.085000
-267  -0.060000
-266  -0.055000
-265   0.045000
-264  -0.020000
-263  -0.005000
-262  -0.020000
-261  -0.040000
-260   0.035000
-259  -0.055000
-258   0.010000
-257   0.005000
-256   0.010000
-255  -0.025000
-254   0.055000
-253  -0.025000
-252   0.025000
-251  -0.025000
-250  -0.090000
-249  -0.045000
-248  -0.025000
-247  -0.030000
-246   0.025000
-245   0.095000
-244   0.070000
-243  -0.055000
-242  -0.035000
-241  -0.085000
-240  -0.005000
-239  -0.060000
-238   0.095000
-237   0.055000
-236  -0.020000
-235  -0.015000
-234  -0.105000
-233   0.065000
-232  -0.040000
-231  -0.045000
-230  -0.035000
-229  -0.050000
-228  -0.020000
-227  -0.010000
-226   0.005000
-225   0.000000
-224   0.015000
-223   0.055000
-222  -0.030000
-221  -0.120000
-220  -0.050000
-219   0.045000
-218  -0.020000
-217  -0.005000
-216   0.000000
-215  -0.070000
-214   0.010000
-213  -0.075000
-212  -0.050000
-211   0.005000
-210   0.020000
-209   0.055000
-208  -0.010000
-207  -0.075000
-206  -0.035000
-205   0.110000
-204  -0.025000
-203  -0.010000
-202   0.025000
-201   0.050000
-200  -0.060000
-199   0.050000
-198  -0.020000
-197   0.035000
-196   0.045000
-195   0.010000
-194  -0.030000
-193   0.115000
-192  -0.015000
-191   0.015000
-190   0.015000
-189  -0.010000
-188   0.065000
-187   0.040000
-186  -0.035000
-185   0.020000
-184  -0.020000
-183  -0.050000
-182   0.030000
-181   0.000000
-180   0.025000
-179   0.015000
-178  -0.065000
-177   0.005000
-176  -0.045000
-175   0.005000
-174   0.005000
-173   0.015000
-172   0.020000
-171   0.005000
-170  -0.045000
-169  -0.070000
-168   0.075000
-167   0.035000
-166  -0.075000
-165  -0.055000
-164  -0.015000
-163  -0.035000
-162   0.005000
-161   0.005000
-160   0.110000
-159   0.000000
-158   0.010000
-157   0.060000
-156  -0.000000
-155   0.050000
-154   0.010000
-153  -0.050000
-152  -0.035000
-151   0.025000
-150  -0.015000
-149   0.000000
-148  -0.020000
-147   0.035000
-146   0.135000
-145  -0.010000
-144  -0.080000
-143   0.050000
-142   0.100000
-141   0.010000
-140   0.015000
-139  -0.065000
-138  -0.005000
-137   0.000000
-136  -0.050000
-135   0.005000
-134   0.005000
-133  -0.075000
-132   0.025000
-131  -0.030000
-130  -0.020000
-129   0.050000
-128   0.010000
-127  -0.030000
-126   0.010000
-125  -0.060000
-124   0.020000
-123  -0.010000
-122  -0.070000
-121  -0.065000
-120   0.035000
-119   0.030000
-118  -0.055000
-117  -0.035000
-116  -0.030000
-115   0.040000
-114   0.015000
-113   0.030000
-112   0.025000
-111   0.020000
-110   0.035000
-109  -0.035000
-108   0.050000
-107  -0.040000
-106   0.055000
-105  -0.050000
-104   0.055000
-103  -0.010000
-102   0.000000
-101   0.135000
-100   0.020000
-99   0.010000
-98   0.045000
-97   0.010000
-96   0.015000
-95   0.010000
-94   0.000000
-93  -0.010000
-92   0.005000
-91   0.005000
-90  -0.100000
-89   0.010000
-88   0.000000
-87  -0.065000
-86   0.015000
-85  -0.070000
-84   0.035000
-83  -0.025000
-82   0.055000
-81  -0.025000
-80  -0.020000
-79  -0.050000
-78  -0.100000
-77  -0.030000
-76  -0.040000
-75   0.035000
-74   0.095000
-73  -0.045000
-72   0.000000
-71  -0.035000
-70   0.015000
-69   0.075000
-68   0.015000
-67  -0.055000
-66  -0.060000
-65  -0.010000
-64   0.070000
-63  -0.050000
-62  -0.060000
-61   0.005000
-60   0.040000
-59   0.005000
-58  -0.005000
-57  -0.070000
-56   0.075000
-55  -0.020000
-54  -0.025000
-53   0.035000
-52  -0.035000
-51   0.025000
-50   0.070000
-49  -0.130000
-48   0.010000
-47   0.005000
-46  -0.030000
-45   0.035000
-44   0.025000
-43   0.055000
-42   0.100000
-41   0.065000
-40  -0.055000
-39  -0.095000
-38   0.005000
-37  -0.060000
-36  -0.005000
-35   0.010000
-34   0.010000
-33  -0.000000
-32   0.035000
-31  -0.050000
-30   0.045000
-29   0.020000
-28  -0.045000
-27   0.020000
-26   0.025000
-25  -0.005000
-24   0.075000
-23  -0.065000
-22  -0.035000
-21  -0.015000
-20  -0.015000
-19  -0.025000
-18   0.005000
-17  -0.050000
-16   0.040000
-15  -0.050000
-14   0.055000
-13   0.035000
-12   0.010000
-11   0.035000
-10   0.015000
-9   0.065000
-8   0.055000
-7   0.055000
-6   0.000000
-5   0.020000
-4  -0.040000
-3  -0.050000
-2   0.040000
-1  -0.045000
